2 1.4771212547196624
3 1.6020599913279625
15 2.0413926851582254
17 1.4771212547196624
25 1.845098040014257
29 1.6020599913279625
34 1.7781512503836436
37 1.6989700043360187
42 1.7781512503836436
45 2.342422680822206
47 2.0
50 1.9030899869919435
52 1.0
57 1.6020599913279625
62 1.6989700043360187
69 1.7781512503836436
73 1.6989700043360187
78 1.7781512503836436
79 1.6989700043360187
80 1.9030899869919435
86 1.4771212547196624
88 1.845098040014257
91 1.9030899869919435
96 2.230448921378274
99 1.6020599913279625
103 1.3010299956639813
107 2.3979400086720375
110 2.0
111 1.3010299956639813
112 2.0
115 1.7781512503836436
116 1.7781512503836436
117 1.3010299956639813
122 1.3010299956639813
123 2.113943352306837
124 2.113943352306837
133 1.9542425094393248
134 1.7781512503836436
141 2.278753600952829
142 2.079181246047625
143 1.845098040014257
147 2.0
155 1.6020599913279625
160 1.0
168 1.7781512503836436
170 2.57978359661681
171 1.6020599913279625
176 2.079181246047625
179 1.6989700043360187
180 2.0413926851582254
181 1.0
182 2.1760912590556813
183 2.414973347970818
185 2.1760912590556813
190 2.0
192 1.6989700043360187
193 2.113943352306837
194 1.9030899869919435
200 2.079181246047625
201 2.0
203 1.7781512503836436
204 2.255272505103306
207 2.146128035678238
209 2.838849090737255
211 2.778151250383644
213 1.9030899869919435
217 1.9030899869919435
220 2.079181246047625
221 1.7781512503836436
222 2.204119982655925
229 1.9030899869919435
235 2.0
238 1.845098040014257
240 1.6989700043360187
241 1.0
244 1.6989700043360187
246 1.9542425094393248
248 1.9030899869919435
249 2.0
251 1.845098040014257
253 1.6020599913279625
257 1.6989700043360187
264 1.6020599913279625
265 2.3222192947339195
268 1.845098040014257
271 1.845098040014257
273 2.255272505103306
274 2.462397997898956
275 1.3010299956639813
277 1.7781512503836436
280 1.9030899869919435
284 1.0
288 1.4771212547196624
291 2.1760912590556813
293 1.0
300 2.0413926851582254
303 1.3010299956639813
305 2.113943352306837
306 2.361727836017593
308 1.6020599913279625
310 1.6989700043360187
316 2.146128035678238
326 1.3010299956639813
327 2.0
328 1.7781512503836436
330 2.0
337 2.3979400086720375
338 1.7781512503836436
340 1.4771212547196624
344 1.9542425094393248
346 2.0413926851582254
349 1.4771212547196624
354 2.230448921378274
360 1.0
361 2.0
364 2.5440680443502757
366 2.0
367 1.6989700043360187
377 1.6989700043360187
382 1.7781512503836436
385 1.6989700043360187
388 2.1760912590556813
393 1.7781512503836436
394 1.6989700043360187
396 2.146128035678238
398 2.230448921378274
399 1.0
403 1.6020599913279625
404 1.3010299956639813
409 2.079181246047625
411 1.6020599913279625
414 1.6989700043360187
421 1.3010299956639813
425 1.4771212547196624
427 1.3010299956639813
428 1.4771212547196624
432 1.3010299956639813
436 1.7781512503836436
443 1.7781512503836436
446 1.9030899869919435
447 1.6020599913279625
449 1.6020599913279625
455 1.0
457 2.1760912590556813
458 3.639486489268586
462 1.3010299956639813
463 1.9542425094393248
464 1.3010299956639813
466 1.6020599913279625
468 2.146128035678238
475 1.3010299956639813
482 2.146128035678238
484 2.230448921378274
486 1.4771212547196624
487 1.845098040014257
488 1.845098040014257
493 1.9542425094393248
494 1.3010299956639813
498 1.845098040014257
501 2.079181246047625
504 1.7781512503836436
510 2.079181246047625
512 1.9542425094393248
520 1.6020599913279625
521 1.0
524 1.3010299956639813
526 2.0
527 1.6989700043360187
528 1.7781512503836436
530 1.6020599913279625
532 1.845098040014257
535 2.1760912590556813
536 1.4771212547196624
538 1.7781512503836436
541 1.3010299956639813
542 1.6989700043360187
543 1.845098040014257
544 1.845098040014257
545 1.845098040014257
546 1.3010299956639813
549 1.9030899869919435
551 2.113943352306837
556 2.0
560 2.255272505103306
565 2.0
566 2.204119982655925
567 1.7781512503836436
568 1.9030899869919435
569 1.9030899869919435
571 2.113943352306837
580 2.204119982655925
586 2.278753600952829
587 1.845098040014257
588 2.0413926851582254
591 1.7781512503836436
592 1.845098040014257
597 2.0
598 2.0
599 1.7781512503836436
600 1.3010299956639813
602 1.7781512503836436
603 1.7781512503836436
609 2.113943352306837
611 1.3010299956639813
613 1.3010299956639813
615 2.146128035678238
619 2.079181246047625
622 1.3010299956639813
624 1.9030899869919435
629 1.4771212547196624
630 2.079181246047625
637 2.146128035678238
638 1.4771212547196624
650 1.6989700043360187
652 1.0
659 1.4771212547196624
663 1.3010299956639813
670 1.6020599913279625
682 2.1760912590556813
683 1.7781512503836436
684 1.3010299956639813
690 1.6020599913279625
702 1.3010299956639813
703 1.0
704 1.9030899869919435
706 1.6989700043360187
707 2.113943352306837
716 1.6020599913279625
717 1.6020599913279625
718 1.0
720 1.845098040014257
724 1.3010299956639813
738 1.0
739 1.3010299956639813
742 1.3010299956639813
743 1.845098040014257
749 1.9030899869919435
751 1.9542425094393248
752 1.4771212547196624
755 1.6020599913279625
760 1.0
761 2.146128035678238
768 1.845098040014257
769 1.0
771 2.079181246047625
772 1.9542425094393248
778 1.6989700043360187
780 1.7781512503836436
781 1.6020599913279625
783 2.0413926851582254
784 2.146128035678238
789 1.9542425094393248
791 1.4771212547196624
793 1.4771212547196624
798 1.7781512503836436
800 1.9030899869919435
805 1.845098040014257
808 2.0
810 2.0
815 2.0413926851582254
816 1.7781512503836436
817 1.6020599913279625
818 1.6020599913279625
821 1.4771212547196624
829 2.113943352306837
831 2.0413926851582254
836 1.9542425094393248
837 1.4771212547196624
838 2.0413926851582254
847 1.9030899869919435
849 2.113943352306837
850 1.9030899869919435
852 1.6020599913279625
853 1.6989700043360187
854 2.230448921378274
864 1.6020599913279625
865 1.6020599913279625
868 1.845098040014257
869 1.845098040014257
873 1.9542425094393248
876 2.1760912590556813
879 1.6020599913279625
881 1.7781512503836436
887 1.9030899869919435
888 1.9030899869919435
893 2.0
897 1.3010299956639813
899 2.0413926851582254
903 1.9030899869919435
910 2.0413926851582254
912 2.0413926851582254
916 1.845098040014257
921 2.3010299956639813
923 1.6989700043360187
925 2.0413926851582254
926 2.278753600952829
934 1.6020599913279625
935 2.079181246047625
936 1.6020599913279625
940 1.845098040014257
941 1.6020599913279625
943 1.9542425094393248
944 1.9542425094393248
945 1.6989700043360187
951 2.342422680822206
952 2.079181246047625
960 1.845098040014257
962 1.3010299956639813
964 1.845098040014257
965 2.0
966 1.9030899869919435
969 2.230448921378274
975 2.0
977 1.6020599913279625
984 2.1760912590556813
985 1.7781512503836436
989 1.9542425094393248
991 2.230448921378274
993 2.113943352306837
994 2.3010299956639813
996 2.146128035678238
1002 2.1760912590556813
1010 1.7781512503836436
1013 1.9030899869919435
1015 2.255272505103306
1016 2.591064607026499
1019 1.0
1020 2.230448921378274
1022 2.204119982655925
1027 1.4771212547196624
1028 1.6989700043360187
1030 1.3010299956639813
1040 1.3010299956639813
1042 1.4771212547196624
1044 1.3010299956639813
1047 2.0413926851582254
1051 2.079181246047625
1052 1.845098040014257
1054 1.4771212547196624
1055 1.7781512503836436
1056 1.3010299956639813
1068 1.7781512503836436
1070 1.6020599913279625
1077 1.3010299956639813
1081 1.0
1084 1.4771212547196624
1086 1.6020599913279625
1092 1.6989700043360187
1096 2.0
1098 1.6989700043360187
1104 1.0
1115 2.230448921378274
1116 2.230448921378274
1119 1.7781512503836436
1123 2.278753600952829
1126 2.204119982655925
1127 1.6020599913279625
1128 1.6020599913279625
1133 1.0
1134 1.0
1135 1.6989700043360187
1136 1.6989700043360187
1139 2.146128035678238
1140 2.3979400086720375
1150 2.380211241711606
1151 2.0413926851582254
1152 1.6989700043360187
1155 1.9542425094393248
1159 1.6020599913279625
1165 2.1760912590556813
1172 1.0
1173 1.6989700043360187
1174 1.3010299956639813
1175 1.0
1177 1.3010299956639813
1188 2.079181246047625
1190 2.342422680822206
1196 1.4771212547196624
1198 1.845098040014257
1204 1.6020599913279625
1211 1.6989700043360187
1214 1.6020599913279625
1218 2.230448921378274
1219 1.3010299956639813
1228 2.204119982655925
1233 1.7781512503836436
1235 2.0
1236 1.6020599913279625
1239 1.4771212547196624
1243 1.7781512503836436
1244 2.146128035678238
1245 2.1760912590556813
1246 1.4771212547196624
1247 2.0413926851582254
1259 2.0413926851582254
1262 2.8750612633917
1264 1.6020599913279625
1266 2.255272505103306
1267 1.9542425094393248
1268 1.845098040014257
1269 2.8750612633917
1270 2.079181246047625
1274 1.6020599913279625
1275 1.3010299956639813
1281 1.9030899869919435
1282 1.3010299956639813
1284 1.6989700043360187
1286 1.845098040014257
1289 1.0
1293 1.9542425094393248
1298 2.681241237375587
1301 1.7781512503836436
1304 2.113943352306837
1305 1.3010299956639813
1307 1.845098040014257
1309 1.9542425094393248
1314 1.3010299956639813
1321 2.0
