3 1.3010299956639813
6 1.0
13 1.6020599913279625
37 1.4771212547196624
41 1.0
45 1.845098040014257
47 1.4771212547196624
56 1.6020599913279625
58 1.3010299956639813
61 1.0
62 1.0
67 1.0
72 1.4771212547196624
73 1.6020599913279625
81 1.3010299956639813
83 1.0
84 1.3010299956639813
87 1.0
88 1.0
89 1.3010299956639813
90 1.3010299956639813
96 1.3010299956639813
100 1.0
107 1.9542425094393248
112 1.3010299956639813
115 1.0
118 1.0
120 1.3010299956639813
121 1.0
126 1.3010299956639813
127 1.6020599913279625
136 1.4771212547196624
141 1.0
144 1.6020599913279625
145 1.0
146 1.7781512503836436
149 1.4771212547196624
151 1.6989700043360187
158 1.0
164 1.3010299956639813
172 1.0
176 1.6020599913279625
177 1.3010299956639813
180 1.4771212547196624
182 1.3010299956639813
183 1.3010299956639813
189 1.6989700043360187
191 1.3010299956639813
192 1.4771212547196624
195 1.6989700043360187
203 1.3010299956639813
204 1.4771212547196624
209 1.7781512503836436
210 1.3010299956639813
211 1.7781512503836436
212 1.3010299956639813
217 1.0
220 1.3010299956639813
223 1.0
224 1.4771212547196624
229 1.0
230 1.6020599913279625
231 1.0
234 1.4771212547196624
237 1.3010299956639813
243 1.0
251 1.3010299956639813
252 1.3010299956639813
254 1.3010299956639813
260 1.3010299956639813
265 1.3010299956639813
269 1.0
271 1.0
274 2.0
276 1.0
277 1.3010299956639813
279 1.0
281 1.3010299956639813
283 1.0
290 1.0
296 1.6989700043360187
306 1.6989700043360187
327 1.0
328 1.4771212547196624
329 1.3010299956639813
334 1.0
336 1.3010299956639813
337 1.4771212547196624
338 1.0
340 1.3010299956639813
344 1.4771212547196624
346 1.6020599913279625
350 1.0
356 1.0
361 1.6989700043360187
369 1.3010299956639813
372 1.0
376 1.3010299956639813
378 1.9030899869919435
379 1.6020599913279625
380 1.3010299956639813
382 1.0
391 1.0
398 1.6989700043360187
412 1.4771212547196624
414 1.3010299956639813
415 1.3010299956639813
417 1.3010299956639813
420 1.0
425 1.0
431 1.0
432 1.0
436 1.3010299956639813
437 1.0
441 1.3010299956639813
443 1.0
446 1.3010299956639813
451 1.0
458 1.845098040014257
468 1.0
471 1.3010299956639813
476 1.0
477 1.3010299956639813
484 1.3010299956639813
491 1.3010299956639813
501 1.4771212547196624
504 1.3010299956639813
510 1.3010299956639813
527 1.0
529 1.0
533 1.7781512503836436
535 1.6020599913279625
543 1.3010299956639813
544 1.3010299956639813
565 1.7781512503836436
566 1.0
568 1.0
569 1.0
572 1.0
573 1.0
574 1.0
576 1.0
578 1.0
586 1.9542425094393248
587 1.6989700043360187
588 1.6989700043360187
601 1.0
608 1.0
620 1.4771212547196624
635 1.6020599913279625
636 1.0
643 1.6989700043360187
651 1.0
657 1.0
664 1.3010299956639813
666 1.3010299956639813
674 1.0
675 1.0
679 1.0
681 1.3010299956639813
682 1.3010299956639813
686 1.4771212547196624
687 1.3010299956639813
689 1.3010299956639813
693 1.0
697 1.4771212547196624
704 1.4771212547196624
707 1.3010299956639813
714 1.4771212547196624
715 1.4771212547196624
716 1.3010299956639813
717 1.0
720 1.0
725 1.6989700043360187
727 1.4771212547196624
728 1.4771212547196624
733 1.845098040014257
739 1.0
755 1.0
756 1.0
759 1.0
761 1.3010299956639813
765 1.0
766 1.3010299956639813
767 1.0
768 1.3010299956639813
773 1.0
776 1.3010299956639813
779 1.3010299956639813
790 1.4771212547196624
795 1.4771212547196624
797 1.4771212547196624
806 1.0
809 1.7781512503836436
811 1.4771212547196624
815 1.6020599913279625
817 1.0
818 1.0
831 1.0
838 1.4771212547196624
839 1.0
840 1.0
841 1.0
845 1.0
862 1.6989700043360187
868 1.4771212547196624
869 1.4771212547196624
871 1.3010299956639813
883 1.4771212547196624
889 1.3010299956639813
890 1.3010299956639813
895 1.4771212547196624
897 1.0
901 1.0
909 1.0
915 1.4771212547196624
917 1.0
918 1.0
921 1.4771212547196624
923 1.0
929 1.6020599913279625
931 1.0
935 1.0
941 1.3010299956639813
943 1.0
944 1.0
948 1.4771212547196624
950 1.3010299956639813
959 1.0
969 1.0
976 1.0
977 1.0
982 1.6020599913279625
989 1.3010299956639813
991 1.4771212547196624
1003 1.3010299956639813
1006 1.6020599913279625
1016 1.4771212547196624
1020 1.4771212547196624
1025 1.3010299956639813
1027 1.0
1029 1.0
1034 1.3010299956639813
1040 1.0
1042 1.0
1047 1.3010299956639813
1049 1.4771212547196624
1053 2.113943352306837
1055 1.3010299956639813
1065 1.4771212547196624
1066 1.3010299956639813
1074 1.6020599913279625
1075 1.6020599913279625
1078 1.0
1095 1.3010299956639813
1110 1.3010299956639813
1121 1.4771212547196624
1123 1.3010299956639813
1129 1.4771212547196624
1130 1.4771212547196624
1141 1.0
1142 1.0
1145 1.3010299956639813
1146 1.3010299956639813
1147 1.3010299956639813
1148 1.3010299956639813
1150 1.3010299956639813
1153 1.3010299956639813
1154 1.4771212547196624
1157 1.6020599913279625
1161 1.3010299956639813
1163 1.0
1165 1.6989700043360187
1170 1.4771212547196624
1185 1.0
1193 1.7781512503836436
1198 1.4771212547196624
1201 1.0
1214 1.3010299956639813
1223 1.0
1226 1.0
1228 1.845098040014257
1244 1.3010299956639813
1245 1.3010299956639813
1247 1.3010299956639813
1259 1.6989700043360187
1262 1.6989700043360187
1263 1.6989700043360187
1265 1.0
1266 1.845098040014257
1267 1.0
1268 1.0
1269 1.7781512503836436
1270 1.4771212547196624
1274 1.0
1276 2.0
1280 1.0
1281 1.0
1284 1.3010299956639813
1287 1.3010299956639813
1290 1.0
1294 1.3010299956639813
1297 1.0
1298 1.3010299956639813
1304 1.0
1318 1.3010299956639813
