9 1.3010299956639813
13 1.3010299956639813
17 1.0
21 1.6020599913279625
34 1.0
56 1.0
58 1.0
65 1.3010299956639813
72 1.3010299956639813
73 1.0
74 1.9542425094393248
78 1.3010299956639813
92 1.0
99 1.0
106 1.3010299956639813
107 1.845098040014257
108 1.0
110 1.3010299956639813
126 1.0
127 1.3010299956639813
132 1.6020599913279625
139 1.0
146 1.6020599913279625
150 1.0
152 1.6020599913279625
157 1.7781512503836436
163 1.3010299956639813
184 1.3010299956639813
185 1.3010299956639813
189 1.3010299956639813
191 1.0
197 1.0
203 1.0
207 1.6020599913279625
237 1.0
256 1.3010299956639813
270 1.845098040014257
274 1.7781512503836436
281 1.0
289 1.4771212547196624
292 1.0
296 1.6020599913279625
301 1.0
316 1.3010299956639813
344 1.0
352 1.0
353 1.0
354 1.3010299956639813
361 1.6020599913279625
378 1.0
386 1.0
396 1.3010299956639813
402 1.0
412 1.0
435 1.0
445 1.3010299956639813
533 1.6020599913279625
554 1.0
587 1.3010299956639813
595 1.3010299956639813
609 1.6989700043360187
615 1.3010299956639813
622 1.0
630 1.0
643 1.4771212547196624
664 1.0
670 1.0
671 1.3010299956639813
677 1.3010299956639813
686 1.3010299956639813
687 1.0
696 1.3010299956639813
697 1.0
698 1.0
728 1.0
729 1.4771212547196624
787 1.3010299956639813
792 1.0
809 1.3010299956639813
814 1.0
829 1.0
843 1.3010299956639813
849 1.3010299956639813
850 1.6020599913279625
851 1.3010299956639813
861 1.0
864 1.0
868 1.3010299956639813
869 1.3010299956639813
875 1.0
881 1.0
903 1.6020599913279625
910 1.3010299956639813
915 1.3010299956639813
924 1.0
939 1.0
949 1.0
960 1.0
996 1.0
1002 1.0
1003 1.0
1005 1.0
1011 1.0
1012 1.0
1017 1.0
1018 1.0
1020 1.0
1028 1.3010299956639813
1035 1.0
1052 1.0
1057 1.0
1058 1.0
1069 1.0
1097 1.0
1099 1.4771212547196624
1114 1.0
1129 1.0
1130 1.0
1152 1.3010299956639813
1162 1.0
1165 1.4771212547196624
1168 1.4771212547196624
1193 1.0
1196 1.0
1218 1.6020599913279625
1231 1.0
1234 1.0
1270 1.0
1275 1.0
1276 1.7781512503836436
1292 1.0
1318 1.0
