48 1.0
50 1.0
64 1.0
84 1.0
90 1.0
115 1.0
118 1.3010299956639813
123 1.3010299956639813
124 1.3010299956639813
133 1.3010299956639813
136 1.7781512503836436
180 1.3010299956639813
182 1.0
195 1.0
204 1.4771212547196624
209 1.0
211 1.4771212547196624
213 1.0
230 1.3010299956639813
247 1.0
248 1.0
249 1.0
252 1.0
257 1.3010299956639813
271 1.0
273 1.0
278 1.0
280 1.0
302 1.0
330 1.0
334 1.6020599913279625
335 1.0
363 1.0
383 1.0
386 1.0
391 1.0
393 1.0
414 1.0
446 1.0
447 1.0
458 2.0
459 1.0
468 1.3010299956639813
472 1.0
484 1.3010299956639813
488 1.0
493 1.0
498 1.0
501 1.0
509 1.0
510 1.3010299956639813
529 1.0
535 1.0
539 1.0
549 1.0
552 1.0
566 1.0
568 1.0
569 1.0
571 1.3010299956639813
597 1.3010299956639813
598 1.3010299956639813
601 1.3010299956639813
647 1.0
651 1.3010299956639813
687 1.0
689 1.0
694 1.0
699 1.0
706 1.0
711 1.0
714 1.3010299956639813
720 1.0
721 1.0
733 1.3010299956639813
749 1.0
763 1.0
770 1.3010299956639813
781 1.0
785 1.3010299956639813
810 1.3010299956639813
819 1.0
839 1.0
840 1.0
851 1.0
883 1.0
891 1.0
912 1.3010299956639813
914 1.0
926 1.3010299956639813
946 1.0
948 1.0
954 1.4771212547196624
956 1.3010299956639813
959 1.4771212547196624
963 1.0
969 1.3010299956639813
973 1.0
988 1.0
991 1.0
996 1.0
1005 1.3010299956639813
1013 1.3010299956639813
1014 1.0
1015 1.6020599913279625
1016 1.7781512503836436
1022 1.6020599913279625
1033 1.0
1057 1.6020599913279625
1058 1.6020599913279625
1059 1.0
1064 1.0
1070 1.0
1086 1.0
1092 1.0
1137 1.3010299956639813
1138 1.3010299956639813
1139 1.6989700043360187
1140 1.6989700043360187
1141 1.0
1142 1.0
1145 1.0
1146 1.0
1149 1.0
1150 1.4771212547196624
1153 1.3010299956639813
1155 1.0
1165 1.3010299956639813
1198 1.0
1233 1.0
1236 1.0
1245 1.0
1254 1.0
1262 1.9542425094393248
1263 1.6989700043360187
1269 1.845098040014257
1270 1.3010299956639813
1281 1.3010299956639813
1286 1.4771212547196624
1293 1.0
1298 1.3010299956639813
1304 1.0
1307 1.0
1317 1.3010299956639813
