15 1.4771212547196624
20 1.3010299956639813
21 1.0
38 1.6989700043360187
47 1.0
58 1.0
62 1.0
65 1.3010299956639813
74 1.3010299956639813
76 1.0
86 1.0
90 1.0
93 1.0
94 1.3010299956639813
96 1.4771212547196624
98 1.0
100 1.0
107 1.3010299956639813
118 1.0
122 1.0
133 1.3010299956639813
136 1.0
175 1.0
176 1.0
180 1.4771212547196624
190 1.3010299956639813
191 1.3010299956639813
193 1.0
200 1.0
201 1.0
203 1.0
204 1.0
207 1.6989700043360187
209 1.0
224 1.3010299956639813
229 1.0
247 1.0
251 1.0
265 1.3010299956639813
273 1.3010299956639813
280 1.3010299956639813
282 1.4771212547196624
283 1.3010299956639813
289 1.0
294 1.0
305 1.0
306 1.3010299956639813
309 1.0
326 1.0
327 1.3010299956639813
333 1.3010299956639813
354 1.4771212547196624
369 1.0
370 1.0
373 1.3010299956639813
376 1.0
378 1.0
386 1.0
388 1.6020599913279625
393 1.0
395 1.0
396 1.7781512503836436
398 1.4771212547196624
409 1.0
435 1.0
458 2.230448921378274
472 1.0
482 1.0
484 1.4771212547196624
488 1.6020599913279625
491 1.0
493 1.0
497 1.3010299956639813
505 1.3010299956639813
509 1.3010299956639813
530 1.0
535 1.7781512503836436
539 1.0
552 1.0
555 1.3010299956639813
560 1.4771212547196624
566 1.7781512503836436
568 1.4771212547196624
569 1.4771212547196624
575 1.0
578 1.0
582 1.0
583 1.0
588 1.0
593 1.0
597 1.3010299956639813
598 1.3010299956639813
599 1.0
602 1.0
603 1.0
605 1.0
606 1.0
608 1.0
609 1.4771212547196624
612 1.3010299956639813
623 1.0
625 1.6989700043360187
637 1.0
667 1.0
677 1.4771212547196624
681 1.0
685 1.0
688 1.0
689 1.0
691 1.0
698 1.0
714 1.4771212547196624
716 1.0
717 1.0
719 1.3010299956639813
731 1.0
733 1.3010299956639813
751 1.0
752 1.3010299956639813
763 1.4771212547196624
764 1.0
772 1.3010299956639813
789 1.3010299956639813
810 1.0
831 1.0
842 1.3010299956639813
867 1.3010299956639813
873 1.4771212547196624
878 1.0
893 1.3010299956639813
898 1.3010299956639813
899 1.0
911 1.0
927 1.0
934 1.0
939 1.3010299956639813
942 1.0
949 1.0
963 1.4771212547196624
968 1.6989700043360187
984 1.4771212547196624
989 1.0
998 1.0
999 1.0
1008 1.0
1010 1.0
1016 1.7781512503836436
1029 1.0
1047 1.3010299956639813
1059 1.0
1064 1.0
1078 1.0
1086 1.0
1092 1.0
1093 1.6020599913279625
1117 1.0
1118 1.0
1150 1.3010299956639813
1154 1.4771212547196624
1157 1.7781512503836436
1186 1.3010299956639813
1188 1.0
1194 1.0
1199 1.0
1213 1.0
1218 1.4771212547196624
1239 1.0
1245 1.6989700043360187
1260 1.6989700043360187
1262 1.3010299956639813
1263 1.3010299956639813
1269 1.9030899869919435
1274 1.3010299956639813
1287 1.4771212547196624
1295 1.3010299956639813
1298 1.3010299956639813
1304 1.3010299956639813
1306 1.3010299956639813
