15 1.3010299956639813
33 1.0
36 1.0
45 1.0
47 1.3010299956639813
50 1.0
56 1.3010299956639813
72 1.0
102 1.3010299956639813
110 1.0
119 1.3010299956639813
123 1.0
124 1.0
135 1.3010299956639813
136 1.3010299956639813
139 1.0
146 1.0
158 1.0
171 1.0
175 1.0
190 1.3010299956639813
200 1.0
201 1.0
211 1.0
218 1.0
220 1.0
221 1.0
222 1.0
228 1.0
230 1.3010299956639813
231 1.0
234 1.0
267 1.4771212547196624
316 1.0
332 1.0
337 1.0
343 1.0
353 1.3010299956639813
358 1.0
366 1.6020599913279625
379 1.3010299956639813
386 1.0
389 1.0
409 1.0
458 1.4771212547196624
465 1.0
466 1.0
473 1.3010299956639813
491 1.0
509 1.0
516 1.0
524 1.0
528 1.0
545 1.0
576 1.0
641 1.0
648 1.0
710 1.0
714 1.0
721 1.0
747 1.0
889 1.0
890 1.0
925 1.0
936 1.0
939 1.0
946 1.0
948 1.4771212547196624
952 1.0
978 1.0
984 1.4771212547196624
1002 1.3010299956639813
1016 1.6020599913279625
1032 1.0
1150 1.4771212547196624
1156 1.3010299956639813
1170 1.3010299956639813
1192 1.0
1202 1.0
1238 1.0
1254 1.0
1262 1.4771212547196624
1263 1.0
1268 1.0
1269 1.4771212547196624
1295 1.0
1298 1.4771212547196624
