11 1.3010299956639813
36 1.3010299956639813
47 1.0
65 1.0
146 1.4771212547196624
148 1.0
213 1.0
253 1.0
255 1.0
268 1.0
269 1.0
297 1.0
313 1.0
314 1.0
329 1.0
335 1.0
388 1.0
458 1.4771212547196624
468 1.3010299956639813
486 1.0
525 1.6020599913279625
539 1.3010299956639813
545 1.0
549 1.0
551 1.4771212547196624
558 1.0
599 1.0
601 1.0
616 1.0
619 1.0
631 1.0
636 1.0
682 1.0
689 1.0
695 1.0
749 1.3010299956639813
772 1.3010299956639813
782 1.0
800 1.0
829 1.0
852 1.0
854 1.4771212547196624
856 1.3010299956639813
860 1.0
891 1.0
893 1.0
913 1.0
926 1.0
936 1.0
939 1.0
948 1.3010299956639813
951 1.0
955 1.0
963 1.0
964 1.0
985 1.0
991 1.0
1005 1.3010299956639813
1008 1.0
1011 1.4771212547196624
1012 1.4771212547196624
1015 1.4771212547196624
1016 1.845098040014257
1022 1.0
1057 1.3010299956639813
1058 1.3010299956639813
1066 1.0
1114 1.3010299956639813
1117 1.0
1118 1.0
1122 1.0
1127 1.0
1128 1.0
1131 1.0
1132 1.0
1135 1.4771212547196624
1136 1.4771212547196624
1137 1.0
1138 1.0
1150 1.6989700043360187
1155 1.0
1204 1.0
1216 1.0
1234 1.0
1261 1.0
1262 1.3010299956639813
1267 1.0
1269 1.0
1276 1.3010299956639813
1298 1.6020599913279625
1310 1.0
