11 1.0
13 1.0
47 1.3010299956639813
50 1.0
54 1.0
62 1.0
72 1.0
74 1.6989700043360187
78 1.0
88 1.3010299956639813
104 1.0
107 1.3010299956639813
110 1.0
116 1.0
123 1.0
124 1.0
134 1.3010299956639813
135 1.6989700043360187
143 1.3010299956639813
145 1.3010299956639813
146 1.0
148 1.0
176 1.0
189 1.0
194 1.3010299956639813
202 1.0
211 1.0
221 1.0
222 1.6020599913279625
224 1.0
230 1.6020599913279625
234 1.3010299956639813
235 1.0
237 1.3010299956639813
244 1.0
246 1.3010299956639813
250 1.0
251 1.3010299956639813
252 1.3010299956639813
253 1.3010299956639813
265 1.6989700043360187
269 1.3010299956639813
273 1.0
274 1.7781512503836436
279 1.0
281 1.0
283 1.0
297 1.3010299956639813
302 1.0
306 1.6020599913279625
314 1.3010299956639813
318 1.6020599913279625
324 1.0
327 1.3010299956639813
329 1.0
330 1.0
338 1.3010299956639813
346 1.0
353 1.3010299956639813
358 1.0
382 1.0
394 1.0
397 1.0
409 1.3010299956639813
415 1.3010299956639813
444 1.0
450 1.0
458 3.5477747053878224
466 1.0
468 1.3010299956639813
470 1.0
491 1.3010299956639813
493 1.0
494 1.0
496 1.0
503 1.0
517 1.0
523 1.0
532 1.0
538 1.0
539 1.3010299956639813
545 1.0
550 1.0
551 1.3010299956639813
554 1.0
561 1.3010299956639813
573 1.3010299956639813
574 1.3010299956639813
588 1.4771212547196624
592 1.0
609 1.0
611 1.0
619 1.3010299956639813
630 1.0
648 1.3010299956639813
659 1.0
673 1.0
687 1.0
689 1.3010299956639813
690 1.3010299956639813
693 1.0
698 1.0
707 1.7781512503836436
714 1.0
724 1.0
727 1.0
729 1.0
733 1.3010299956639813
748 1.0
771 1.3010299956639813
774 1.0
775 1.0
778 1.0
795 1.3010299956639813
807 1.3010299956639813
813 1.0
829 1.6989700043360187
837 1.0
849 1.3010299956639813
868 1.3010299956639813
869 1.3010299956639813
872 1.0
891 1.3010299956639813
892 1.3010299956639813
895 1.0
898 1.0
904 1.0
914 1.0
927 1.0
932 1.0
935 1.0
946 1.0
948 1.4771212547196624
949 1.0
960 1.0
963 1.0
987 1.3010299956639813
994 1.0
996 1.0
1002 1.3010299956639813
1018 1.3010299956639813
1028 1.0
1029 1.0
1034 1.3010299956639813
1035 1.6020599913279625
1037 1.0
1047 1.3010299956639813
1061 1.0
1068 1.3010299956639813
1069 1.3010299956639813
1077 1.0
1078 1.0
1095 1.6020599913279625
1145 1.0
1146 1.0
1155 1.3010299956639813
1165 1.3010299956639813
1186 1.3010299956639813
1204 1.0
1211 1.0
1221 1.0
1233 1.3010299956639813
1260 1.0
1262 1.6020599913279625
1263 1.0
1267 1.0
1268 1.3010299956639813
1269 2.079181246047625
1310 1.0
1314 1.0
1321 1.0
