74 1.0
88 1.3010299956639813
96 1.3010299956639813
107 1.3010299956639813
127 1.0
138 1.0
175 1.0
196 1.4771212547196624
202 1.0
211 1.3010299956639813
221 1.0
237 1.3010299956639813
239 1.3010299956639813
240 1.3010299956639813
249 1.0
250 1.0
258 1.0
260 1.0
263 1.0
267 1.0
270 1.0
273 1.3010299956639813
274 1.0
290 1.0
305 1.3010299956639813
306 1.3010299956639813
314 1.0
336 1.0
337 1.6020599913279625
353 1.0
361 1.0
366 1.0
386 1.0
446 1.0
450 1.0
458 1.0
468 1.3010299956639813
472 1.0
484 1.3010299956639813
525 1.4771212547196624
529 1.0
536 1.0
537 1.0
541 1.0
556 1.4771212547196624
560 1.0
580 1.6020599913279625
624 1.3010299956639813
643 1.0
690 1.0
693 1.3010299956639813
694 1.3010299956639813
695 1.0
707 1.0
714 1.3010299956639813
766 1.0
768 1.0
770 1.3010299956639813
774 1.0
820 1.0
829 1.0
845 1.6020599913279625
851 1.3010299956639813
863 1.0
893 1.3010299956639813
895 1.0
924 1.3010299956639813
933 1.0
948 1.0
950 1.4771212547196624
985 1.3010299956639813
987 1.0
989 1.0
993 1.3010299956639813
994 1.4771212547196624
1002 1.0
1027 1.0
1087 1.0
1095 1.0
1140 1.0
1176 1.0
1180 1.0
1188 1.0
1189 1.0
1230 1.0
1244 1.3010299956639813
1262 2.3222192947339195
1269 2.146128035678238
1297 1.0
1298 1.0
1301 1.0
1304 1.4771212547196624
1308 1.0
