65 1.0
91 1.0
136 1.0
154 1.0
186 1.0
229 1.3010299956639813
246 1.0
247 1.0
248 1.0
249 1.0
305 1.0
330 1.3010299956639813
338 1.0
386 1.0
397 1.0
446 1.0
453 1.0
457 1.4771212547196624
458 1.6020599913279625
472 1.0
487 1.4771212547196624
504 1.0
511 1.0
512 1.7781512503836436
542 1.0
599 1.0
604 1.3010299956639813
733 1.0
740 1.0
741 1.3010299956639813
771 1.0
790 1.0
845 1.4771212547196624
846 1.0
847 1.0
851 1.3010299956639813
856 1.3010299956639813
877 1.0
886 1.3010299956639813
911 1.0
926 1.0
939 1.0
943 1.0
944 1.0
946 1.0
948 1.0
955 1.3010299956639813
962 1.0
963 1.0
964 1.0
973 1.0
974 1.0
982 1.0
989 1.4771212547196624
997 1.0
1005 1.3010299956639813
1095 1.3010299956639813
1096 1.0
1099 1.0
1105 1.0
1106 1.0
1185 1.0
1186 1.0
1190 1.3010299956639813
1262 1.3010299956639813
1269 1.6020599913279625
1279 1.0
1310 1.0
