62 1.0
65 1.0
75 1.0
83 1.3010299956639813
112 1.0
113 1.0
114 1.0
120 1.6020599913279625
141 1.3010299956639813
145 1.0
175 1.0
176 1.0
190 1.3010299956639813
209 1.3010299956639813
216 1.0
217 1.0
229 1.0
233 1.0
234 1.0
235 1.0
259 1.0
260 1.0
273 1.6989700043360187
275 1.0
302 1.0
306 1.0
310 1.0
313 1.0
376 1.0
379 1.6989700043360187
457 1.6020599913279625
458 1.3010299956639813
472 1.4771212547196624
483 1.0
487 1.0
491 1.3010299956639813
504 1.3010299956639813
520 1.0
529 1.3010299956639813
532 1.0
535 1.0
536 1.0
539 1.0
548 1.0
572 1.0
580 1.6020599913279625
612 1.0
614 1.0
619 1.0
624 1.3010299956639813
628 1.0
629 1.0
637 1.4771212547196624
650 1.0
651 1.3010299956639813
654 1.3010299956639813
672 1.0
688 1.0
715 1.0
733 1.7781512503836436
761 1.6020599913279625
765 1.0
768 1.0
770 1.4771212547196624
771 1.3010299956639813
784 1.0
787 1.3010299956639813
829 1.3010299956639813
850 1.3010299956639813
873 1.3010299956639813
892 1.3010299956639813
893 1.0
925 1.0
939 1.6020599913279625
948 1.6989700043360187
949 1.0
952 1.0
957 1.4771212547196624
963 1.0
1004 1.0
1029 1.0
1031 1.3010299956639813
1036 1.0
1185 1.0
1186 1.0
1216 1.0
1218 1.3010299956639813
1225 1.0
1235 1.0
1240 1.0
1262 1.6020599913279625
1264 1.0
1269 1.0
1272 1.0
