72 1.3010299956639813
75 1.4771212547196624
121 1.0
136 1.3010299956639813
141 1.0
209 2.623249290397901
213 1.3010299956639813
224 2.0
249 1.0
273 1.3010299956639813
308 1.0
311 1.3010299956639813
332 1.6020599913279625
345 1.4771212547196624
369 1.0
388 1.7781512503836436
397 1.0
412 1.3010299956639813
422 1.3010299956639813
440 1.3010299956639813
443 1.0
457 1.4771212547196624
458 2.5051499783199063
484 1.0
501 1.3010299956639813
509 1.0
528 1.0
532 1.0
533 1.6020599913279625
550 1.0
560 1.4771212547196624
580 1.3010299956639813
629 1.0
630 1.6020599913279625
636 1.6020599913279625
693 1.0
707 1.0
749 1.4771212547196624
761 1.3010299956639813
766 1.4771212547196624
770 1.0
792 1.4771212547196624
800 1.4771212547196624
806 1.3010299956639813
815 1.3010299956639813
846 1.845098040014257
849 1.3010299956639813
878 1.0
906 1.0
921 1.7781512503836436
926 1.7781512503836436
933 1.4771212547196624
935 1.4771212547196624
939 1.4771212547196624
943 1.3010299956639813
944 1.3010299956639813
948 1.3010299956639813
955 1.0
982 1.4771212547196624
985 1.0
991 1.7781512503836436
996 1.0
1001 1.0
1004 1.3010299956639813
1036 1.4771212547196624
1083 1.0
1269 1.3010299956639813
