2 1.0
3 1.6989700043360187
11 2.079181246047625
20 1.9542425094393248
21 1.845098040014257
27 1.4771212547196624
30 1.3010299956639813
34 2.0413926851582254
37 1.9542425094393248
42 1.7781512503836436
45 2.3979400086720375
47 2.0413926851582254
49 1.3010299956639813
52 1.3010299956639813
54 2.1760912590556813
61 1.3010299956639813
62 1.3010299956639813
64 1.6989700043360187
69 1.9542425094393248
73 1.3010299956639813
74 2.342422680822206
75 1.0
79 1.6020599913279625
84 1.7781512503836436
88 1.6989700043360187
89 1.6020599913279625
90 1.9030899869919435
91 1.9542425094393248
93 1.6020599913279625
95 1.4771212547196624
99 1.6020599913279625
102 1.6020599913279625
107 2.3979400086720375
110 1.6989700043360187
113 1.6020599913279625
114 1.6020599913279625
115 1.6020599913279625
116 1.9030899869919435
118 1.7781512503836436
121 1.6020599913279625
122 1.6989700043360187
123 1.9542425094393248
124 1.9542425094393248
125 1.4771212547196624
126 1.6020599913279625
133 1.9030899869919435
136 1.9542425094393248
141 2.113943352306837
143 1.7781512503836436
144 1.845098040014257
145 1.6020599913279625
147 1.9030899869919435
149 1.7781512503836436
153 1.0
157 2.113943352306837
160 1.6020599913279625
163 2.0
168 1.3010299956639813
171 1.6989700043360187
175 2.0413926851582254
176 1.7781512503836436
179 2.230448921378274
180 1.9030899869919435
182 1.6020599913279625
183 2.1760912590556813
185 2.0
189 1.7781512503836436
190 1.4771212547196624
193 2.380211241711606
194 2.0
195 1.6989700043360187
196 1.7781512503836436
202 1.845098040014257
204 1.9542425094393248
207 2.255272505103306
208 1.0
209 2.5440680443502757
210 1.4771212547196624
213 1.3010299956639813
214 1.9030899869919435
216 1.6020599913279625
217 2.204119982655925
219 1.4771212547196624
220 1.7781512503836436
221 1.9542425094393248
222 2.4471580313422194
224 2.230448921378274
225 1.3010299956639813
229 2.113943352306837
230 2.1760912590556813
231 1.3010299956639813
233 1.3010299956639813
235 2.146128035678238
236 1.9542425094393248
241 1.4771212547196624
242 1.7781512503836436
244 2.0
246 1.6020599913279625
247 1.4771212547196624
251 1.845098040014257
253 1.3010299956639813
255 1.0
256 1.3010299956639813
257 1.6020599913279625
260 1.6989700043360187
264 1.0
265 2.255272505103306
273 2.079181246047625
275 1.0
277 1.9542425094393248
278 1.6989700043360187
280 1.6020599913279625
281 1.6020599913279625
288 1.4771212547196624
290 1.6020599913279625
294 1.3010299956639813
296 1.9542425094393248
297 1.7781512503836436
303 1.7781512503836436
306 1.9542425094393248
309 1.4771212547196624
311 1.7781512503836436
313 1.3010299956639813
314 1.7781512503836436
316 2.079181246047625
321 1.845098040014257
324 1.9542425094393248
325 1.9542425094393248
327 2.1760912590556813
329 1.845098040014257
330 1.9542425094393248
331 1.4771212547196624
332 1.845098040014257
333 2.0
337 2.462397997898956
340 1.0
341 1.7781512503836436
342 1.6989700043360187
343 1.4771212547196624
345 1.6020599913279625
349 1.845098040014257
352 1.4771212547196624
353 1.6989700043360187
355 1.0
359 1.4771212547196624
360 1.6989700043360187
362 1.0
364 2.633468455579586
366 1.6020599913279625
374 1.0
375 1.4771212547196624
377 1.7781512503836436
380 1.3010299956639813
382 1.4771212547196624
388 2.255272505103306
389 1.6020599913279625
391 1.6020599913279625
393 1.9542425094393248
394 1.3010299956639813
399 1.0
403 1.845098040014257
409 2.113943352306837
411 1.9030899869919435
414 1.6020599913279625
421 1.6020599913279625
425 1.9542425094393248
427 1.9542425094393248
428 1.6020599913279625
429 1.7781512503836436
436 1.9030899869919435
440 1.9030899869919435
442 1.4771212547196624
443 1.845098040014257
445 1.4771212547196624
446 2.146128035678238
447 1.9030899869919435
448 2.1760912590556813
450 1.4771212547196624
451 1.6020599913279625
456 1.845098040014257
457 2.255272505103306
458 2.9190780923760737
459 1.3010299956639813
461 1.9030899869919435
462 2.079181246047625
463 2.342422680822206
464 2.113943352306837
466 1.4771212547196624
468 2.113943352306837
470 1.6020599913279625
476 1.4771212547196624
478 1.7781512503836436
479 1.3010299956639813
482 1.6989700043360187
484 2.079181246047625
485 1.845098040014257
487 1.4771212547196624
488 1.845098040014257
493 2.255272505103306
499 1.0
506 2.278753600952829
509 2.0
510 2.079181246047625
512 1.845098040014257
515 1.6020599913279625
518 1.9030899869919435
520 1.6989700043360187
521 1.6989700043360187
526 2.113943352306837
528 1.3010299956639813
531 1.4771212547196624
535 2.113943352306837
536 1.6020599913279625
538 1.6020599913279625
545 1.7781512503836436
547 1.4771212547196624
551 2.0
552 2.0
555 2.0413926851582254
556 1.3010299956639813
558 1.6989700043360187
560 2.204119982655925
566 1.9030899869919435
567 1.0
568 1.9030899869919435
569 1.9030899869919435
575 2.0
584 1.4771212547196624
585 1.4771212547196624
586 2.57978359661681
587 2.0413926851582254
588 1.6989700043360187
590 1.6020599913279625
592 2.204119982655925
593 1.6989700043360187
597 1.6989700043360187
598 1.6989700043360187
599 1.845098040014257
600 1.0
601 2.1760912590556813
602 1.845098040014257
603 1.845098040014257
613 1.7781512503836436
614 1.6989700043360187
615 2.3010299956639813
622 1.6989700043360187
624 1.6020599913279625
629 1.6020599913279625
631 1.9542425094393248
633 1.3010299956639813
634 1.7781512503836436
637 2.414973347970818
642 1.0
643 1.6020599913279625
647 1.3010299956639813
649 1.6989700043360187
651 2.0413926851582254
655 1.0
656 1.9542425094393248
658 1.3010299956639813
663 1.0
669 1.0
680 1.7781512503836436
682 1.845098040014257
683 1.0
684 1.6989700043360187
686 1.7781512503836436
688 1.6989700043360187
690 1.9542425094393248
692 1.3010299956639813
694 1.3010299956639813
701 1.4771212547196624
702 1.4771212547196624
703 1.6020599913279625
704 1.7781512503836436
710 1.4771212547196624
714 2.361727836017593
716 1.845098040014257
717 1.845098040014257
718 1.0
719 1.9030899869919435
720 1.845098040014257
721 2.079181246047625
723 2.0
729 1.4771212547196624
733 2.623249290397901
734 1.6020599913279625
738 1.0
739 1.6020599913279625
743 1.7781512503836436
744 1.6020599913279625
755 1.6020599913279625
759 1.4771212547196624
761 2.079181246047625
763 1.845098040014257
764 1.4771212547196624
765 1.845098040014257
767 1.4771212547196624
769 1.3010299956639813
770 1.3010299956639813
771 1.9542425094393248
772 1.7781512503836436
776 1.3010299956639813
777 1.6020599913279625
781 1.0
783 1.9542425094393248
784 1.7781512503836436
786 1.6989700043360187
787 2.1760912590556813
789 1.9542425094393248
790 1.6989700043360187
791 1.3010299956639813
793 1.0
794 1.845098040014257
797 1.845098040014257
805 1.7781512503836436
807 1.6989700043360187
809 1.6020599913279625
815 1.9030899869919435
821 1.4771212547196624
823 1.7781512503836436
829 1.7781512503836436
834 1.3010299956639813
835 1.3010299956639813
837 1.4771212547196624
839 1.6020599913279625
840 1.6020599913279625
843 1.3010299956639813
845 1.0
846 1.0
847 1.6989700043360187
848 1.7781512503836436
850 2.146128035678238
852 1.3010299956639813
853 1.0
854 1.845098040014257
857 1.3010299956639813
868 2.230448921378274
869 2.230448921378274
870 1.3010299956639813
873 2.204119982655925
884 1.6020599913279625
886 1.6020599913279625
888 1.4771212547196624
891 1.4771212547196624
892 1.3010299956639813
893 1.9030899869919435
894 1.6020599913279625
896 1.9542425094393248
897 1.6989700043360187
899 1.9542425094393248
906 1.0
910 1.6020599913279625
911 1.6989700043360187
916 1.7781512503836436
919 1.6989700043360187
921 1.9542425094393248
923 1.6020599913279625
926 2.361727836017593
927 1.6989700043360187
931 1.4771212547196624
936 1.6989700043360187
938 1.4771212547196624
942 2.079181246047625
946 1.6989700043360187
947 1.3010299956639813
951 2.204119982655925
952 2.079181246047625
956 1.7781512503836436
958 1.6020599913279625
959 2.146128035678238
960 1.3010299956639813
962 2.0
963 2.113943352306837
966 1.9030899869919435
971 1.6989700043360187
972 2.204119982655925
973 1.4771212547196624
975 1.6989700043360187
977 1.845098040014257
978 1.0
982 2.0
984 2.255272505103306
985 1.6020599913279625
986 1.3010299956639813
988 1.9542425094393248
989 1.7781512503836436
991 1.7781512503836436
994 1.7781512503836436
996 2.079181246047625
999 1.845098040014257
1013 1.845098040014257
1015 1.9030899869919435
1016 2.113943352306837
1022 1.4771212547196624
1029 1.4771212547196624
1030 1.4771212547196624
1034 1.6989700043360187
1037 1.6020599913279625
1039 1.0
1040 1.0
1042 1.4771212547196624
1044 1.0
1047 2.079181246047625
1050 1.4771212547196624
1051 1.6989700043360187
1054 1.7781512503836436
1056 1.7781512503836436
1065 1.6989700043360187
1066 1.3010299956639813
1068 1.6989700043360187
1070 1.4771212547196624
1073 2.0413926851582254
1077 1.4771212547196624
1086 1.6020599913279625
1092 1.3010299956639813
1093 1.9542425094393248
1096 1.9542425094393248
1104 1.7781512503836436
1123 2.204119982655925
1129 1.845098040014257
1130 1.845098040014257
1135 1.3010299956639813
1136 1.3010299956639813
1140 2.361727836017593
1150 1.7781512503836436
1155 1.6989700043360187
1156 1.845098040014257
1157 2.1760912590556813
1161 2.0413926851582254
1163 1.0
1165 2.0413926851582254
1172 1.0
1173 1.6989700043360187
1182 1.4771212547196624
1183 1.3010299956639813
1184 1.4771212547196624
1185 1.6989700043360187
1186 1.6020599913279625
1187 1.845098040014257
1188 1.9030899869919435
1190 2.146128035678238
1194 1.6989700043360187
1198 2.079181246047625
1204 1.7781512503836436
1211 1.4771212547196624
1218 2.230448921378274
1219 1.4771212547196624
1228 2.230448921378274
1230 1.4771212547196624
1232 1.4771212547196624
1234 1.6989700043360187
1235 1.6020599913279625
1242 1.9030899869919435
1243 2.0
1244 1.6989700043360187
1245 2.204119982655925
1252 1.6020599913279625
1254 2.0
1259 2.0
1262 2.380211241711606
1264 1.6989700043360187
1266 2.204119982655925
1267 2.3222192947339195
1269 2.5185139398778875
1270 2.278753600952829
1275 1.0
1276 1.9542425094393248
1279 1.845098040014257
1281 2.1760912590556813
1282 1.3010299956639813
1284 1.6989700043360187
1287 2.1760912590556813
1289 2.0413926851582254
1293 2.113943352306837
1295 1.9542425094393248
1297 1.0
1298 2.204119982655925
1300 1.0
1301 1.7781512503836436
1302 1.6020599913279625
1303 1.6989700043360187
1304 1.9542425094393248
1306 1.6989700043360187
1307 1.9542425094393248
1309 2.079181246047625
1312 1.0
1314 1.0
1317 1.6989700043360187
1318 2.278753600952829
1319 1.845098040014257
1321 1.9030899869919435
1323 1.6020599913279625
1324 2.0
