11 1.9542425094393248
13 1.7781512503836436
15 1.6020599913279625
36 1.0
47 1.6989700043360187
48 1.0
58 1.3010299956639813
68 1.0
73 1.0
84 1.3010299956639813
86 1.845098040014257
90 1.3010299956639813
93 1.3010299956639813
99 1.0
107 1.9542425094393248
110 1.3010299956639813
115 1.3010299956639813
122 1.0
123 1.6989700043360187
124 1.6989700043360187
126 1.3010299956639813
141 1.3010299956639813
145 1.3010299956639813
146 1.845098040014257
180 1.6020599913279625
181 1.0
186 1.6989700043360187
187 1.845098040014257
191 1.6989700043360187
207 1.9542425094393248
209 1.6989700043360187
219 1.0
220 1.6989700043360187
224 1.6989700043360187
234 1.0
250 1.3010299956639813
253 1.0
265 1.9542425094393248
274 1.845098040014257
278 1.0
300 2.1760912590556813
306 1.0
307 1.3010299956639813
311 1.6020599913279625
314 1.0
315 1.0
316 1.6020599913279625
326 1.0
327 1.7781512503836436
329 1.4771212547196624
330 1.3010299956639813
333 1.3010299956639813
338 1.0
344 1.6020599913279625
346 1.845098040014257
356 1.0
360 1.3010299956639813
364 2.079181246047625
370 1.4771212547196624
380 1.0
389 1.0
410 1.3010299956639813
411 1.7781512503836436
415 1.3010299956639813
417 1.0
427 1.4771212547196624
436 1.3010299956639813
440 1.6020599913279625
447 1.4771212547196624
457 1.4771212547196624
458 2.623249290397901
462 1.6020599913279625
474 1.3010299956639813
476 1.0
480 1.0
493 1.3010299956639813
496 1.4771212547196624
500 1.3010299956639813
505 1.0
506 1.845098040014257
509 1.4771212547196624
512 1.3010299956639813
516 1.0
518 1.4771212547196624
523 1.3010299956639813
536 1.0
537 1.0
538 1.0
545 1.0
558 1.3010299956639813
568 1.3010299956639813
569 1.3010299956639813
576 1.4771212547196624
580 1.3010299956639813
584 1.0
585 1.0
586 2.342422680822206
587 1.0
589 1.4771212547196624
595 1.6020599913279625
596 2.079181246047625
601 1.4771212547196624
619 1.4771212547196624
631 1.6020599913279625
648 1.0
656 1.6020599913279625
670 1.3010299956639813
671 1.0
679 1.3010299956639813
681 1.0
686 1.3010299956639813
688 1.0
690 1.845098040014257
701 1.3010299956639813
706 2.0
713 1.3010299956639813
714 1.3010299956639813
715 1.6020599913279625
719 1.0
720 1.4771212547196624
721 1.6989700043360187
725 1.0
728 1.3010299956639813
740 1.4771212547196624
752 1.3010299956639813
754 1.0
756 1.3010299956639813
761 1.3010299956639813
780 1.3010299956639813
785 1.0
787 1.9030899869919435
802 1.0
803 1.0
809 1.3010299956639813
815 1.4771212547196624
817 1.0
818 1.0
820 1.4771212547196624
827 1.4771212547196624
847 1.3010299956639813
849 1.3010299956639813
850 1.3010299956639813
863 1.4771212547196624
868 2.079181246047625
869 2.079181246047625
871 1.6020599913279625
882 1.0
889 1.6989700043360187
890 1.6989700043360187
896 1.6989700043360187
897 1.3010299956639813
914 1.0
924 1.6989700043360187
929 1.3010299956639813
935 2.146128035678238
943 1.6989700043360187
944 1.6989700043360187
952 1.3010299956639813
954 1.6989700043360187
964 1.0
967 1.3010299956639813
968 1.7781512503836436
975 1.0
977 1.0
984 1.6989700043360187
985 1.0
1003 1.0
1004 1.4771212547196624
1005 1.7781512503836436
1006 1.3010299956639813
1010 1.0
1013 1.6020599913279625
1021 1.7781512503836436
1042 1.3010299956639813
1047 1.7781512503836436
1052 1.9542425094393248
1060 1.0
1083 1.6020599913279625
1095 2.113943352306837
1135 1.0
1136 1.0
1139 2.1760912590556813
1140 2.204119982655925
1167 1.4771212547196624
1173 1.4771212547196624
1176 2.278753600952829
1185 1.6020599913279625
1198 1.9030899869919435
1215 1.3010299956639813
1218 2.0
1222 1.0
1243 1.6989700043360187
1244 1.0
1260 1.6989700043360187
1262 1.6020599913279625
1263 1.6020599913279625
1264 1.0
1269 1.6020599913279625
1274 1.0
1287 1.4771212547196624
1291 1.4771212547196624
1304 1.6020599913279625
1305 1.845098040014257
1307 1.3010299956639813
1318 1.0
