0 1.0
15 1.4771212547196624
58 1.0
74 1.9030899869919435
107 1.845098040014257
130 1.7781512503836436
133 1.4771212547196624
138 1.3010299956639813
139 1.0
145 1.0
155 1.0
176 1.3010299956639813
193 1.3010299956639813
230 1.7781512503836436
261 1.0
265 1.845098040014257
273 1.4771212547196624
283 1.3010299956639813
284 1.4771212547196624
296 1.4771212547196624
341 1.4771212547196624
354 1.9542425094393248
422 1.0
438 1.7781512503836436
443 1.6020599913279625
473 1.7781512503836436
498 1.4771212547196624
501 1.6020599913279625
541 1.3010299956639813
575 1.0
592 1.6020599913279625
609 2.0
637 1.7781512503836436
740 1.3010299956639813
749 1.0
763 1.3010299956639813
809 1.0
815 1.3010299956639813
820 1.3010299956639813
828 1.0
868 2.0413926851582254
869 2.0413926851582254
893 1.6020599913279625
925 1.4771212547196624
950 1.4771212547196624
956 1.0
976 1.0
1002 1.6020599913279625
1020 2.079181246047625
1027 1.4771212547196624
1031 1.0
1069 1.0
1081 1.0
1093 1.6020599913279625
1129 1.3010299956639813
1130 1.3010299956639813
1139 2.0
1140 2.0413926851582254
1167 1.3010299956639813
1240 1.0
1254 1.6020599913279625
1287 1.3010299956639813
1302 1.0
1305 1.0
