5 1.0
11 1.0
15 1.0
16 1.3010299956639813
20 1.0
42 1.0
74 1.0
94 1.0
100 1.3010299956639813
107 1.0
117 1.0
130 1.3010299956639813
170 2.0413926851582254
171 1.0
183 1.0
226 1.0
235 1.4771212547196624
237 1.0
239 1.3010299956639813
242 1.0
249 1.0
251 1.0
265 1.0
266 1.3010299956639813
274 1.3010299956639813
286 1.0
295 1.0
313 1.0
323 1.0
332 1.0
348 1.3010299956639813
349 1.0
400 1.0
429 1.0
430 1.0
435 1.0
549 1.3010299956639813
551 1.0
586 1.0
588 1.0
591 1.0
592 1.0
594 1.0
643 1.0
665 1.0
672 1.0
680 1.0
694 1.0
715 1.0
717 1.0
721 1.0
726 1.3010299956639813
733 1.6020599913279625
752 1.0
771 1.4771212547196624
783 1.0
787 1.3010299956639813
804 1.0
808 1.0
815 1.0
868 1.4771212547196624
869 1.4771212547196624
880 1.0
889 1.0
890 1.0
901 1.0
959 1.0
1004 1.0
1019 1.0
1066 1.0
1091 1.0
1126 1.4771212547196624
1187 1.0
1234 1.0
1289 1.0
1299 1.0
1304 1.0
