45 1.3010299956639813
78 1.0
183 1.0
217 1.0
242 1.0
244 1.0
268 1.4771212547196624
273 1.0
303 1.0
337 1.6989700043360187
354 1.4771212547196624
370 1.0
388 1.6020599913279625
400 1.0
428 1.0
438 1.0
446 1.0
447 1.0
462 1.0
469 1.0
481 1.4771212547196624
490 1.0
518 1.0
524 1.3010299956639813
533 1.0
542 1.0
582 1.0
583 1.0
615 1.0
630 1.0
638 1.0
707 1.0
721 1.0
733 1.4771212547196624
788 1.3010299956639813
811 1.0
814 1.0
841 1.0
847 1.0
864 1.0
868 1.0
869 1.0
923 1.0
931 1.0
935 1.0
950 1.0
1005 1.0
1036 1.0
1088 1.0
1187 1.0
1225 1.0
1254 1.0
1267 1.0
1284 1.0
1298 1.0
1301 1.0
1304 1.0
1308 1.0
