14 1.0
20 1.0
41 1.9030899869919435
45 1.4771212547196624
64 1.0
77 1.3010299956639813
78 1.0
96 1.3010299956639813
148 1.0
182 1.0
183 1.6989700043360187
194 1.0
209 1.4771212547196624
213 1.0
214 1.4771212547196624
217 1.0
220 1.0
222 1.0
224 1.0
229 1.0
245 1.0
246 1.0
249 1.0
252 1.0
274 1.0
281 1.0
298 1.3010299956639813
309 1.0
323 1.0
327 1.0
375 1.0
388 1.4771212547196624
429 1.3010299956639813
438 1.0
451 1.0
464 1.0
532 1.0
552 1.0
554 1.0
599 1.0
601 1.0
605 1.0
606 1.0
608 1.0
624 1.0
638 1.0
650 1.0
696 1.0
701 1.0
709 1.0
733 1.4771212547196624
768 1.0
813 1.0
814 1.0
824 1.0
825 1.0
839 1.0
840 1.0
841 1.3010299956639813
855 1.0
864 1.0
867 1.0
868 1.0
869 1.0
935 1.0
942 1.3010299956639813
954 1.0
1004 1.0
1005 1.0
1028 1.0
1034 1.0
1053 1.3010299956639813
1086 1.0
1095 1.0
1123 1.0
1187 1.4771212547196624
1198 1.0
1233 1.0
1254 1.0
1301 1.0
