3 1.0
11 1.4771212547196624
13 1.4771212547196624
20 1.0
34 1.0
38 1.0
45 1.7781512503836436
46 1.0
47 1.0
50 1.3010299956639813
74 1.3010299956639813
86 1.0
88 1.0
92 1.0
95 1.3010299956639813
103 1.0
107 1.0
110 1.0
112 1.0
123 1.0
124 1.0
127 1.0
140 1.0
148 1.0
156 1.0
157 1.0
166 1.0
167 1.0
194 1.0
207 1.0
212 1.0
217 1.0
220 1.0
224 1.0
229 1.0
235 1.3010299956639813
245 1.0
257 1.0
258 1.0
265 1.3010299956639813
274 1.4771212547196624
281 1.3010299956639813
286 1.3010299956639813
290 1.0
291 1.3010299956639813
305 1.0
325 1.0
329 1.0
337 1.4771212547196624
346 1.4771212547196624
375 1.0
388 1.0
390 1.0
411 1.3010299956639813
438 1.4771212547196624
440 1.0
445 1.3010299956639813
455 1.0
463 1.9030899869919435
464 1.0
473 1.3010299956639813
485 1.0
496 1.0
506 1.3010299956639813
520 1.0
541 1.0
572 1.0
582 1.0
583 1.0
586 1.0
591 1.3010299956639813
595 1.0
596 1.3010299956639813
609 1.4771212547196624
616 1.0
637 1.0
650 1.3010299956639813
651 1.0
679 1.0
687 1.6020599913279625
690 1.0
702 1.0
707 1.0
715 1.0
721 1.0
723 1.0
733 1.6020599913279625
739 1.0
761 1.0
771 1.3010299956639813
788 1.0
810 1.6020599913279625
819 1.0
826 1.0
843 1.0
864 1.9030899869919435
867 1.0
868 1.4771212547196624
869 1.4771212547196624
908 1.0
918 1.3010299956639813
926 1.4771212547196624
935 1.4771212547196624
940 1.3010299956639813
968 1.6020599913279625
982 1.3010299956639813
988 1.4771212547196624
1005 1.0
1013 1.0
1021 1.0
1028 1.0
1047 1.3010299956639813
1048 1.0
1053 1.6989700043360187
1059 1.0
1062 1.3010299956639813
1085 1.0
1095 1.3010299956639813
1147 1.0
1148 1.0
1161 1.3010299956639813
1164 1.0
1179 1.0
1203 1.0
1254 1.0
1256 1.0
1270 1.0
1298 1.0
1324 1.0
