11 1.3010299956639813
33 1.3010299956639813
45 1.6020599913279625
46 1.0
50 1.3010299956639813
59 1.0
60 1.0
71 1.0
74 1.6020599913279625
79 1.3010299956639813
80 1.0
84 1.0
85 1.0
86 1.0
88 1.0
90 1.0
94 1.3010299956639813
100 1.0
103 1.4771212547196624
104 1.4771212547196624
106 1.0
107 1.4771212547196624
108 1.6020599913279625
115 1.0
118 1.0
123 1.4771212547196624
124 1.4771212547196624
132 1.3010299956639813
133 1.0
136 1.3010299956639813
146 1.3010299956639813
148 1.0
157 1.3010299956639813
163 1.0
166 1.0
179 1.7781512503836436
184 1.0
185 1.3010299956639813
189 1.0
195 1.0
196 1.0
203 1.0
207 1.6989700043360187
217 1.0
229 1.0
230 1.6020599913279625
235 1.0
236 1.7781512503836436
243 1.0
245 1.0
246 1.0
248 1.0
257 1.3010299956639813
263 1.0
270 1.6020599913279625
271 1.3010299956639813
286 1.3010299956639813
296 1.3010299956639813
300 2.146128035678238
301 1.0
327 1.3010299956639813
328 1.0
341 1.0
359 1.3010299956639813
378 1.0
384 1.0
397 1.3010299956639813
411 1.0
425 1.4771212547196624
426 1.3010299956639813
427 1.3010299956639813
430 1.0
447 1.0
448 1.0
455 1.0
462 1.3010299956639813
473 1.4771212547196624
479 1.0
501 1.3010299956639813
508 1.0
510 1.4771212547196624
521 1.0
525 1.6020599913279625
526 1.4771212547196624
533 1.0
534 1.3010299956639813
535 1.0
551 1.0
552 1.0
582 1.6020599913279625
583 1.6020599913279625
596 1.6989700043360187
609 1.6989700043360187
627 1.0
643 1.0
652 1.3010299956639813
664 1.0
673 1.0
680 1.0
690 1.6020599913279625
695 1.0
698 1.0
699 1.0
702 1.0
706 1.6020599913279625
707 1.3010299956639813
712 1.0
717 1.0
724 1.3010299956639813
729 1.0
731 1.3010299956639813
732 1.0
733 1.0
741 1.0
755 1.0
763 1.0
790 1.0
827 1.0
829 1.3010299956639813
839 1.0
840 1.0
856 1.0
885 1.3010299956639813
895 1.0
896 1.3010299956639813
932 1.3010299956639813
935 1.4771212547196624
948 1.4771212547196624
982 1.0
988 1.0
1002 1.0
1005 1.0
1011 1.6020599913279625
1012 1.6020599913279625
1015 1.4771212547196624
1016 1.4771212547196624
1020 2.0413926851582254
1021 1.6020599913279625
1028 1.0
1037 1.3010299956639813
1047 1.0
1052 1.845098040014257
1053 1.6989700043360187
1057 1.3010299956639813
1058 1.3010299956639813
1068 1.3010299956639813
1073 1.0
1079 1.0
1080 1.0
1095 1.6020599913279625
1096 1.0
1097 1.0
1104 1.3010299956639813
1114 1.0
1123 1.9030899869919435
1129 1.0
1130 1.0
1133 1.0
1134 1.0
1139 1.6989700043360187
1140 1.6989700043360187
1145 1.0
1146 1.0
1147 1.4771212547196624
1148 1.4771212547196624
1150 1.0
1151 1.4771212547196624
1160 1.0
1164 1.0
1165 1.6020599913279625
1176 2.1760912590556813
1191 1.0
1202 1.0
1213 1.4771212547196624
1218 1.4771212547196624
1224 1.0
1234 1.0
1243 1.3010299956639813
1263 1.4771212547196624
1268 1.0
1280 1.0
1288 1.4771212547196624
1293 1.0
1306 1.0
1321 1.0
