25 1.0
45 1.0
86 1.0
94 1.0
107 1.0
126 1.0
186 1.3010299956639813
187 1.4771212547196624
189 1.0
222 1.0
243 1.3010299956639813
267 1.0
303 1.0
325 1.0
378 1.6989700043360187
390 1.3010299956639813
436 1.0
448 1.0
456 1.0
461 1.4771212547196624
463 1.9030899869919435
464 1.0
469 1.3010299956639813
470 1.0
491 1.0
506 1.4771212547196624
510 1.0
513 1.0
524 1.3010299956639813
530 1.3010299956639813
533 1.0
553 1.0
564 1.3010299956639813
590 1.0
706 1.4771212547196624
751 1.4771212547196624
858 1.0
862 1.3010299956639813
908 1.0
1027 1.3010299956639813
1047 1.0
1049 1.3010299956639813
1053 1.0
1084 1.3010299956639813
1095 1.0
1099 1.6020599913279625
1139 1.6020599913279625
1140 1.6020599913279625
1155 1.0
1162 1.6989700043360187
1165 1.0
1167 1.0
1176 1.4771212547196624
1180 1.0
1194 1.0
1196 1.0
1198 1.0
1212 1.0
1216 1.3010299956639813
1243 1.3010299956639813
1245 1.0
1252 1.3010299956639813
1259 1.0
1268 1.4771212547196624
1278 1.0
1280 1.3010299956639813
1293 1.0
1298 1.3010299956639813
1299 1.6020599913279625
1301 1.3010299956639813
1308 1.0
1323 1.0
1324 1.0
