34 1.0
48 1.4771212547196624
118 1.3010299956639813
143 1.0
163 1.3010299956639813
172 1.3010299956639813
183 1.3010299956639813
186 1.0
209 1.4771212547196624
222 1.0
223 1.0
224 1.3010299956639813
228 1.0
229 1.0
235 1.0
238 1.0
244 1.0
308 1.0
364 1.6989700043360187
369 1.0
393 1.0
403 1.3010299956639813
446 1.0
452 1.0
457 1.4771212547196624
458 1.6020599913279625
459 1.0
470 1.0
478 1.0
493 1.3010299956639813
509 1.3010299956639813
510 1.0
525 1.6989700043360187
552 1.0
572 1.0
580 1.3010299956639813
601 1.6020599913279625
613 1.0
616 1.0
687 1.0
688 1.0
706 1.3010299956639813
714 1.3010299956639813
719 1.0
734 1.0
758 1.0
780 1.0
784 1.0
785 1.0
786 1.0
805 1.0
815 1.0
851 1.0
883 1.0
1036 1.0
1157 1.3010299956639813
1193 1.3010299956639813
1245 1.3010299956639813
1262 1.7781512503836436
1263 1.4771212547196624
1269 1.4771212547196624
1270 1.6020599913279625
1281 1.0
1293 1.3010299956639813
1307 1.3010299956639813
1317 1.0
