57 1.0
91 1.0
107 1.0
112 1.0
123 1.0
124 1.0
147 1.0
166 1.4771212547196624
175 1.4771212547196624
206 1.0
209 1.6020599913279625
221 1.0
224 1.0
248 1.0
249 1.0
301 1.3010299956639813
369 1.0
391 1.0
396 1.0
406 1.0
413 1.3010299956639813
437 1.0
457 1.6020599913279625
458 2.113943352306837
462 1.3010299956639813
469 1.0
472 1.0
478 1.0
480 1.0
493 1.0
524 1.0
531 1.0
538 1.0
568 1.0
569 1.0
575 1.0
586 1.3010299956639813
601 1.3010299956639813
622 1.3010299956639813
649 1.0
704 1.0
714 1.6020599913279625
765 1.3010299956639813
772 1.0
784 1.0
797 1.0
823 1.0
830 1.0
886 1.0
894 1.0
913 1.0
921 1.3010299956639813
939 1.0
943 1.0
944 1.0
962 1.3010299956639813
988 1.0
1068 1.0
1190 1.3010299956639813
1223 1.3010299956639813
1245 1.0
1262 1.3010299956639813
1267 1.0
1269 1.4771212547196624
1322 1.3010299956639813
