15 1.0
50 1.3010299956639813
90 1.0
107 1.0
136 1.0
139 1.0
192 1.0
193 1.0
197 1.0
207 1.3010299956639813
209 1.3010299956639813
211 1.0
221 1.0
222 1.3010299956639813
226 1.0
244 1.0
249 1.0
254 1.0
265 1.0
271 1.0
273 1.0
305 1.0
306 1.0
314 1.0
329 1.3010299956639813
330 1.0
367 1.0
369 1.0
398 1.3010299956639813
410 1.0
433 1.0
448 1.0
458 1.3010299956639813
482 1.0
483 1.0
496 1.0
512 1.0
532 1.6989700043360187
552 1.0
580 1.6989700043360187
588 1.0
592 1.0
609 1.0
615 1.3010299956639813
637 1.0
649 1.0
693 1.0
706 1.0
715 1.0
717 1.3010299956639813
733 1.0
743 1.0
751 1.0
767 1.0
774 1.0
779 1.0
780 1.3010299956639813
784 1.0
792 1.0
797 1.0
827 1.3010299956639813
837 1.3010299956639813
850 1.0
851 1.0
889 1.0
890 1.0
935 1.0
939 1.4771212547196624
964 1.3010299956639813
968 1.3010299956639813
984 1.0
993 1.0
1003 1.0
1059 1.0
1062 1.0
1088 1.0
1145 1.0
1146 1.0
1161 1.0
1186 1.0
1190 1.4771212547196624
1199 1.0
1243 1.4771212547196624
1247 1.0
1251 1.0
1256 1.4771212547196624
1263 1.0
1267 1.3010299956639813
1270 2.0
1279 1.3010299956639813
1281 2.0
1285 2.079181246047625
1289 1.845098040014257
1292 1.3010299956639813
1293 1.0
1294 1.845098040014257
1296 1.7781512503836436
1305 1.0
1309 1.9542425094393248
1311 1.845098040014257
1313 1.7781512503836436
1316 1.6989700043360187
1318 2.1760912590556813
1319 1.7781512503836436
1320 1.6989700043360187
1322 1.6020599913279625
1324 1.845098040014257
