64 1.0
107 1.0
139 1.0
141 1.0
144 1.0
148 1.0
217 1.0
229 1.0
260 1.0
277 1.0
278 1.0
280 1.0
285 1.0
297 1.0
358 1.0
369 1.0
378 1.0
386 1.0
395 1.0
403 1.0
410 1.0
416 1.0
458 1.6020599913279625
486 1.0
509 1.4771212547196624
520 1.0
522 1.0
549 1.0
560 1.0
572 1.0
578 1.0
613 1.0
619 1.0
637 1.6989700043360187
670 1.0
673 1.0
687 1.0
719 1.0
764 1.0
817 1.0
818 1.0
850 1.0
873 1.9542425094393248
939 1.4771212547196624
949 1.0
951 1.6989700043360187
952 1.0
1041 1.0
1091 1.0
1127 1.0
1128 1.0
1181 1.0
1183 1.0
1204 1.0
1223 1.3010299956639813
1244 1.0
1248 1.0
1252 1.0
1269 1.0
1317 1.0
1323 1.0
