6 1.0
11 1.0
42 1.0
47 1.0
81 1.0
106 1.0
107 1.4771212547196624
113 1.0
114 1.0
149 1.6020599913279625
189 1.0
223 1.0
238 1.0
244 1.3010299956639813
249 1.0
269 1.0
274 1.6989700043360187
301 1.0
305 1.0
316 1.0
324 1.3010299956639813
325 1.3010299956639813
330 1.0
332 1.0
336 1.0
338 1.0
360 1.0
369 1.0
386 1.0
412 1.0
415 1.0
425 1.0
453 1.0
457 1.0
458 1.4771212547196624
465 1.3010299956639813
472 1.0
486 1.0
489 1.0
501 1.0
520 1.0
532 1.0
549 1.0
551 1.0
560 1.3010299956639813
578 1.0
582 1.0
583 1.0
587 1.0
637 1.6020599913279625
676 1.0
685 1.0
715 1.3010299956639813
724 1.0
728 1.6020599913279625
749 1.0
815 1.0
828 1.0
830 1.3010299956639813
872 1.4771212547196624
882 1.0
1022 1.0
1047 1.3010299956639813
1059 1.0
1156 1.0
1157 1.4771212547196624
1158 1.0
1164 1.3010299956639813
1196 1.0
1197 1.0
1213 1.3010299956639813
1255 1.0
1262 1.0
1263 1.0
1269 1.0
1287 1.6989700043360187
1291 1.0
1305 1.4771212547196624
1315 1.0
1321 1.0
