27 1.0
102 1.0
106 1.0
113 1.0
114 1.0
147 1.3010299956639813
196 1.0
221 1.3010299956639813
249 1.4771212547196624
273 1.0
306 1.3010299956639813
308 1.0
314 1.0
330 1.0
367 1.0
369 1.0
443 1.3010299956639813
458 1.4771212547196624
466 1.0
472 1.3010299956639813
478 1.0
484 1.0
518 1.0
549 1.0
551 1.0
581 1.3010299956639813
586 1.4771212547196624
690 1.0
732 1.0
739 1.0
785 1.0
795 1.0
889 1.3010299956639813
890 1.3010299956639813
924 1.3010299956639813
925 1.0
984 1.4771212547196624
1174 1.0
1218 1.0
1242 1.0
1262 1.0
1269 1.0
