2 1.0
3 1.6020599913279625
9 1.3010299956639813
15 2.0
17 1.0
19 1.0
20 1.7781512503836436
27 1.3010299956639813
29 1.4771212547196624
30 1.3010299956639813
34 1.6020599913279625
37 1.3010299956639813
38 1.9030899869919435
39 1.0
45 2.146128035678238
47 1.9030899869919435
48 1.6020599913279625
50 1.6989700043360187
56 2.3222192947339195
57 1.6020599913279625
62 1.6989700043360187
63 1.3010299956639813
69 1.7781512503836436
73 1.0
84 1.4771212547196624
88 1.7781512503836436
91 1.9030899869919435
93 1.3010299956639813
105 1.0
106 1.4771212547196624
107 2.204119982655925
110 1.6989700043360187
111 1.6020599913279625
113 2.3222192947339195
114 2.3222192947339195
115 1.3010299956639813
116 1.4771212547196624
118 1.7781512503836436
121 1.3010299956639813
127 1.3010299956639813
130 2.079181246047625
133 1.0
136 2.0
141 1.9030899869919435
142 2.0
147 1.3010299956639813
154 1.4771212547196624
157 1.7781512503836436
158 1.3010299956639813
163 1.6020599913279625
165 1.0
166 1.4771212547196624
180 1.6989700043360187
183 2.0
186 1.3010299956639813
187 1.3010299956639813
193 2.255272505103306
194 1.845098040014257
200 1.6020599913279625
201 1.4771212547196624
204 1.9030899869919435
208 1.0
209 2.278753600952829
211 2.146128035678238
214 1.6020599913279625
217 1.9030899869919435
219 1.4771212547196624
220 1.6020599913279625
221 1.845098040014257
222 2.113943352306837
224 2.230448921378274
226 1.9030899869919435
229 2.0413926851582254
230 1.9030899869919435
235 2.0
238 1.6020599913279625
246 1.7781512503836436
249 1.6989700043360187
251 1.4771212547196624
253 1.3010299956639813
254 2.57978359661681
256 1.4771212547196624
257 1.4771212547196624
260 2.0
264 1.845098040014257
265 2.079181246047625
273 1.4771212547196624
274 2.0413926851582254
275 1.3010299956639813
276 1.4771212547196624
277 1.6989700043360187
278 1.845098040014257
279 1.3010299956639813
282 1.3010299956639813
288 1.3010299956639813
294 1.0
296 1.7781512503836436
300 1.6020599913279625
306 1.6020599913279625
310 1.3010299956639813
311 1.6989700043360187
313 1.3010299956639813
315 2.361727836017593
316 2.0413926851582254
318 1.6020599913279625
324 1.7781512503836436
327 1.7781512503836436
329 1.6020599913279625
330 1.6020599913279625
332 1.3010299956639813
337 1.9030899869919435
340 1.0
342 1.6989700043360187
344 1.6989700043360187
345 1.4771212547196624
349 1.4771212547196624
350 1.6020599913279625
351 1.0
352 1.3010299956639813
353 1.7781512503836436
355 1.0
356 1.3010299956639813
360 1.3010299956639813
361 1.6020599913279625
364 2.3979400086720375
367 1.6989700043360187
371 1.0
374 1.0
376 1.4771212547196624
377 1.6020599913279625
379 2.146128035678238
380 1.3010299956639813
382 1.0
388 1.7781512503836436
389 1.6989700043360187
391 1.4771212547196624
394 1.4771212547196624
395 1.4771212547196624
396 1.7781512503836436
398 1.845098040014257
399 1.0
402 1.0
403 1.6020599913279625
409 2.0
412 1.7781512503836436
414 1.0
416 1.3010299956639813
421 1.0
425 1.0
427 1.4771212547196624
436 1.0
437 1.3010299956639813
440 1.4771212547196624
442 1.0
443 1.6020599913279625
446 1.6989700043360187
447 1.4771212547196624
449 1.0
450 1.845098040014257
451 1.9030899869919435
455 1.4771212547196624
457 1.6020599913279625
458 2.361727836017593
462 1.6020599913279625
463 1.7781512503836436
464 1.6989700043360187
465 1.3010299956639813
466 1.6989700043360187
467 1.0
468 2.079181246047625
470 1.3010299956639813
472 1.0
474 1.3010299956639813
475 1.0
476 1.0
480 1.3010299956639813
484 1.6020599913279625
486 1.3010299956639813
487 1.3010299956639813
488 1.6989700043360187
490 1.0
491 1.3010299956639813
493 1.9030899869919435
494 1.0
501 1.6020599913279625
505 1.0
506 1.7781512503836436
512 1.6989700043360187
518 1.0
519 1.0
522 1.0
524 1.6989700043360187
526 1.6989700043360187
527 1.845098040014257
528 1.3010299956639813
529 1.845098040014257
531 1.0
534 1.0
535 1.845098040014257
537 1.6020599913279625
538 1.845098040014257
546 1.3010299956639813
551 1.4771212547196624
555 1.6020599913279625
556 1.3010299956639813
558 1.3010299956639813
560 1.6989700043360187
561 1.7781512503836436
565 1.4771212547196624
567 1.0
568 1.4771212547196624
569 1.4771212547196624
570 1.845098040014257
575 1.9030899869919435
576 1.6989700043360187
586 2.0413926851582254
587 1.6020599913279625
588 1.4771212547196624
589 1.3010299956639813
591 1.4771212547196624
596 1.6989700043360187
597 1.6989700043360187
598 1.6989700043360187
599 1.4771212547196624
602 1.7781512503836436
603 1.7781512503836436
605 1.6020599913279625
606 1.6020599913279625
608 1.4771212547196624
611 1.3010299956639813
618 1.0
622 1.4771212547196624
623 1.0
625 2.255272505103306
626 1.3010299956639813
628 1.0
631 1.4771212547196624
633 1.3010299956639813
635 1.3010299956639813
636 1.3010299956639813
637 1.9542425094393248
640 1.9542425094393248
643 1.3010299956639813
650 1.4771212547196624
651 1.6020599913279625
656 1.6989700043360187
664 1.4771212547196624
669 1.3010299956639813
670 1.6020599913279625
671 1.0
674 1.3010299956639813
675 1.3010299956639813
679 1.0
681 1.845098040014257
682 1.0
684 1.4771212547196624
685 1.6020599913279625
690 1.6020599913279625
693 1.9030899869919435
695 1.0
703 1.0
704 1.4771212547196624
710 1.6020599913279625
711 1.0
716 1.3010299956639813
717 1.7781512503836436
720 1.7781512503836436
721 1.6020599913279625
723 1.3010299956639813
725 2.278753600952829
732 1.845098040014257
733 2.1760912590556813
735 1.6020599913279625
738 1.0
742 1.4771212547196624
743 1.7781512503836436
744 1.3010299956639813
745 1.0
746 1.0
749 1.6020599913279625
752 1.3010299956639813
760 1.0
761 1.6989700043360187
764 1.4771212547196624
765 1.0
768 1.6020599913279625
771 2.0413926851582254
772 1.3010299956639813
775 1.3010299956639813
777 1.6989700043360187
778 1.0
779 1.4771212547196624
781 1.3010299956639813
783 1.6989700043360187
784 1.4771212547196624
786 1.3010299956639813
788 1.4771212547196624
790 1.6989700043360187
792 1.3010299956639813
793 1.0
794 1.845098040014257
797 1.6989700043360187
802 1.0
803 1.0
809 2.0
810 1.0
815 1.6020599913279625
816 1.0
817 1.6020599913279625
818 1.6020599913279625
820 1.3010299956639813
821 1.0
829 2.204119982655925
832 1.845098040014257
833 1.845098040014257
843 1.4771212547196624
846 1.0
847 1.6989700043360187
850 1.845098040014257
851 1.845098040014257
852 1.0
853 1.4771212547196624
854 1.6989700043360187
856 1.4771212547196624
861 1.3010299956639813
864 1.3010299956639813
865 1.6989700043360187
867 1.4771212547196624
868 1.6020599913279625
869 1.6020599913279625
873 1.9542425094393248
875 1.3010299956639813
878 1.7781512503836436
880 1.0
881 1.3010299956639813
884 1.7781512503836436
888 1.6020599913279625
889 1.9542425094393248
890 1.9542425094393248
893 1.6020599913279625
894 1.6020599913279625
896 1.9030899869919435
897 1.3010299956639813
903 1.3010299956639813
905 1.3010299956639813
910 1.0
919 1.4771212547196624
921 1.845098040014257
923 1.4771212547196624
925 1.6020599913279625
926 1.6989700043360187
933 1.6989700043360187
936 1.3010299956639813
937 1.0
940 1.3010299956639813
942 1.9542425094393248
945 1.6020599913279625
949 1.3010299956639813
950 1.3010299956639813
951 2.0413926851582254
952 1.845098040014257
956 1.6020599913279625
959 1.9542425094393248
961 1.7781512503836436
963 1.4771212547196624
964 1.6020599913279625
968 1.4771212547196624
972 2.079181246047625
973 1.0
974 1.6020599913279625
975 1.0
977 1.3010299956639813
979 1.4771212547196624
983 1.0
984 1.9030899869919435
986 1.4771212547196624
988 1.6020599913279625
989 1.3010299956639813
994 1.845098040014257
996 2.0413926851582254
998 1.4771212547196624
1000 1.6989700043360187
1002 1.9030899869919435
1003 1.3010299956639813
1004 1.3010299956639813
1010 1.0
1015 1.4771212547196624
1016 1.9030899869919435
1020 1.4771212547196624
1022 1.7781512503836436
1027 1.0
1031 1.4771212547196624
1032 1.6020599913279625
1036 1.4771212547196624
1037 1.3010299956639813
1039 1.3010299956639813
1040 1.0
1042 1.3010299956639813
1044 1.4771212547196624
1049 1.3010299956639813
1053 1.9030899869919435
1056 1.0
1068 1.4771212547196624
1072 1.3010299956639813
1073 1.6989700043360187
1076 1.6020599913279625
1078 1.4771212547196624
1079 1.3010299956639813
1088 1.3010299956639813
1091 1.3010299956639813
1096 1.845098040014257
1099 1.6020599913279625
1111 1.0
1112 1.0
1117 1.6020599913279625
1118 1.6020599913279625
1122 1.0
1123 1.845098040014257
1126 1.4771212547196624
1127 1.6020599913279625
1128 1.6020599913279625
1129 1.4771212547196624
1130 1.4771212547196624
1135 1.3010299956639813
1136 1.3010299956639813
1140 1.6020599913279625
1143 1.0
1144 1.0
1147 1.9030899869919435
1148 1.9030899869919435
1150 1.6989700043360187
1156 2.0
1162 1.9030899869919435
1163 1.0
1165 1.9030899869919435
1166 1.0
1176 1.0
1177 1.6020599913279625
1182 1.0
1185 1.6020599913279625
1186 1.6020599913279625
1188 1.6020599913279625
1190 2.3010299956639813
1193 1.845098040014257
1194 1.4771212547196624
1197 1.9030899869919435
1198 1.4771212547196624
1200 1.0
1204 1.6020599913279625
1211 1.0
1213 1.6020599913279625
1214 1.0
1218 1.9542425094393248
1223 1.0
1228 1.9030899869919435
1230 1.0
1231 1.4771212547196624
1232 1.3010299956639813
1234 1.6020599913279625
1239 1.0
1243 1.9542425094393248
1244 1.3010299956639813
1247 1.6020599913279625
1248 1.0
1250 1.3010299956639813
1254 1.4771212547196624
1257 1.0
1258 1.6020599913279625
1259 1.6989700043360187
1262 2.1760912590556813
1263 1.7781512503836436
1264 1.0
1266 2.113943352306837
1267 2.146128035678238
1268 1.4771212547196624
1269 2.204119982655925
1274 1.3010299956639813
1277 1.0
1281 2.0413926851582254
1285 2.113943352306837
1286 1.9030899869919435
1287 1.6989700043360187
1288 1.0
1289 1.9542425094393248
1293 1.7781512503836436
1298 2.0
1304 1.3010299956639813
1305 1.4771212547196624
1306 1.6020599913279625
1310 1.0
1311 2.0
1314 1.3010299956639813
1316 1.7781512503836436
1317 1.6020599913279625
1318 2.255272505103306
1321 1.6020599913279625
1322 1.6989700043360187
1323 1.3010299956639813
