0 1.0
3 1.3010299956639813
11 1.4771212547196624
21 1.0
32 1.0
42 1.845098040014257
45 1.3010299956639813
48 1.0
74 1.7781512503836436
80 1.3010299956639813
86 1.0
91 1.3010299956639813
104 1.0
107 1.6020599913279625
111 1.0
117 1.0
118 1.3010299956639813
121 1.0
128 1.3010299956639813
130 1.7781512503836436
145 1.3010299956639813
150 1.0
160 1.0
189 1.3010299956639813
192 1.0
200 1.0
201 1.0
222 1.0
223 1.3010299956639813
224 1.0
225 1.0
229 1.0
230 1.0
236 1.0
240 1.0
251 1.0
256 1.0
260 1.0
261 1.0
264 1.3010299956639813
278 1.0
283 1.0
288 1.0
301 1.0
306 1.0
309 1.0
314 1.3010299956639813
318 1.4771212547196624
329 1.0
330 1.0
338 1.0
344 1.4771212547196624
345 1.0
346 1.0
349 1.0
354 1.3010299956639813
356 1.0
361 1.0
364 1.4771212547196624
368 1.3010299956639813
369 1.0
377 1.3010299956639813
378 1.3010299956639813
391 1.0
395 1.0
398 1.0
401 1.0
403 1.0
409 1.4771212547196624
412 1.0
415 1.9030899869919435
427 1.0
429 1.3010299956639813
443 1.0
447 1.0
451 1.0
458 1.0
462 1.0
498 1.6020599913279625
512 1.0
523 1.0
533 1.0
538 1.3010299956639813
539 1.0
540 1.0
542 1.3010299956639813
545 1.0
570 1.0
571 1.4771212547196624
572 1.3010299956639813
580 1.7781512503836436
581 1.3010299956639813
584 1.3010299956639813
585 1.3010299956639813
587 1.0
592 1.3010299956639813
601 1.0
602 1.6020599913279625
603 1.6020599913279625
608 1.0
609 1.0
615 1.0
632 1.0
637 1.4771212547196624
649 1.0
669 1.0
670 1.4771212547196624
673 1.0
681 1.6020599913279625
688 1.0
691 1.4771212547196624
692 1.0
714 1.7781512503836436
716 1.0
718 1.0
720 1.3010299956639813
722 1.0
743 1.0
747 1.0
790 1.0
809 1.0
845 1.3010299956639813
851 1.4771212547196624
863 1.0
865 1.3010299956639813
868 1.0
869 1.0
878 1.4771212547196624
888 1.3010299956639813
889 1.0
890 1.0
903 1.0
913 1.3010299956639813
921 1.0
925 1.0
926 1.0
929 1.4771212547196624
938 1.3010299956639813
940 1.0
941 1.0
943 1.3010299956639813
944 1.3010299956639813
949 1.0
954 1.3010299956639813
957 1.0
979 1.3010299956639813
996 1.3010299956639813
1005 1.0
1022 1.6020599913279625
1026 1.0
1028 1.0
1044 1.3010299956639813
1052 1.3010299956639813
1065 1.3010299956639813
1066 1.0
1079 1.0
1083 1.3010299956639813
1090 1.0
1095 1.6989700043360187
1096 1.3010299956639813
1103 1.0
1119 1.0
1154 1.0
1157 1.6020599913279625
1183 1.0
1190 1.845098040014257
1193 1.4771212547196624
1197 1.0
1198 1.0
1231 1.0
1243 1.0
1244 1.0
1259 1.3010299956639813
1286 1.3010299956639813
1290 1.0
1293 1.0
1313 1.3010299956639813
