42 1.6020599913279625
45 1.0
82 1.0
107 1.4771212547196624
110 1.0
157 1.0
180 1.0
245 1.6020599913279625
354 1.0
359 1.3010299956639813
380 1.0
407 1.0
429 1.0
438 1.0
482 1.3010299956639813
497 1.0
537 1.0
565 1.0
586 1.3010299956639813
596 1.3010299956639813
597 1.0
598 1.0
690 1.0
706 1.0
723 1.0
725 1.3010299956639813
771 1.7781512503836436
829 1.3010299956639813
845 1.0
859 1.0
875 1.0
908 1.0
929 1.3010299956639813
935 1.0
1002 1.0
1096 1.0
1162 1.0
1165 1.4771212547196624
1206 1.0
1234 1.3010299956639813
