118 1.0
136 1.0
141 1.0
209 1.4771212547196624
222 1.0
224 1.0
226 1.3010299956639813
246 1.0
274 1.0
305 1.0
397 1.3010299956639813
412 1.3010299956639813
446 1.3010299956639813
458 1.6989700043360187
464 1.0
468 1.3010299956639813
493 1.0
506 1.0
524 1.3010299956639813
552 1.3010299956639813
560 1.0
586 1.0
704 1.0
714 1.6020599913279625
728 1.3010299956639813
768 1.0
772 1.0
807 1.0
854 1.3010299956639813
1037 1.0
1096 1.0
1177 1.0
1188 1.3010299956639813
1249 1.0
1267 1.3010299956639813
1269 1.0
1286 1.3010299956639813
1293 1.3010299956639813
