106 1.0
126 1.0
134 1.0
135 1.3010299956639813
141 1.0
157 1.0
216 1.0
219 1.0
221 1.0
230 1.3010299956639813
234 1.0
248 1.0
254 1.4771212547196624
260 1.0
302 1.0
383 1.0
389 1.3010299956639813
458 1.0
525 1.0
538 1.0
539 1.0
586 1.0
615 1.0
648 1.3010299956639813
667 1.0
721 1.0
755 1.0
815 1.0
819 1.0
888 1.0
916 1.0
951 1.0
982 1.0
1068 1.0
1096 1.0
1151 1.4771212547196624
1165 1.3010299956639813
1196 1.3010299956639813
1227 1.0
1228 1.3010299956639813
1258 1.0
1262 1.0
1266 1.0
1268 1.0
1315 1.0
