5 1.3010299956639813
15 1.6989700043360187
18 1.0
25 1.4771212547196624
34 1.4771212547196624
38 1.6020599913279625
45 2.146128035678238
49 1.4771212547196624
50 1.6989700043360187
54 1.6989700043360187
56 1.3010299956639813
58 1.4771212547196624
59 1.3010299956639813
60 1.3010299956639813
61 1.0
64 1.3010299956639813
90 1.7781512503836436
91 1.7781512503836436
106 1.4771212547196624
107 2.0
110 1.6020599913279625
116 1.4771212547196624
120 1.3010299956639813
123 1.4771212547196624
124 1.4771212547196624
126 1.3010299956639813
130 2.079181246047625
133 1.0
136 1.845098040014257
141 2.079181246047625
143 1.6020599913279625
144 1.4771212547196624
146 2.0413926851582254
147 1.6020599913279625
148 1.6020599913279625
157 2.079181246047625
158 1.6989700043360187
165 1.3010299956639813
166 1.7781512503836436
170 2.113943352306837
171 1.0
172 1.7781512503836436
173 1.0
179 1.6020599913279625
180 1.3010299956639813
182 1.4771212547196624
183 1.9542425094393248
185 1.7781512503836436
193 1.9542425094393248
194 1.6020599913279625
200 1.3010299956639813
201 1.3010299956639813
207 1.9030899869919435
209 2.3222192947339195
210 1.0
211 2.0413926851582254
214 1.3010299956639813
215 1.3010299956639813
217 1.7781512503836436
220 1.3010299956639813
221 1.3010299956639813
222 1.4771212547196624
224 1.6989700043360187
229 2.0
230 1.6989700043360187
231 1.4771212547196624
232 1.3010299956639813
235 1.9542425094393248
243 1.0
244 1.3010299956639813
246 1.3010299956639813
249 1.7781512503836436
253 1.3010299956639813
254 2.278753600952829
255 1.3010299956639813
256 1.6989700043360187
259 1.4771212547196624
260 1.7781512503836436
262 1.3010299956639813
264 1.0
271 1.4771212547196624
273 1.6020599913279625
274 2.0413926851582254
275 1.6020599913279625
280 1.6989700043360187
281 1.6020599913279625
288 1.0
291 1.845098040014257
296 1.7781512503836436
297 1.6020599913279625
301 1.6989700043360187
303 1.0
309 1.0
310 1.0
313 1.3010299956639813
316 1.9030899869919435
318 1.3010299956639813
324 1.6020599913279625
325 1.3010299956639813
329 1.4771212547196624
330 1.7781512503836436
331 1.3010299956639813
333 1.6020599913279625
335 1.7781512503836436
340 1.0
344 1.4771212547196624
346 1.7781512503836436
349 1.6020599913279625
350 1.6989700043360187
352 1.0
354 1.6989700043360187
362 1.3010299956639813
364 2.0
370 1.0
377 1.3010299956639813
382 1.6989700043360187
388 1.7781512503836436
396 1.0
399 1.0
409 1.6020599913279625
411 1.7781512503836436
421 1.0
427 1.3010299956639813
429 1.0
436 1.4771212547196624
440 1.4771212547196624
443 1.4771212547196624
447 1.6020599913279625
448 1.0
457 1.7781512503836436
458 2.6627578316815743
460 1.4771212547196624
463 2.0413926851582254
466 1.3010299956639813
468 1.9542425094393248
473 1.4771212547196624
484 1.3010299956639813
486 1.6020599913279625
491 1.4771212547196624
493 1.3010299956639813
496 1.6020599913279625
497 1.6989700043360187
500 1.0
501 1.6020599913279625
506 2.113943352306837
513 1.6020599913279625
515 1.6020599913279625
517 1.3010299956639813
520 1.4771212547196624
522 1.3010299956639813
526 1.6989700043360187
527 1.845098040014257
537 1.0
538 1.3010299956639813
541 1.3010299956639813
546 1.6020599913279625
549 1.6989700043360187
551 2.204119982655925
552 1.4771212547196624
556 1.0
558 1.6989700043360187
560 1.6020599913279625
561 1.4771212547196624
565 1.6020599913279625
566 1.3010299956639813
570 1.4771212547196624
571 1.6989700043360187
572 1.4771212547196624
573 1.0
574 1.0
580 1.4771212547196624
587 1.4771212547196624
589 1.4771212547196624
591 1.6989700043360187
596 1.7781512503836436
597 1.0
598 1.0
605 1.3010299956639813
606 1.3010299956639813
608 1.0
611 1.0
615 1.9542425094393248
618 1.3010299956639813
619 2.0413926851582254
634 1.6020599913279625
643 1.0
651 1.6020599913279625
674 1.3010299956639813
675 1.3010299956639813
679 1.4771212547196624
681 1.845098040014257
683 1.3010299956639813
685 1.3010299956639813
690 1.3010299956639813
695 1.3010299956639813
706 1.3010299956639813
707 1.3010299956639813
716 1.3010299956639813
717 1.3010299956639813
720 1.4771212547196624
721 1.4771212547196624
722 1.0
723 1.3010299956639813
724 1.0
733 2.204119982655925
735 1.0
738 1.3010299956639813
743 1.7781512503836436
749 1.6020599913279625
751 1.0
761 1.4771212547196624
764 1.4771212547196624
768 1.0
769 1.4771212547196624
770 1.4771212547196624
771 1.9030899869919435
772 1.6020599913279625
778 1.0
779 1.3010299956639813
787 1.4771212547196624
788 1.4771212547196624
791 1.3010299956639813
793 1.0
797 1.6020599913279625
801 1.0
806 1.4771212547196624
807 1.4771212547196624
808 1.4771212547196624
809 1.6989700043360187
815 1.3010299956639813
817 1.6020599913279625
818 1.6020599913279625
821 1.3010299956639813
832 1.3010299956639813
833 1.3010299956639813
838 1.7781512503836436
848 1.4771212547196624
850 1.6989700043360187
852 1.4771212547196624
854 1.6989700043360187
857 1.3010299956639813
859 1.3010299956639813
866 1.0
872 1.4771212547196624
878 1.3010299956639813
880 1.0
904 1.0
908 1.3010299956639813
912 1.4771212547196624
914 1.0
916 1.3010299956639813
917 1.7781512503836436
921 1.4771212547196624
927 1.4771212547196624
932 1.6020599913279625
938 1.0
942 1.3010299956639813
945 1.0
947 1.9030899869919435
964 1.4771212547196624
965 1.7781512503836436
966 1.845098040014257
968 1.9030899869919435
973 1.0
980 1.3010299956639813
989 1.0
993 1.6020599913279625
996 1.7781512503836436
997 1.0
1002 1.6989700043360187
1006 1.0
1011 1.6989700043360187
1012 1.6989700043360187
1016 2.113943352306837
1022 1.6989700043360187
1033 1.0
1036 1.3010299956639813
1037 1.4771212547196624
1040 1.0
1042 1.0
1044 1.0
1047 1.6020599913279625
1049 1.0
1051 1.6020599913279625
1057 1.4771212547196624
1058 1.4771212547196624
1060 1.0
1068 1.4771212547196624
1096 1.3010299956639813
1110 1.3010299956639813
1114 1.6989700043360187
1125 1.0
1126 1.0
1127 1.7781512503836436
1128 1.7781512503836436
1140 2.0
1147 1.3010299956639813
1148 1.3010299956639813
1150 2.0
1157 1.4771212547196624
1162 1.0
1170 1.4771212547196624
1177 1.4771212547196624
1178 1.0
1185 1.3010299956639813
1186 1.0
1188 1.4771212547196624
1193 1.3010299956639813
1204 1.9030899869919435
1211 1.0
1219 1.3010299956639813
1220 1.3010299956639813
1226 1.0
1228 1.9542425094393248
1230 1.4771212547196624
1243 1.3010299956639813
1244 1.4771212547196624
1250 1.0
1253 1.3010299956639813
1262 2.204119982655925
1264 1.4771212547196624
1266 1.9030899869919435
1267 1.6989700043360187
1269 2.0413926851582254
1270 2.0
1271 1.0
1272 1.0
1277 1.0
1281 1.3010299956639813
1286 1.4771212547196624
1295 1.7781512503836436
1296 1.3010299956639813
1297 1.3010299956639813
1298 2.0413926851582254
1302 1.3010299956639813
1303 1.0
1304 1.3010299956639813
1307 1.9030899869919435
1308 1.0
1309 1.4771212547196624
1310 1.6020599913279625
1315 1.0
1317 1.3010299956639813
1321 1.3010299956639813
1322 1.4771212547196624
