0 1.0
21 1.0
46 1.3010299956639813
80 1.0
110 1.0
113 1.0
114 1.0
132 1.4771212547196624
134 1.0
135 1.3010299956639813
141 1.3010299956639813
143 1.0
145 1.0
146 1.3010299956639813
172 1.3010299956639813
183 1.0
189 1.0
192 1.0
207 1.3010299956639813
209 1.6020599913279625
230 1.0
237 1.0
274 1.6020599913279625
275 1.0
297 1.0
299 1.4771212547196624
318 1.0
326 1.0
335 1.3010299956639813
349 1.0
364 1.0
380 1.0
394 1.0
412 1.0
472 1.0
491 1.0
496 1.0
497 1.4771212547196624
506 1.0
512 1.0
513 1.0
526 1.0
546 1.0
582 1.0
583 1.0
586 1.4771212547196624
587 1.0
592 1.4771212547196624
615 1.0
619 1.3010299956639813
631 1.0
644 1.0
648 1.0
649 1.0
674 1.0
675 1.0
680 1.0
698 1.0
714 1.0
720 1.0
743 1.6020599913279625
744 1.0
779 1.0
790 1.0
794 1.4771212547196624
802 1.3010299956639813
803 1.3010299956639813
807 1.0
810 1.4771212547196624
813 1.0
839 1.0
840 1.0
889 1.0
890 1.0
902 1.0
917 1.0
925 1.0
936 1.0
968 1.0
970 1.3010299956639813
984 1.0
985 1.0
1009 1.0
1029 1.3010299956639813
1135 1.0
1136 1.0
1174 1.0
1190 1.0
1193 1.0
1198 1.0
1247 1.4771212547196624
1254 1.0
1267 1.0
1270 1.0
1318 1.0
