12 1.3010299956639813
13 1.4771212547196624
20 1.6020599913279625
21 1.845098040014257
27 1.3010299956639813
30 1.3010299956639813
32 1.3010299956639813
34 1.0
37 1.0
47 2.079181246047625
49 1.4771212547196624
50 1.6989700043360187
54 1.4771212547196624
61 1.3010299956639813
67 1.0
72 1.6020599913279625
84 1.3010299956639813
86 1.6989700043360187
88 1.9030899869919435
89 1.0
90 1.7781512503836436
93 1.4771212547196624
95 1.3010299956639813
96 1.6989700043360187
103 1.6020599913279625
107 2.3222192947339195
109 1.0
110 1.845098040014257
112 2.0413926851582254
116 1.4771212547196624
117 1.3010299956639813
118 1.7781512503836436
121 1.4771212547196624
127 1.3010299956639813
130 2.255272505103306
136 1.845098040014257
142 2.113943352306837
143 1.7781512503836436
144 1.6989700043360187
146 1.9542425094393248
148 1.4771212547196624
152 1.6989700043360187
157 1.9542425094393248
158 1.3010299956639813
162 1.4771212547196624
166 1.845098040014257
168 1.3010299956639813
175 1.6989700043360187
176 1.6020599913279625
179 2.1760912590556813
180 1.0
182 1.4771212547196624
183 2.146128035678238
184 1.6020599913279625
185 2.0413926851582254
189 1.7781512503836436
193 1.6989700043360187
195 1.9030899869919435
199 1.6020599913279625
200 1.4771212547196624
201 1.4771212547196624
203 1.4771212547196624
208 1.3010299956639813
209 2.462397997898956
210 1.7781512503836436
211 2.278753600952829
213 1.0
217 1.845098040014257
219 1.3010299956639813
220 1.0
223 1.3010299956639813
224 1.6989700043360187
227 1.6020599913279625
229 1.6020599913279625
231 1.6020599913279625
234 1.6020599913279625
235 1.6989700043360187
241 1.4771212547196624
242 1.6020599913279625
243 1.4771212547196624
244 1.845098040014257
252 1.4771212547196624
253 1.4771212547196624
255 1.0
256 1.6989700043360187
259 1.6989700043360187
260 1.3010299956639813
264 1.6020599913279625
268 1.6020599913279625
271 1.6020599913279625
275 1.7781512503836436
279 1.9030899869919435
281 1.4771212547196624
288 1.4771212547196624
303 1.6020599913279625
306 1.9542425094393248
307 1.0
309 1.0
313 1.0
314 1.845098040014257
316 2.1760912590556813
318 2.0413926851582254
324 2.0413926851582254
326 1.3010299956639813
327 1.845098040014257
329 1.6989700043360187
330 1.6020599913279625
337 2.1760912590556813
340 1.3010299956639813
343 1.7781512503836436
346 1.6989700043360187
349 1.6020599913279625
350 1.7781512503836436
360 1.6020599913279625
361 1.845098040014257
362 1.0
364 2.230448921378274
368 1.6989700043360187
370 1.0
377 1.9542425094393248
379 2.0
382 1.3010299956639813
388 1.0
395 1.3010299956639813
397 1.6989700043360187
399 1.0
401 1.0
421 1.0
425 1.7781512503836436
427 1.4771212547196624
433 1.3010299956639813
434 1.4771212547196624
436 1.7781512503836436
443 1.9542425094393248
446 1.3010299956639813
449 1.6989700043360187
450 1.7781512503836436
458 3.615950051656401
463 1.0
465 1.9030899869919435
468 1.9542425094393248
469 1.0
471 1.0
473 1.9030899869919435
478 1.0
481 1.3010299956639813
482 2.0
483 1.3010299956639813
484 1.3010299956639813
488 1.0
491 1.6020599913279625
493 1.6020599913279625
494 1.3010299956639813
496 1.4771212547196624
500 1.0
501 1.9542425094393248
510 1.7781512503836436
526 1.7781512503836436
528 1.4771212547196624
537 1.0
538 1.6989700043360187
539 1.6020599913279625
540 1.3010299956639813
542 1.6989700043360187
549 1.6020599913279625
551 1.9542425094393248
552 1.3010299956639813
554 1.3010299956639813
555 1.6020599913279625
565 1.3010299956639813
566 1.0
575 1.3010299956639813
579 1.4771212547196624
580 2.0413926851582254
586 1.9030899869919435
587 1.6989700043360187
588 1.9030899869919435
589 1.6020599913279625
591 1.4771212547196624
592 2.079181246047625
596 2.0
597 1.4771212547196624
598 1.4771212547196624
599 1.6020599913279625
602 1.0
603 1.0
607 1.4771212547196624
608 1.4771212547196624
611 1.3010299956639813
619 1.9030899869919435
630 1.9542425094393248
631 1.9542425094393248
634 2.0413926851582254
637 1.9030899869919435
641 1.4771212547196624
643 1.3010299956639813
648 1.7781512503836436
651 1.3010299956639813
690 1.9030899869919435
716 1.6020599913279625
717 1.3010299956639813
720 1.6989700043360187
722 1.0
723 1.3010299956639813
729 1.4771212547196624
733 2.342422680822206
737 1.4771212547196624
738 1.3010299956639813
743 1.9030899869919435
744 1.4771212547196624
746 1.0
749 1.3010299956639813
756 1.3010299956639813
761 1.9542425094393248
765 1.3010299956639813
769 1.0
770 1.3010299956639813
771 2.113943352306837
775 1.4771212547196624
777 1.6989700043360187
781 1.3010299956639813
786 1.3010299956639813
793 1.0
797 1.3010299956639813
799 1.3010299956639813
800 1.4771212547196624
802 1.3010299956639813
803 1.3010299956639813
806 1.0
808 1.6020599913279625
809 1.0
815 1.6020599913279625
821 2.079181246047625
824 1.4771212547196624
825 1.4771212547196624
830 1.6020599913279625
837 1.6989700043360187
838 1.9030899869919435
854 2.0
855 1.845098040014257
859 1.3010299956639813
865 1.6989700043360187
866 1.3010299956639813
870 1.4771212547196624
872 1.9030899869919435
878 1.7781512503836436
893 1.6989700043360187
896 2.0
899 1.4771212547196624
900 1.0
904 1.6020599913279625
907 1.0
914 1.4771212547196624
918 1.0
920 1.4771212547196624
921 1.6020599913279625
926 1.7781512503836436
942 1.9030899869919435
943 1.9542425094393248
944 1.9542425094393248
948 1.9030899869919435
951 2.230448921378274
957 1.3010299956639813
959 1.6989700043360187
963 1.3010299956639813
965 1.4771212547196624
977 1.6989700043360187
988 1.4771212547196624
989 1.3010299956639813
993 1.4771212547196624
994 1.6020599913279625
1001 1.6020599913279625
1009 1.3010299956639813
1016 2.3010299956639813
1020 2.146128035678238
1022 1.4771212547196624
1028 1.6020599913279625
1032 1.4771212547196624
1033 1.3010299956639813
1036 1.6020599913279625
1040 1.0
1042 1.0
1049 1.3010299956639813
1052 2.146128035678238
1059 1.6020599913279625
1061 1.3010299956639813
1065 1.3010299956639813
1068 1.9542425094393248
1090 1.0
1095 2.1760912590556813
1096 1.6020599913279625
1099 1.6989700043360187
1111 1.0
1112 1.0
1113 1.0
1122 1.3010299956639813
1126 1.0
1129 1.7781512503836436
1130 1.7781512503836436
1140 2.079181246047625
1143 1.0
1144 1.0
1150 2.255272505103306
1154 1.4771212547196624
1157 2.1760912590556813
1161 1.3010299956639813
1162 1.0
1165 2.230448921378274
1167 1.6020599913279625
1172 1.0
1182 1.0
1183 1.6020599913279625
1184 1.4771212547196624
1185 1.4771212547196624
1186 1.6020599913279625
1190 2.146128035678238
1197 1.6020599913279625
1198 1.6020599913279625
1204 1.6020599913279625
1214 1.3010299956639813
1226 1.3010299956639813
1228 2.0413926851582254
1232 1.4771212547196624
1234 1.4771212547196624
1239 1.0
1242 1.845098040014257
1247 1.6020599913279625
1252 1.0
1262 2.1760912590556813
1264 2.0413926851582254
1266 1.9030899869919435
1268 1.6989700043360187
1269 2.255272505103306
1272 1.0
1277 1.3010299956639813
1280 1.3010299956639813
1293 1.6989700043360187
1295 1.3010299956639813
1298 1.7781512503836436
1301 1.0
1306 1.6020599913279625
1309 1.0
1311 1.0
1312 1.0
1318 1.3010299956639813
