39 1.0
42 1.0
58 1.0
62 1.3010299956639813
68 1.0
69 1.3010299956639813
75 1.3010299956639813
76 1.0
95 1.0
99 1.3010299956639813
100 1.0
107 1.9542425094393248
110 1.4771212547196624
111 1.0
121 1.0
126 1.4771212547196624
130 1.9542425094393248
132 1.0
135 1.6989700043360187
139 1.4771212547196624
141 1.0
145 1.6989700043360187
147 1.0
157 1.3010299956639813
163 1.6020599913279625
166 1.3010299956639813
183 1.3010299956639813
189 1.3010299956639813
191 1.0
207 1.0
209 1.0
229 1.0
230 1.4771212547196624
263 1.0
275 1.3010299956639813
276 1.0
288 1.0
289 1.3010299956639813
296 1.6020599913279625
299 1.0
306 1.3010299956639813
314 1.0
318 1.3010299956639813
335 1.0
341 1.0
343 1.3010299956639813
344 1.0
350 1.0
354 1.3010299956639813
356 1.0
361 1.3010299956639813
368 1.0
406 1.0
470 1.0
482 1.6989700043360187
486 1.0
527 1.0
529 1.0
545 1.3010299956639813
582 1.3010299956639813
583 1.3010299956639813
586 1.0
587 1.3010299956639813
588 1.3010299956639813
591 1.0
595 1.3010299956639813
601 1.0
608 1.0
609 1.3010299956639813
649 1.0
664 1.0
670 1.0
671 1.0
679 1.3010299956639813
687 1.0
690 1.0
692 1.0
695 1.0
701 1.0
715 1.6989700043360187
740 1.3010299956639813
743 1.4771212547196624
747 1.0
767 1.0
790 1.0
792 1.3010299956639813
797 1.0
805 1.3010299956639813
807 1.6020599913279625
815 1.0
860 1.0
868 1.3010299956639813
869 1.3010299956639813
870 1.0
872 1.3010299956639813
877 1.0
881 1.3010299956639813
889 1.0
890 1.0
903 1.0
910 1.3010299956639813
917 1.0
924 1.3010299956639813
929 1.6020599913279625
935 1.0
943 1.0
944 1.0
962 1.9030899869919435
964 1.7781512503836436
1005 1.3010299956639813
1022 1.0
1072 1.0
1083 1.0
1154 1.0
1155 1.3010299956639813
1157 1.6020599913279625
1165 1.4771212547196624
1170 1.4771212547196624
1176 1.0
1197 1.0
1198 1.0
1228 1.3010299956639813
1233 1.3010299956639813
1234 1.0
1243 1.0
1244 1.0
1254 1.0
1274 1.0
1276 1.6020599913279625
1321 1.3010299956639813
