45 1.4771212547196624
47 1.0
56 1.9030899869919435
75 1.0
102 1.0
105 1.3010299956639813
110 1.0
128 1.4771212547196624
145 1.0
155 1.0
185 1.4771212547196624
193 1.3010299956639813
265 1.6020599913279625
284 1.0
303 1.0
337 1.4771212547196624
338 1.0
358 1.0
361 1.0
482 1.4771212547196624
541 1.0
587 1.0
636 1.0
644 1.3010299956639813
658 1.0
700 1.0
715 1.6020599913279625
723 1.0
733 1.0
765 1.0
776 1.0
829 1.3010299956639813
866 1.0
868 1.0
869 1.0
875 1.3010299956639813
911 1.3010299956639813
929 1.4771212547196624
962 1.6989700043360187
996 1.0
1051 1.7781512503836436
1052 1.3010299956639813
1105 1.0
1106 1.0
1152 1.4771212547196624
1158 1.0
1287 1.0
1305 1.0
