2 1.3010299956639813
4 1.0
8 1.0
11 1.7781512503836436
34 1.0
38 2.1760912590556813
45 2.0413926851582254
47 1.4771212547196624
59 1.0
60 1.0
65 1.3010299956639813
81 1.3010299956639813
93 1.3010299956639813
107 1.9030899869919435
112 2.0
118 1.6020599913279625
130 1.4771212547196624
133 1.6020599913279625
136 1.6020599913279625
138 1.3010299956639813
139 1.0
141 1.3010299956639813
143 1.0
144 1.3010299956639813
146 1.6020599913279625
148 1.3010299956639813
154 1.0
171 1.6020599913279625
179 2.0413926851582254
180 1.7781512503836436
182 1.4771212547196624
183 1.7781512503836436
189 1.4771212547196624
190 1.4771212547196624
193 1.4771212547196624
200 1.3010299956639813
201 1.3010299956639813
209 2.4471580313422194
211 2.0
215 1.0
217 1.4771212547196624
220 1.3010299956639813
221 1.845098040014257
225 1.0
226 1.4771212547196624
228 1.0
229 2.146128035678238
234 1.0
237 1.4771212547196624
238 1.0
242 1.4771212547196624
243 1.6989700043360187
244 1.3010299956639813
247 1.3010299956639813
257 1.0
263 1.3010299956639813
264 1.4771212547196624
265 1.6989700043360187
271 1.3010299956639813
273 1.9030899869919435
275 1.0
279 1.4771212547196624
282 1.6020599913279625
288 1.6020599913279625
305 1.6020599913279625
306 1.9030899869919435
310 1.0
318 1.3010299956639813
321 1.6020599913279625
323 1.3010299956639813
325 1.6989700043360187
327 1.7781512503836436
329 1.3010299956639813
330 1.6989700043360187
331 1.3010299956639813
338 1.0
340 1.0
342 1.6020599913279625
352 1.3010299956639813
353 1.6020599913279625
360 1.3010299956639813
363 1.0
366 1.7781512503836436
382 1.0
390 1.4771212547196624
395 1.4771212547196624
397 1.7781512503836436
399 1.0
403 1.3010299956639813
408 1.0
409 1.6020599913279625
415 1.6989700043360187
422 1.0
448 1.4771212547196624
450 1.7781512503836436
451 2.079181246047625
457 1.6020599913279625
458 2.4313637641589874
472 1.7781512503836436
473 1.4771212547196624
484 1.6989700043360187
488 1.3010299956639813
494 1.4771212547196624
500 1.4771212547196624
501 1.6020599913279625
510 1.6020599913279625
514 1.3010299956639813
517 1.7781512503836436
522 1.0
523 1.0
526 1.6989700043360187
527 2.146128035678238
529 1.6989700043360187
538 2.0413926851582254
540 1.0
541 1.3010299956639813
543 1.0
544 1.0
546 1.6989700043360187
547 1.0
551 1.845098040014257
555 1.3010299956639813
556 1.7781512503836436
558 1.4771212547196624
566 1.4771212547196624
567 1.0
575 1.6020599913279625
580 1.9542425094393248
586 1.9542425094393248
589 1.0
593 1.0
595 1.3010299956639813
596 2.0
599 1.3010299956639813
601 1.4771212547196624
609 1.6989700043360187
612 1.0
614 1.6989700043360187
615 1.6989700043360187
618 1.0
619 1.3010299956639813
624 1.4771212547196624
625 1.3010299956639813
627 1.0
630 1.4771212547196624
634 1.4771212547196624
637 1.845098040014257
646 1.0
651 1.4771212547196624
655 1.3010299956639813
685 1.0
698 1.3010299956639813
707 1.4771212547196624
720 1.6020599913279625
723 1.7781512503836436
729 1.0
733 2.255272505103306
737 1.3010299956639813
738 1.0
743 1.0
749 1.0
771 2.0
781 1.3010299956639813
782 1.3010299956639813
784 1.0
786 1.0
793 1.0
806 1.3010299956639813
815 1.0
816 1.3010299956639813
824 1.6989700043360187
825 1.6989700043360187
831 1.4771212547196624
839 1.6989700043360187
840 1.6989700043360187
841 1.0
842 1.6989700043360187
843 1.0
846 1.7781512503836436
851 1.6989700043360187
863 1.6020599913279625
865 1.0
873 2.3010299956639813
881 1.0
896 1.4771212547196624
907 1.0
908 1.3010299956639813
910 1.0
917 1.3010299956639813
926 1.9030899869919435
946 1.4771212547196624
948 1.6989700043360187
959 1.7781512503836436
960 1.0
963 1.0
972 1.6989700043360187
974 1.0
979 1.3010299956639813
982 1.3010299956639813
991 1.4771212547196624
996 1.4771212547196624
1004 1.0
1010 1.0
1016 1.6989700043360187
1028 1.0
1034 1.3010299956639813
1040 1.0
1041 1.0
1042 1.3010299956639813
1044 1.3010299956639813
1061 1.0
1068 1.6020599913279625
1078 1.0
1083 1.0
1093 1.6020599913279625
1096 1.0
1101 1.0
1117 1.845098040014257
1118 1.845098040014257
1126 1.0
1137 1.0
1138 1.0
1141 1.0
1142 1.0
1150 1.6020599913279625
1151 1.6020599913279625
1153 1.3010299956639813
1157 1.0
1174 1.3010299956639813
1177 1.6020599913279625
1185 1.3010299956639813
1187 1.3010299956639813
1196 1.6020599913279625
1198 1.4771212547196624
1200 1.3010299956639813
1204 1.3010299956639813
1242 1.6020599913279625
1243 1.4771212547196624
1244 1.4771212547196624
1255 1.3010299956639813
1262 2.4771212547196626
1268 1.6020599913279625
1269 2.278753600952829
1270 1.0
1277 1.0
1281 1.4771212547196624
1282 1.3010299956639813
1284 1.3010299956639813
1285 1.0
1297 1.4771212547196624
1298 2.146128035678238
1304 1.7781512503836436
1307 1.7781512503836436
1313 1.3010299956639813
1323 1.3010299956639813
1324 1.3010299956639813
