11 1.4771212547196624
80 1.3010299956639813
93 1.0
107 1.3010299956639813
119 1.0
130 1.0
183 1.0
230 1.3010299956639813
241 1.0
248 1.0
254 1.0
294 1.0
299 1.0
336 1.3010299956639813
337 1.3010299956639813
347 1.0
352 1.0
354 1.4771212547196624
367 1.0
391 1.0
397 1.0
466 1.0
494 1.0
527 1.0
538 1.0
581 1.0
584 1.0
585 1.0
587 1.0
590 1.0
597 1.3010299956639813
598 1.3010299956639813
602 1.0
603 1.0
622 1.3010299956639813
630 1.0
677 1.3010299956639813
680 1.6989700043360187
693 1.3010299956639813
720 1.3010299956639813
839 1.0
840 1.0
860 1.0
862 1.0
863 1.0
873 1.7781512503836436
893 1.0
905 1.0
1047 1.0
1052 1.3010299956639813
1098 1.0
1190 1.0
1216 1.0
1218 1.6020599913279625
1220 1.0
1260 1.0
1269 1.0
1293 1.0
1303 1.0
1306 1.0
