11 1.4771212547196624
27 1.4771212547196624
49 1.3010299956639813
90 1.0
102 1.3010299956639813
120 1.4771212547196624
123 1.6020599913279625
124 1.6020599913279625
129 1.845098040014257
136 1.6020599913279625
139 1.4771212547196624
141 1.0
145 1.6989700043360187
157 1.9542425094393248
169 1.0
175 1.4771212547196624
179 1.3010299956639813
180 1.3010299956639813
183 1.3010299956639813
188 1.6989700043360187
189 1.3010299956639813
193 1.4771212547196624
194 1.4771212547196624
210 1.0
217 1.0
218 1.0
230 1.6989700043360187
241 1.6020599913279625
248 1.6989700043360187
249 1.3010299956639813
256 1.3010299956639813
261 1.3010299956639813
270 1.6020599913279625
281 1.4771212547196624
283 1.3010299956639813
294 1.0
306 1.4771212547196624
319 1.0
323 1.0
334 1.0
340 1.0
344 1.3010299956639813
352 1.6989700043360187
353 1.3010299956639813
360 1.0
364 2.1760912590556813
365 1.3010299956639813
366 1.3010299956639813
373 1.0
376 1.0
382 1.6020599913279625
399 1.0
415 1.3010299956639813
439 1.0
440 1.4771212547196624
443 1.3010299956639813
446 1.6020599913279625
449 1.3010299956639813
451 1.6989700043360187
458 2.0
473 1.3010299956639813
480 1.0
484 1.845098040014257
503 1.0
512 1.845098040014257
525 1.845098040014257
526 1.6020599913279625
532 1.3010299956639813
552 1.3010299956639813
556 1.4771212547196624
558 1.4771212547196624
586 1.845098040014257
599 1.3010299956639813
601 1.0
609 1.6020599913279625
614 1.0
619 1.845098040014257
622 1.3010299956639813
623 1.3010299956639813
630 1.0
631 1.4771212547196624
637 1.6020599913279625
645 1.0
646 1.0
650 1.0
651 1.0
670 1.0
681 1.4771212547196624
683 1.0
685 1.0
706 1.0
717 1.4771212547196624
723 1.3010299956639813
728 1.4771212547196624
729 1.0
733 2.146128035678238
738 1.0
748 1.0
765 1.0
772 1.4771212547196624
778 1.3010299956639813
779 1.7781512503836436
802 1.0
803 1.0
806 1.845098040014257
808 1.3010299956639813
814 1.0
815 1.3010299956639813
824 1.3010299956639813
825 1.3010299956639813
828 1.0
831 1.3010299956639813
834 1.0
835 1.0
842 1.3010299956639813
843 1.0
851 1.6020599913279625
855 1.3010299956639813
863 1.4771212547196624
887 1.0
899 1.9542425094393248
904 1.0
906 1.0
910 1.4771212547196624
914 1.0
917 1.3010299956639813
927 1.0
945 1.6020599913279625
957 1.3010299956639813
960 1.3010299956639813
973 1.3010299956639813
984 1.6020599913279625
989 1.845098040014257
995 1.3010299956639813
1016 1.6020599913279625
1022 1.4771212547196624
1023 1.4771212547196624
1030 1.3010299956639813
1036 1.0
1037 1.0
1040 1.0
1068 1.4771212547196624
1070 1.0
1074 1.3010299956639813
1075 1.3010299956639813
1086 1.0
1143 1.0
1144 1.0
1150 1.4771212547196624
1159 1.0
1172 1.0
1175 1.0
1177 1.3010299956639813
1185 1.4771212547196624
1190 1.845098040014257
1193 1.6020599913279625
1194 1.0
1200 1.0
1211 1.4771212547196624
1213 1.9030899869919435
1220 1.0
1232 1.0
1244 1.6020599913279625
1262 1.9542425094393248
1267 1.6020599913279625
1269 2.230448921378274
1276 1.6020599913279625
1290 1.0
1295 1.0
1298 2.079181246047625
1321 1.0
