4 1.3010299956639813
15 1.0
41 1.3010299956639813
91 1.0
95 1.0
135 1.3010299956639813
139 1.0
145 1.4771212547196624
157 1.4771212547196624
192 1.0
228 1.0
230 1.0
237 1.0
241 1.0
244 1.0
250 1.0
311 1.0
314 1.3010299956639813
330 1.0
356 1.0
359 1.0
374 1.0
409 1.0
468 1.0
472 1.0
541 1.0
593 1.3010299956639813
596 1.3010299956639813
602 1.3010299956639813
603 1.3010299956639813
618 1.0
623 1.0
631 1.0
690 1.0
715 1.0
717 1.0
720 1.0
728 1.3010299956639813
743 1.0
761 1.0
863 1.3010299956639813
868 1.3010299956639813
869 1.3010299956639813
901 1.3010299956639813
935 1.0
989 1.3010299956639813
1098 1.0
1123 1.3010299956639813
1139 1.3010299956639813
1140 1.6020599913279625
1149 1.0
1150 1.0
1154 1.0
1165 1.3010299956639813
1183 1.0
1216 1.0
1276 1.0
