34 1.0
36 1.0
37 1.0
50 1.3010299956639813
84 1.3010299956639813
90 1.3010299956639813
106 1.3010299956639813
107 1.9030899869919435
110 1.4771212547196624
116 1.4771212547196624
127 1.0
133 1.4771212547196624
136 1.4771212547196624
141 1.6020599913279625
146 1.845098040014257
163 1.845098040014257
179 1.845098040014257
180 1.6020599913279625
193 1.3010299956639813
199 1.4771212547196624
207 1.9030899869919435
211 2.3010299956639813
227 1.6020599913279625
230 1.4771212547196624
237 1.3010299956639813
241 1.3010299956639813
261 1.4771212547196624
262 1.9030899869919435
267 1.0
280 1.0
281 1.845098040014257
303 1.4771212547196624
305 1.845098040014257
310 1.3010299956639813
315 1.9542425094393248
319 1.0
337 2.0
340 1.0
353 1.3010299956639813
355 1.0
360 1.3010299956639813
367 1.7781512503836436
371 1.0
374 1.0
379 2.1760912590556813
388 1.4771212547196624
391 1.6020599913279625
397 1.3010299956639813
398 1.0
399 1.0
401 1.0
412 1.3010299956639813
425 1.0
429 1.4771212547196624
431 1.0
448 1.0
457 1.6989700043360187
458 2.113943352306837
460 1.4771212547196624
478 1.3010299956639813
484 1.4771212547196624
497 1.0
527 1.0
528 1.3010299956639813
532 1.3010299956639813
539 1.3010299956639813
543 1.3010299956639813
544 1.3010299956639813
547 1.0
555 1.6020599913279625
556 1.3010299956639813
558 1.4771212547196624
570 1.6020599913279625
572 1.4771212547196624
575 1.3010299956639813
587 1.3010299956639813
593 1.0
599 1.4771212547196624
600 1.0
609 1.9030899869919435
612 1.4771212547196624
622 1.3010299956639813
631 1.0
651 1.6989700043360187
664 1.6020599913279625
690 1.3010299956639813
706 1.0
714 1.3010299956639813
725 2.113943352306837
726 1.3010299956639813
731 1.845098040014257
733 2.079181246047625
735 1.0
740 1.3010299956639813
744 1.0
746 1.0
751 1.3010299956639813
761 1.7781512503836436
770 1.845098040014257
775 1.6020599913279625
778 1.3010299956639813
779 1.0
783 1.0
790 1.4771212547196624
798 1.3010299956639813
806 1.6020599913279625
810 1.6020599913279625
815 1.0
824 1.3010299956639813
825 1.3010299956639813
831 1.0
842 1.6020599913279625
847 1.0
884 1.4771212547196624
897 1.3010299956639813
914 1.0
917 1.0
933 1.6020599913279625
949 1.9542425094393248
951 1.845098040014257
959 1.6989700043360187
960 1.4771212547196624
964 1.3010299956639813
968 1.6989700043360187
973 1.3010299956639813
982 1.4771212547196624
989 1.0
1016 1.0
1040 1.0
1050 1.3010299956639813
1062 1.0
1068 1.845098040014257
1092 1.3010299956639813
1095 1.6989700043360187
1117 1.3010299956639813
1118 1.3010299956639813
1123 1.4771212547196624
1147 1.0
1148 1.0
1150 1.3010299956639813
1153 1.6989700043360187
1156 2.8129133566428557
1188 1.4771212547196624
1238 1.0
1262 1.9030899869919435
1263 1.3010299956639813
1264 1.6989700043360187
1269 1.845098040014257
1279 1.7781512503836436
1286 1.3010299956639813
1298 2.079181246047625
1307 1.4771212547196624
1308 1.0
