0 1.0
21 1.4771212547196624
41 1.3010299956639813
58 1.0
76 1.0
103 1.0
132 1.3010299956639813
142 1.3010299956639813
157 1.0
163 1.4771212547196624
189 1.0
223 1.0
230 1.0
245 1.0
250 1.0
270 1.0
296 1.0
320 1.3010299956639813
356 1.0
361 1.0
364 1.0
412 1.0
452 1.0
494 1.0
499 1.0
503 1.0
525 1.0
528 1.0
558 1.0
588 1.3010299956639813
609 1.0
649 1.0
679 1.0
681 1.0
690 1.0
761 1.3010299956639813
862 1.3010299956639813
889 1.3010299956639813
890 1.3010299956639813
1000 1.0
1086 1.0
1149 1.0
1150 1.0
1151 1.0
1152 1.0
1190 1.3010299956639813
1217 1.0
1258 1.0
1276 1.0
