0 1.0
21 1.4771212547196624
41 1.0
48 1.3010299956639813
49 1.0
50 1.9030899869919435
84 1.4771212547196624
90 1.3010299956639813
99 1.0
118 1.0
120 1.4771212547196624
123 1.4771212547196624
124 1.4771212547196624
126 1.0
133 1.0
136 1.7781512503836436
144 1.3010299956639813
168 1.4771212547196624
176 1.3010299956639813
179 1.3010299956639813
180 1.6020599913279625
193 1.3010299956639813
194 1.7781512503836436
209 2.8512583487190755
211 2.5440680443502757
213 1.7781512503836436
224 2.1760912590556813
229 1.4771212547196624
234 1.3010299956639813
235 1.0
241 1.3010299956639813
242 1.4771212547196624
244 1.3010299956639813
247 1.6989700043360187
252 1.7781512503836436
257 1.3010299956639813
260 1.3010299956639813
267 1.0
268 1.7781512503836436
283 1.3010299956639813
288 1.0
340 1.0
365 1.0
377 1.6989700043360187
391 1.4771212547196624
395 1.0
398 1.0
399 1.0
401 1.0
406 1.0
425 1.0
432 1.0
438 1.9542425094393248
443 1.6989700043360187
450 1.3010299956639813
455 1.0
458 2.6020599913279625
466 1.0
468 1.4771212547196624
484 1.6989700043360187
487 1.0
493 1.3010299956639813
521 1.0
528 1.3010299956639813
532 1.4771212547196624
551 2.079181246047625
561 1.0
565 1.3010299956639813
566 1.6020599913279625
568 1.0
569 1.0
582 1.0
583 1.0
596 1.3010299956639813
601 1.3010299956639813
609 1.4771212547196624
630 1.845098040014257
636 1.845098040014257
637 1.845098040014257
647 1.3010299956639813
651 1.7781512503836436
673 1.0
695 1.6020599913279625
719 1.3010299956639813
725 1.9030899869919435
733 2.1760912590556813
755 1.0
761 1.4771212547196624
768 1.7781512503836436
772 1.0
784 1.7781512503836436
786 1.0
794 1.3010299956639813
796 1.0
797 1.9542425094393248
810 1.3010299956639813
815 1.6020599913279625
816 1.6989700043360187
820 1.4771212547196624
821 1.3010299956639813
824 1.6989700043360187
825 1.6989700043360187
838 2.146128035678238
839 1.845098040014257
840 1.845098040014257
846 2.0413926851582254
867 1.0
873 2.0
889 1.9030899869919435
890 1.9030899869919435
897 1.3010299956639813
915 1.3010299956639813
946 1.4771212547196624
950 1.6989700043360187
957 1.0
959 2.146128035678238
960 1.6020599913279625
963 1.4771212547196624
964 1.7781512503836436
972 2.3010299956639813
974 1.6989700043360187
976 1.7781512503836436
980 1.6020599913279625
982 1.845098040014257
991 2.113943352306837
996 1.6020599913279625
1000 2.146128035678238
1011 1.0
1012 1.0
1015 1.3010299956639813
1016 1.845098040014257
1024 1.3010299956639813
1040 1.0
1052 1.9030899869919435
1059 1.6020599913279625
1068 2.0
1072 1.3010299956639813
1092 1.0
1101 1.3010299956639813
1123 1.7781512503836436
1125 1.0
1150 1.6989700043360187
1151 2.0
1153 1.845098040014257
1185 1.0
1191 1.3010299956639813
1211 1.7781512503836436
1214 1.0
1228 2.204119982655925
1230 1.6020599913279625
1231 1.845098040014257
1236 1.0
1239 1.0
1241 1.6020599913279625
1262 1.9542425094393248
1267 1.6020599913279625
1269 1.9542425094393248
1274 1.0
1298 2.5563025007672873
