156 1.0
158 1.0
172 1.6020599913279625
173 1.4771212547196624
183 1.4771212547196624
206 1.0
209 2.361727836017593
210 1.9542425094393248
211 1.6989700043360187
214 1.3010299956639813
215 1.4771212547196624
217 1.6989700043360187
219 1.6989700043360187
222 1.0
225 1.0
228 1.3010299956639813
231 1.3010299956639813
243 1.3010299956639813
460 1.0
468 1.6020599913279625
489 1.3010299956639813
572 1.0
714 1.4771212547196624
744 1.3010299956639813
768 1.6989700043360187
788 1.6020599913279625
1252 1.0
1257 1.3010299956639813
1267 1.4771212547196624
1286 1.6989700043360187
1291 1.6989700043360187
1295 1.0
1315 1.6020599913279625
1323 1.0
