540 1.3010299956639813
617 1.6020599913279625
622 1.9542425094393248
657 1.6989700043360187
659 1.0
660 1.6989700043360187
741 1.3010299956639813
759 1.7781512503836436
760 1.0
814 1.0
821 1.9030899869919435
905 1.3010299956639813
918 1.3010299956639813
1062 1.3010299956639813
1066 1.9030899869919435
1070 1.4771212547196624
1073 2.204119982655925
1079 1.0
1088 1.0
1103 1.0
1104 1.7781512503836436
1108 1.6020599913279625
1182 1.0
1194 1.7781512503836436
1204 1.7781512503836436
1211 1.0
1226 1.845098040014257
