72 1.0
86 1.0
133 1.0
187 1.0
199 1.0
221 1.0
253 1.0
258 1.4771212547196624
268 1.6020599913279625
270 1.3010299956639813
275 1.0
292 1.0
303 1.3010299956639813
343 1.0
348 1.0
364 1.4771212547196624
484 1.3010299956639813
554 1.0
555 1.0
557 1.0
559 1.0
579 1.0
584 1.0
585 1.0
590 1.3010299956639813
594 1.0
595 1.0
607 1.0
643 1.0
676 1.0
776 1.3010299956639813
786 1.4771212547196624
870 1.0
900 1.0
939 1.3010299956639813
948 1.0
1005 1.6989700043360187
1055 1.3010299956639813
1079 1.0
1093 1.0
1113 1.3010299956639813
1117 1.0
1118 1.0
1139 1.4771212547196624
1140 1.4771212547196624
1151 1.3010299956639813
1171 1.6020599913279625
1190 1.0
1215 1.0
1218 1.3010299956639813
1221 1.3010299956639813
1237 1.0
1257 1.3010299956639813
1268 1.0
1277 1.0
1298 1.3010299956639813
1299 1.0
1309 1.0
