49 1.3010299956639813
144 1.0
221 1.0
224 1.3010299956639813
225 1.0
229 1.0
244 1.0
246 1.4771212547196624
260 1.0
278 1.0
285 1.0
370 1.4771212547196624
394 1.0
403 2.0413926851582254
409 2.204119982655925
425 2.0
427 2.0413926851582254
428 1.3010299956639813
436 2.0413926851582254
446 1.0
447 1.6020599913279625
455 1.0
460 1.0
462 1.0
469 1.3010299956639813
476 1.0
491 1.0
493 1.3010299956639813
506 1.6020599913279625
509 1.7781512503836436
510 2.0413926851582254
524 1.0
532 1.3010299956639813
533 1.845098040014257
681 1.0
693 1.6020599913279625
722 1.0
785 1.0
1252 1.3010299956639813
1271 1.3010299956639813
1295 1.0
1298 1.845098040014257
