144 1.0
177 1.9030899869919435
180 1.0
202 1.0
203 1.0
213 1.0
234 1.0
246 1.0
370 1.0
403 2.1760912590556813
409 2.1760912590556813
425 1.9030899869919435
427 1.3010299956639813
436 1.4771212547196624
451 1.0
455 1.0
476 1.0
515 1.3010299956639813
527 1.0
539 1.845098040014257
542 1.3010299956639813
549 1.0
633 1.0
706 1.0
733 1.0
788 1.0
819 1.6020599913279625
1059 1.0
1229 2.0
1242 1.9030899869919435
1254 1.845098040014257
1271 1.3010299956639813
1274 1.4771212547196624
1284 1.0
1298 1.0
1301 1.3010299956639813
1308 1.3010299956639813
