0 1.0
3 1.0
6 1.0
7 1.0
12 1.0
16 1.0
18 1.0
19 1.3010299956639813
20 1.3010299956639813
25 1.0
27 1.0
41 1.3010299956639813
47 1.3010299956639813
48 1.3010299956639813
49 1.4771212547196624
54 1.0
59 1.0
60 1.0
67 1.3010299956639813
70 1.0
71 1.0
72 1.3010299956639813
75 1.0
76 1.0
77 1.4771212547196624
79 1.0
81 1.0
82 1.0
83 1.0
90 1.3010299956639813
97 1.4771212547196624
99 1.4771212547196624
100 1.0
101 1.6989700043360187
107 1.0
108 1.3010299956639813
113 1.0
114 1.0
120 1.3010299956639813
123 1.0
124 1.0
132 1.6020599913279625
136 1.3010299956639813
144 1.6020599913279625
153 1.0
157 1.0
158 1.6020599913279625
162 1.0
163 1.4771212547196624
170 1.0
171 1.6020599913279625
176 1.0
182 1.0
185 1.3010299956639813
191 1.6020599913279625
192 1.0
193 1.0
197 1.0
202 1.3010299956639813
209 1.6020599913279625
211 1.0
213 1.0
214 1.0
216 1.3010299956639813
217 1.3010299956639813
218 1.6989700043360187
219 1.0
220 1.0
222 1.0
224 1.0
228 1.0
229 1.3010299956639813
231 1.4771212547196624
234 1.0
235 1.4771212547196624
236 1.6020599913279625
237 1.7781512503836436
238 1.4771212547196624
239 1.3010299956639813
242 1.3010299956639813
243 1.4771212547196624
246 1.3010299956639813
248 1.0
253 1.6020599913279625
256 1.0
260 1.0
265 1.3010299956639813
269 1.4771212547196624
270 1.0
271 1.0
274 1.0
276 1.4771212547196624
278 1.4771212547196624
285 1.0
287 1.4771212547196624
288 1.3010299956639813
297 1.0
298 1.3010299956639813
301 1.3010299956639813
309 1.0
313 1.4771212547196624
319 1.3010299956639813
320 1.0
323 1.9542425094393248
327 1.0
329 1.3010299956639813
331 1.0
332 1.0
334 1.3010299956639813
337 1.4771212547196624
339 1.0
340 1.0
341 1.3010299956639813
346 1.0
351 1.0
353 1.0
354 1.0
359 1.0
361 1.3010299956639813
362 1.3010299956639813
363 1.0
367 1.6989700043360187
368 1.3010299956639813
369 1.9542425094393248
370 1.0
376 1.0
380 1.0
381 1.6989700043360187
384 1.0
387 1.0
395 1.0
404 1.0
405 1.3010299956639813
408 1.9542425094393248
415 1.0
421 1.0
422 1.6989700043360187
423 1.4771212547196624
429 1.3010299956639813
445 1.0
450 1.3010299956639813
452 1.3010299956639813
454 1.0
465 1.0
470 1.0
472 1.0
473 1.0
478 1.0
479 1.4771212547196624
486 1.3010299956639813
496 1.0
501 1.0
503 1.0
506 1.0
508 1.0
509 1.6989700043360187
513 1.0
521 1.0
522 1.0
523 1.0
527 1.0
534 1.0
536 1.3010299956639813
537 1.6989700043360187
555 1.0
556 1.0
557 1.0
558 1.0
560 1.0
565 1.4771212547196624
568 1.6020599913279625
569 1.6020599913279625
572 1.3010299956639813
575 1.3010299956639813
580 1.9030899869919435
587 1.0
589 1.0
590 1.0
591 1.0
593 1.3010299956639813
595 1.0
596 1.6989700043360187
599 1.0
601 1.0
609 1.0
615 1.0
618 1.0
627 1.0
630 1.3010299956639813
635 1.3010299956639813
637 1.0
642 1.0
665 1.0
666 1.0
669 1.0
670 1.0
676 1.0
679 1.3010299956639813
681 1.6020599913279625
682 1.0
685 1.3010299956639813
688 1.0
695 1.0
696 1.0
697 1.4771212547196624
700 1.3010299956639813
703 1.3010299956639813
704 1.0
706 1.6989700043360187
708 1.0
714 1.3010299956639813
716 1.4771212547196624
719 1.3010299956639813
725 1.0
727 1.0
732 1.0
733 1.3010299956639813
734 1.3010299956639813
737 1.0
738 1.0
739 1.0
740 1.0
743 1.0
749 1.0
754 1.0
764 1.0
767 1.0
771 1.0
776 1.3010299956639813
779 1.0
783 1.0
785 1.0
787 1.3010299956639813
788 1.3010299956639813
790 1.0
794 1.3010299956639813
802 1.0
803 1.0
820 1.3010299956639813
821 1.0
836 1.0
837 1.4771212547196624
839 1.0
840 1.0
842 1.3010299956639813
845 1.3010299956639813
846 1.0
849 1.4771212547196624
858 1.4771212547196624
861 1.3010299956639813
864 1.9030899869919435
867 1.0
874 1.4771212547196624
878 1.0
881 1.0
883 1.0
895 1.0
898 1.3010299956639813
901 1.3010299956639813
903 1.3010299956639813
914 1.0
918 1.0
927 1.3010299956639813
932 1.3010299956639813
935 1.0
942 1.0
957 1.0
963 1.0
964 1.0
969 1.4771212547196624
973 1.3010299956639813
977 1.0
978 1.7781512503836436
979 1.0
981 1.0
987 1.0
990 1.3010299956639813
991 1.6020599913279625
1001 1.0
1002 1.0
1005 1.6989700043360187
1011 1.3010299956639813
1012 1.3010299956639813
1014 1.3010299956639813
1015 1.0
1016 1.0
1021 1.3010299956639813
1023 1.0
1028 1.0
1038 1.4771212547196624
1042 1.4771212547196624
1045 1.3010299956639813
1046 1.0
1050 1.6020599913279625
1054 1.3010299956639813
1055 1.0
1057 1.0
1058 1.0
1060 1.0
1061 1.0
1062 1.6989700043360187
1065 1.3010299956639813
1066 1.0
1068 1.4771212547196624
1072 1.4771212547196624
1074 1.0
1075 1.0
1084 1.0
1113 1.0
1114 1.6020599913279625
1115 1.0
1116 1.0
1120 1.3010299956639813
1123 1.0
1133 1.3010299956639813
1134 1.3010299956639813
1135 1.0
1136 1.0
1137 1.0
1138 1.0
1139 1.7781512503836436
1140 1.7781512503836436
1143 1.3010299956639813
1144 1.3010299956639813
1147 1.0
1148 1.0
1149 1.6020599913279625
1150 1.6020599913279625
1151 1.4771212547196624
1155 1.0
1161 1.4771212547196624
1165 1.0
1182 1.0
1183 1.0
1186 1.3010299956639813
1190 1.0
1191 1.0
1193 1.3010299956639813
1194 1.3010299956639813
1202 1.845098040014257
1205 1.0
1222 1.4771212547196624
1227 1.6020599913279625
1228 1.4771212547196624
1231 1.3010299956639813
1234 1.0
1235 1.0
1238 1.3010299956639813
1241 1.0
1244 1.0
1246 1.0
1247 1.0
1250 1.4771212547196624
1251 1.0
1252 1.3010299956639813
1263 1.0
1265 1.0
1266 1.6989700043360187
1270 1.0
1271 1.0
1273 1.3010299956639813
1275 1.0
1277 1.7781512503836436
1279 1.0
1283 1.0
1285 1.845098040014257
1287 1.0
1297 1.0
1298 1.6020599913279625
1300 1.0
1302 1.0
1303 1.3010299956639813
1305 1.0
1309 1.3010299956639813
1311 1.3010299956639813
1312 1.0
1313 1.0
1315 1.0
1318 1.3010299956639813
