30 1.0
48 1.0
62 1.0
72 1.0
91 1.4771212547196624
94 1.0
100 1.3010299956639813
107 1.6989700043360187
118 1.3010299956639813
125 1.0
142 1.0
148 1.0
153 1.0
157 1.6989700043360187
159 1.0
216 1.3010299956639813
220 1.0
222 1.0
236 1.0
256 1.4771212547196624
258 1.0
260 1.0
274 2.113943352306837
278 1.0
281 1.0
296 1.0
301 1.6020599913279625
303 1.0
317 1.0
320 1.6989700043360187
332 1.7781512503836436
334 1.0
346 1.0
348 1.0
354 1.0
364 1.0
365 1.0
371 1.0
396 1.0
408 1.0
432 1.0
443 1.0
446 1.0
452 1.0
472 1.0
497 1.0
527 1.0
532 1.0
538 1.0
539 1.0
552 1.0
594 1.0
596 1.6989700043360187
609 1.3010299956639813
615 1.3010299956639813
617 1.0
619 1.0
622 1.0
631 1.0
635 1.3010299956639813
658 1.0
661 1.0
662 1.0
669 1.3010299956639813
677 1.3010299956639813
690 1.0
692 1.3010299956639813
693 1.3010299956639813
732 1.3010299956639813
756 1.4771212547196624
759 1.6020599913279625
787 1.0
814 1.0
827 1.3010299956639813
828 1.0
838 1.0
847 1.3010299956639813
852 1.4771212547196624
855 1.0
864 1.4771212547196624
870 1.845098040014257
873 1.0
877 1.0
882 1.3010299956639813
889 1.0
890 1.0
891 1.0
910 1.0
914 1.0
919 1.3010299956639813
923 1.0
925 1.6020599913279625
926 1.3010299956639813
932 1.0
943 1.0
944 1.0
950 1.4771212547196624
957 1.0
964 1.3010299956639813
968 1.7781512503836436
972 1.0
982 1.0
989 2.0
1000 1.0
1002 1.0
1005 1.0
1014 1.3010299956639813
1015 1.0
1016 1.0
1018 1.6020599913279625
1030 1.0
1035 1.0
1057 1.0
1058 1.0
1062 1.0
1072 1.0
1085 1.0
1119 1.0
1121 1.0
1129 1.0
1130 1.0
1139 1.0
1140 1.0
1153 1.0
1165 1.4771212547196624
1194 1.0
1199 1.0
1222 1.4771212547196624
1231 1.0
1269 1.0
1276 1.4771212547196624
1318 1.3010299956639813
