16 1.0
28 1.0
59 1.0
60 1.0
102 1.845098040014257
128 1.0
142 1.0
157 1.0
162 1.3010299956639813
234 2.57978359661681
244 1.0
245 1.3010299956639813
252 1.0
297 1.845098040014257
309 1.7781512503836436
314 1.0
329 1.0
335 1.0
345 1.3010299956639813
350 1.0
354 1.4771212547196624
366 1.0
388 1.0
420 2.230448921378274
441 1.0
450 1.0
452 1.0
470 1.0
473 1.6020599913279625
488 1.0
491 1.0
495 1.3010299956639813
498 1.4771212547196624
541 1.4771212547196624
577 1.0
580 1.845098040014257
587 1.0
608 1.0
615 2.0
617 1.0
621 1.0
634 1.4771212547196624
652 1.9030899869919435
657 1.0
694 1.0
756 1.0
761 1.9030899869919435
794 1.0
795 1.0
819 1.3010299956639813
828 1.4771212547196624
831 1.6020599913279625
842 1.6989700043360187
845 1.0
846 1.0
848 1.0
865 1.0
866 1.3010299956639813
929 1.3010299956639813
941 1.4771212547196624
942 1.9542425094393248
945 1.3010299956639813
951 1.3010299956639813
984 1.0
1002 1.0
1028 1.0
1039 1.0
1041 1.3010299956639813
1049 1.0
1078 1.0
1096 1.3010299956639813
1111 1.0
1112 1.0
1117 1.0
1118 1.0
1159 1.0
1186 1.0
1191 1.0
1192 1.4771212547196624
1254 1.0
1271 1.0
1298 1.0
1301 1.0
1307 1.0
