21 1.3010299956639813
54 1.0
64 1.0
69 1.0
107 1.0
109 1.0
146 1.0
152 1.0
288 1.0
299 1.0
305 1.0
318 1.0
332 1.0
334 1.0
341 1.0
346 1.0
354 1.0
362 1.0
364 1.0
378 1.0
386 1.4771212547196624
409 1.0
423 1.4771212547196624
454 1.0
586 1.0
587 1.0
669 1.0
683 1.0
703 1.0
715 1.0
732 1.3010299956639813
801 1.0
842 1.0
849 1.0
858 1.0
867 1.0
871 1.0
872 1.0
879 1.0
897 1.0
948 1.3010299956639813
978 1.0
1011 1.3010299956639813
1012 1.3010299956639813
1015 1.3010299956639813
1016 1.3010299956639813
1021 1.0
1027 1.4771212547196624
1028 1.0
1043 1.0
1053 1.0
1057 1.0
1058 1.0
1066 1.0
1114 1.4771212547196624
1129 1.9030899869919435
1130 1.9030899869919435
1131 1.0
1132 1.0
1140 1.0
1155 1.0
1250 1.0
1265 1.0
1289 1.0
1294 1.0
1319 1.0
1322 1.3010299956639813
