3 1.0
6 1.0
7 1.0
9 1.0
14 1.0
29 1.0
32 1.0
37 1.0
38 1.0
43 1.0
46 1.0
47 1.0
49 1.0
65 1.0
69 1.0
71 1.3010299956639813
90 1.0
113 1.0
114 1.0
129 1.0
142 1.0
163 1.0
171 1.0
180 1.0
199 1.0
203 1.0
205 1.0
208 1.0
213 1.0
216 1.0
221 1.0
227 1.0
233 1.0
237 1.0
243 1.0
247 1.0
248 1.0
249 1.0
260 1.3010299956639813
263 1.6020599913279625
271 1.0
276 1.0
284 1.0
285 1.3010299956639813
287 1.0
289 1.3010299956639813
314 1.6020599913279625
319 1.4771212547196624
323 1.0
327 1.4771212547196624
351 1.3010299956639813
358 1.0
359 1.0
361 1.3010299956639813
362 1.0
369 1.4771212547196624
376 1.4771212547196624
380 1.0
381 1.0
383 1.0
399 1.0
400 1.0
401 1.0
402 1.0
412 1.0
425 1.0
428 1.0
432 1.0
447 1.0
450 1.3010299956639813
455 1.0
456 1.0
459 1.0
462 1.0
469 1.0
476 1.0
478 1.3010299956639813
484 1.0
489 1.0
493 1.0
494 1.0
500 1.0
504 1.0
509 1.0
516 1.0
521 1.0
527 1.0
528 1.0
538 1.0
540 1.0
542 1.4771212547196624
546 1.0
552 1.0
564 1.0
567 1.0
568 1.0
569 1.0
571 1.4771212547196624
572 1.0
575 1.3010299956639813
592 1.0
608 1.0
610 1.0
611 1.0
613 1.0
618 1.0
622 1.0
626 1.3010299956639813
633 1.0
640 1.0
643 1.3010299956639813
650 1.0
655 1.0
656 1.7781512503836436
658 1.4771212547196624
666 1.0
669 1.6020599913279625
670 1.9542425094393248
671 1.845098040014257
681 1.0
688 1.0
689 1.0
692 1.0
694 1.6020599913279625
695 1.0
700 1.3010299956639813
706 1.4771212547196624
714 1.0
721 1.6989700043360187
722 1.0
724 1.9030899869919435
739 1.3010299956639813
741 1.4771212547196624
742 1.3010299956639813
746 1.0
748 1.0
750 1.0
754 1.0
759 1.3010299956639813
761 1.3010299956639813
762 1.0
770 1.0
786 1.0
812 1.3010299956639813
813 1.0
814 1.9030899869919435
821 1.0
839 1.4771212547196624
840 1.4771212547196624
845 1.0
851 1.0
864 1.3010299956639813
865 1.0
867 1.0
873 1.0
874 1.0
879 1.0
885 1.0
893 1.0
901 1.6989700043360187
905 1.0
906 1.3010299956639813
908 1.0
910 1.0
918 1.3010299956639813
925 1.0
951 1.0
968 1.0
969 1.6989700043360187
978 1.4771212547196624
991 1.3010299956639813
1000 1.0
1008 1.0
1010 1.4771212547196624
1014 1.3010299956639813
1020 1.6020599913279625
1026 1.0
1027 1.3010299956639813
1031 1.0
1049 1.3010299956639813
1053 1.0
1062 1.6020599913279625
1065 1.0
1066 1.3010299956639813
1071 1.3010299956639813
1072 1.3010299956639813
1073 1.6020599913279625
1080 1.0
1081 1.0
1083 1.0
1085 1.0
1092 1.0
1095 1.0
1097 1.0
1099 1.3010299956639813
1104 1.3010299956639813
1123 1.6989700043360187
1129 1.0
1130 1.0
1151 1.3010299956639813
1164 1.0
1173 1.4771212547196624
1196 1.0
1209 1.0
1210 1.0
1211 1.0
1213 1.0
1214 1.0
1227 1.7781512503836436
1228 1.6020599913279625
1230 1.3010299956639813
1231 1.3010299956639813
1235 1.0
1237 1.0
1238 1.7781512503836436
1241 1.3010299956639813
1244 1.3010299956639813
1249 1.3010299956639813
1257 1.0
1265 1.0
1266 1.6020599913279625
1267 1.0
1270 1.3010299956639813
1277 1.3010299956639813
1279 1.3010299956639813
1280 1.0
1285 1.6020599913279625
1289 1.4771212547196624
1294 1.0
1297 1.0
1300 1.3010299956639813
1301 1.3010299956639813
1302 1.0
1303 1.0
1309 1.3010299956639813
1311 1.0
1313 1.0
1320 1.0
