27 1.0
84 1.3010299956639813
90 1.3010299956639813
115 1.0
123 1.0
124 1.0
136 1.3010299956639813
144 1.0
209 1.0
211 1.0
218 1.0
219 1.3010299956639813
221 1.0
225 1.0
390 1.9542425094393248
394 1.9542425094393248
403 1.0
412 2.113943352306837
427 1.0
428 1.7781512503836436
437 2.0413926851582254
440 2.255272505103306
446 2.1760912590556813
448 1.0
462 2.079181246047625
463 1.6020599913279625
469 1.6989700043360187
470 1.4771212547196624
476 1.6989700043360187
478 1.845098040014257
480 1.6020599913279625
481 1.845098040014257
490 1.4771212547196624
506 1.4771212547196624
509 1.0
521 1.9030899869919435
524 1.6020599913279625
532 1.0
533 1.6020599913279625
681 1.0
733 1.0
768 1.0
773 1.0
782 1.3010299956639813
786 1.3010299956639813
788 1.3010299956639813
901 1.0
907 1.3010299956639813
1010 1.0
1250 1.0
1252 2.113943352306837
1257 1.0
1271 1.4771212547196624
1284 1.3010299956639813
1291 1.6020599913279625
1298 2.113943352306837
1301 1.3010299956639813
1308 1.6020599913279625
1312 1.0
1321 1.0
1322 1.0
