20 1.9030899869919435
59 1.4771212547196624
60 1.4771212547196624
79 1.9030899869919435
101 1.3010299956639813
104 1.845098040014257
236 1.6020599913279625
237 1.4771212547196624
276 1.6989700043360187
370 1.0
442 1.0
452 1.6989700043360187
456 1.0
479 2.0
534 2.146128035678238
604 1.4771212547196624
629 1.0
673 1.4771212547196624
698 1.6020599913279625
739 1.7781512503836436
742 1.3010299956639813
763 1.4771212547196624
856 1.4771212547196624
885 1.4771212547196624
932 1.6020599913279625
1011 1.3010299956639813
1012 1.3010299956639813
1015 1.6020599913279625
1016 1.6020599913279625
1057 1.0
1058 1.0
1114 1.3010299956639813
1117 1.6020599913279625
1118 1.6020599913279625
1127 1.3010299956639813
1128 1.3010299956639813
1135 1.0
1136 1.0
1137 1.0
1138 1.0
1139 1.3010299956639813
1140 1.3010299956639813
1141 1.4771212547196624
1142 1.4771212547196624
1149 1.0
1150 1.0
1189 1.0
1190 1.4771212547196624
1279 1.0
1321 1.3010299956639813
