15 1.0
94 1.0
200 1.3010299956639813
201 1.3010299956639813
274 2.230448921378274
284 1.3010299956639813
285 1.0
297 1.6020599913279625
303 1.3010299956639813
306 1.3010299956639813
365 1.0
398 1.0
422 1.0
424 1.0
449 1.0
518 1.3010299956639813
537 1.9542425094393248
539 1.0
541 1.3010299956639813
545 1.0
561 1.0
567 1.3010299956639813
577 1.0
587 1.0
592 1.0
622 1.0
625 1.0
677 1.3010299956639813
687 1.7781512503836436
688 1.0
690 1.3010299956639813
696 1.0
743 1.0
749 1.0
769 1.3010299956639813
771 1.0
802 1.6989700043360187
803 1.6989700043360187
816 1.7781512503836436
824 1.3010299956639813
825 1.3010299956639813
837 1.0
847 1.3010299956639813
852 1.0
868 1.0
869 1.0
870 1.9030899869919435
889 2.0
890 2.0
923 1.4771212547196624
924 1.4771212547196624
926 1.0
941 1.4771212547196624
943 1.6020599913279625
944 1.6020599913279625
968 1.4771212547196624
970 1.3010299956639813
983 1.0
989 2.0413926851582254
991 1.0
1001 1.3010299956639813
1028 1.0
1029 1.3010299956639813
1086 1.3010299956639813
1088 1.0
1099 1.4771212547196624
1179 1.6020599913279625
1232 1.0
1314 1.3010299956639813
