0 1.0
3 1.6020599913279625
9 1.0
16 1.0
20 1.0
46 1.0
48 1.0
49 1.0
81 1.0
84 1.0
86 1.4771212547196624
100 1.3010299956639813
110 1.6020599913279625
118 1.3010299956639813
142 1.0
165 1.0
173 1.0
192 1.0
198 1.0
203 1.0
221 1.0
222 1.0
231 1.3010299956639813
246 1.0
248 1.0
249 1.0
254 1.0
257 1.0
259 1.0
260 1.0
298 1.3010299956639813
312 1.0
322 1.0
325 1.0
333 1.3010299956639813
341 1.4771212547196624
344 1.0
368 1.0
378 1.0
386 1.0
391 1.0
396 1.3010299956639813
400 1.0
406 1.0
409 1.3010299956639813
414 1.0
417 1.0
432 1.0
444 1.3010299956639813
454 1.0
456 1.0
463 1.0
465 1.0
474 1.0
486 1.3010299956639813
493 1.0
498 1.3010299956639813
518 1.0
523 1.0
527 1.0
530 1.0
542 1.0
546 1.0
570 1.0
608 1.0
616 1.0
631 1.0
647 1.0
667 1.0
679 1.3010299956639813
686 1.3010299956639813
693 1.3010299956639813
703 1.0
714 1.0
719 1.3010299956639813
720 1.3010299956639813
761 1.0
779 1.0
787 1.0
794 1.0
832 1.0
833 1.0
843 1.0
845 1.0
867 1.3010299956639813
870 1.0
915 1.0
935 1.0
954 1.0
964 1.0
966 1.0
996 1.3010299956639813
1002 1.0
1027 1.3010299956639813
1042 1.0
1064 1.0
1065 1.0
1081 1.0
1092 1.0
1094 1.0
1109 1.3010299956639813
1160 1.0
1177 1.3010299956639813
1193 1.0
1218 1.0
1263 1.0
1285 1.3010299956639813
1286 1.0
1289 1.0
1302 1.0
1304 1.3010299956639813
1306 1.0
1317 1.0
