3 1.0
6 1.0
12 1.0
49 1.0
50 1.0
61 1.0
111 1.0
118 1.0
121 1.0
136 1.0
138 1.0
205 1.0
213 1.3010299956639813
221 1.0
223 1.4771212547196624
224 1.0
225 1.3010299956639813
226 1.3010299956639813
229 1.0
233 1.0
241 1.4771212547196624
256 1.3010299956639813
261 1.0
273 1.0
305 1.0
309 1.3010299956639813
310 1.4771212547196624
312 1.0
329 1.3010299956639813
347 1.0
409 1.0
412 1.0
427 1.0
428 1.0
429 1.0
454 1.0
476 1.0
482 1.0
493 1.0
494 1.3010299956639813
496 1.0
509 1.3010299956639813
515 1.3010299956639813
539 1.7781512503836436
540 1.0
543 1.4771212547196624
544 1.4771212547196624
546 1.4771212547196624
548 1.4771212547196624
552 1.0
561 1.0
567 1.6020599913279625
576 1.3010299956639813
599 1.0
608 1.0
617 1.0
645 1.0
651 1.3010299956639813
653 1.3010299956639813
658 1.0
659 1.6989700043360187
679 1.0
708 1.0
717 1.0
739 1.845098040014257
749 1.0
756 1.0
765 1.0
768 1.0
779 1.3010299956639813
821 1.0
839 1.0
840 1.0
845 1.0
864 1.0
885 1.7781512503836436
889 1.0
890 1.0
902 1.0
915 1.3010299956639813
918 1.0
934 1.0
935 1.0
939 1.4771212547196624
953 1.0
982 1.0
1038 1.3010299956639813
1039 1.0
1042 1.0
1044 1.0
1064 1.0
1070 1.4771212547196624
1083 1.0
1086 1.0
1090 1.4771212547196624
1119 1.0
1129 1.3010299956639813
1130 1.3010299956639813
1214 1.3010299956639813
1256 1.6020599913279625
1271 1.0
1285 1.0
1297 1.0
1313 1.0
