1 1.0
3 1.9030899869919435
11 1.0
15 1.0
19 1.0
21 1.3010299956639813
22 1.6989700043360187
24 1.6989700043360187
28 1.0
29 1.0
31 1.0
34 1.7781512503836436
37 1.6020599913279625
39 1.0
41 1.3010299956639813
43 1.0
48 1.0
50 2.146128035678238
54 1.3010299956639813
56 1.4771212547196624
61 1.0
62 1.0
66 1.0
70 1.0
74 1.0
75 1.6020599913279625
83 1.0
84 1.4771212547196624
88 1.0
90 2.079181246047625
91 1.7781512503836436
93 1.4771212547196624
99 1.0
100 1.0
107 1.6020599913279625
115 1.0
118 1.6989700043360187
121 1.3010299956639813
123 2.113943352306837
124 2.113943352306837
127 1.0
136 2.079181246047625
137 1.0
138 1.0
139 1.0
145 1.6020599913279625
152 1.0
159 1.6989700043360187
161 1.4771212547196624
162 1.0
163 1.0
176 1.0
182 1.0
205 1.0
206 1.0
207 1.0
208 1.0
209 1.9542425094393248
210 1.0
211 1.845098040014257
218 1.0
219 1.4771212547196624
222 2.1760912590556813
223 1.6989700043360187
224 1.9542425094393248
226 1.3010299956639813
228 1.0
230 1.0
231 1.0
233 1.0
236 1.0
237 1.0
238 1.6020599913279625
241 1.3010299956639813
244 1.0
247 1.3010299956639813
251 1.4771212547196624
256 1.0
261 1.4771212547196624
262 1.0
265 1.3010299956639813
273 1.4771212547196624
274 1.7781512503836436
277 1.0
284 1.0
287 1.3010299956639813
289 1.0
294 1.0
302 1.4771212547196624
303 1.0
305 1.0
306 1.0
315 1.0
317 1.4771212547196624
321 1.0
332 1.0
337 1.3010299956639813
344 1.0
349 1.0
353 1.0
354 1.0
356 1.0
361 1.0
364 1.6020599913279625
371 1.0
373 1.0
375 1.7781512503836436
377 1.3010299956639813
379 1.0
389 1.0
390 1.0
393 1.9030899869919435
394 1.7781512503836436
399 1.3010299956639813
402 1.4771212547196624
403 1.6020599913279625
408 1.3010299956639813
409 2.0413926851582254
412 1.6989700043360187
414 1.6020599913279625
425 1.7781512503836436
426 1.0
427 1.6020599913279625
428 1.6020599913279625
430 1.0
436 1.6989700043360187
446 1.9542425094393248
447 1.4771212547196624
450 1.0
455 1.6020599913279625
462 1.0
463 1.6989700043360187
469 1.0
470 1.0
474 1.0
476 1.0
478 1.3010299956639813
480 1.6020599913279625
481 1.0
490 1.0
493 1.845098040014257
498 1.6020599913279625
501 1.0
506 1.7781512503836436
509 1.4771212547196624
510 1.4771212547196624
517 1.0
519 1.0
521 1.6989700043360187
522 1.0
524 1.4771212547196624
525 1.6020599913279625
527 1.0
528 1.0
531 1.0
537 1.0
540 1.3010299956639813
543 1.0
544 1.0
561 1.3010299956639813
566 1.0
567 1.0
570 1.0
572 1.6020599913279625
573 1.0
574 1.0
580 1.0
581 1.6989700043360187
582 1.0
583 1.0
584 1.3010299956639813
585 1.3010299956639813
589 1.3010299956639813
592 1.4771212547196624
599 1.845098040014257
600 1.3010299956639813
601 1.9542425094393248
608 1.6989700043360187
611 1.0
615 1.3010299956639813
625 1.3010299956639813
627 1.0
630 1.4771212547196624
631 1.845098040014257
633 1.0
637 1.0
640 1.0
651 1.3010299956639813
656 1.4771212547196624
664 1.0
671 1.0
676 1.0
677 1.4771212547196624
679 1.3010299956639813
680 1.3010299956639813
681 2.1760912590556813
682 1.0
683 1.0
685 1.9030899869919435
686 1.6989700043360187
687 1.0
692 1.3010299956639813
693 1.6020599913279625
694 1.0
706 1.3010299956639813
707 1.0
710 1.0
714 1.3010299956639813
716 1.4771212547196624
719 1.4771212547196624
720 2.113943352306837
721 1.0
722 1.6020599913279625
723 1.0
727 1.0
730 1.0
736 1.0
743 1.0
756 1.0
760 1.3010299956639813
765 1.3010299956639813
768 1.3010299956639813
769 1.0
771 1.0
772 1.3010299956639813
788 1.3010299956639813
789 1.0
793 1.0
794 1.6020599913279625
797 1.0
824 1.0
825 1.0
845 1.4771212547196624
846 1.4771212547196624
847 1.0
849 1.0
850 1.3010299956639813
851 1.3010299956639813
855 1.0
868 1.0
869 1.0
870 1.3010299956639813
878 1.0
884 1.0
893 1.0
899 1.0
902 1.0
903 1.0
914 1.0
923 1.0
929 1.0
930 1.0
933 1.0
939 1.6020599913279625
940 1.0
941 1.0
943 1.0
944 1.0
948 1.4771212547196624
950 1.0
951 1.0
952 1.0
967 1.0
972 1.0
982 1.0
984 1.0
994 1.3010299956639813
997 1.0
1013 1.0
1017 1.3010299956639813
1029 1.0
1037 1.0
1038 1.0
1042 1.4771212547196624
1049 1.0
1050 1.0
1061 1.4771212547196624
1077 1.0
1083 1.3010299956639813
1092 1.0
1105 1.0
1106 1.0
1133 1.0
1134 1.0
1139 1.0
1140 1.3010299956639813
1147 1.0
1148 1.0
1159 1.0
1161 1.0
1162 1.0
1165 1.0
1166 1.0
1168 1.3010299956639813
1170 1.6020599913279625
1183 1.6020599913279625
1190 1.0
1221 1.0
1228 1.0
1244 1.6020599913279625
1245 1.7781512503836436
1249 2.113943352306837
1257 1.3010299956639813
1259 1.9030899869919435
1262 1.0
1263 1.6989700043360187
1266 1.0
1267 2.230448921378274
1269 1.9030899869919435
1281 1.0
1283 1.0
1284 1.0
1285 1.3010299956639813
1286 1.4771212547196624
1289 1.0
1291 1.3010299956639813
1292 1.0
1293 2.0
1294 1.0
1295 1.4771212547196624
1310 1.9542425094393248
1311 1.0
1313 1.6020599913279625
1314 1.0
1317 1.845098040014257
1321 1.6989700043360187
