12 1.0
30 1.0
32 1.3010299956639813
33 1.0
53 1.3010299956639813
81 1.3010299956639813
86 1.0
94 1.3010299956639813
121 1.0
127 1.0
161 1.0
191 1.0
193 1.3010299956639813
197 1.0
199 1.0
212 1.0
232 1.0
243 1.3010299956639813
251 1.0
280 1.0
287 1.0
288 1.0
289 1.4771212547196624
297 1.0
302 1.0
348 1.0
356 1.0
363 1.0
405 1.3010299956639813
417 1.0
421 1.0
424 1.3010299956639813
429 1.0
445 1.0
517 1.3010299956639813
568 1.0
569 1.0
577 1.3010299956639813
588 1.0
615 1.0
624 1.0
656 1.3010299956639813
659 1.0
664 1.0
680 1.0
687 1.0
692 1.0
694 1.0
700 1.0
707 1.0
708 1.0
726 1.0
735 1.0
743 1.4771212547196624
769 1.0
794 1.0
801 1.0
883 1.0
885 1.0
906 1.3010299956639813
914 1.0
922 1.0
941 1.0
1006 1.9030899869919435
1011 1.0
1012 1.0
1015 1.0
1016 1.0
1020 1.0
1043 1.0
1057 1.0
1058 1.0
1063 1.0
1065 1.0
1066 1.0
1072 1.0
1079 1.0
1087 1.0
1088 1.0
1097 1.0
1111 1.0
1112 1.0
1114 1.0
1117 1.0
1118 1.0
1122 1.0
1129 2.0413926851582254
1130 2.0413926851582254
1139 1.0
1140 1.0
1189 1.0
1238 1.3010299956639813
1248 1.0
1257 1.0
