13 1.0
28 1.0
32 1.0
61 1.3010299956639813
116 1.0
128 1.0
232 1.3010299956639813
253 1.9542425094393248
277 1.6020599913279625
297 1.0
302 1.0
329 1.0
342 1.3010299956639813
396 1.0
398 1.3010299956639813
429 1.0
493 1.0
541 1.0
543 1.0
544 1.0
545 1.6989700043360187
565 1.0
586 1.0
587 1.0
634 1.0
679 1.0
694 1.6989700043360187
707 1.0
726 2.113943352306837
753 1.0
798 1.0
802 1.4771212547196624
803 1.4771212547196624
823 2.4313637641589874
838 2.361727836017593
904 1.0
942 1.0
948 1.0
968 1.4771212547196624
977 1.3010299956639813
1008 1.0
1028 1.0
1041 1.0
1042 1.0
1065 1.3010299956639813
1160 1.6020599913279625
1183 1.0
1240 1.3010299956639813
1304 1.3010299956639813
