0 1.0
10 1.4771212547196624
14 1.3010299956639813
16 1.3010299956639813
20 1.3010299956639813
30 1.0
33 1.0
34 1.0
35 1.4771212547196624
38 1.0
41 1.6020599913279625
45 1.3010299956639813
47 1.0
51 1.3010299956639813
52 1.0
54 1.0
58 1.3010299956639813
59 1.0
60 1.0
69 1.0
72 1.6020599913279625
78 1.6020599913279625
79 1.3010299956639813
81 1.3010299956639813
82 1.0
85 1.0
86 1.3010299956639813
87 1.6989700043360187
88 1.0
92 1.3010299956639813
94 1.0
96 1.3010299956639813
97 1.0
99 1.3010299956639813
100 1.4771212547196624
117 1.0
125 1.0
131 1.0
132 1.0
138 1.0
142 1.0
143 1.0
144 1.0
149 1.0
153 1.3010299956639813
156 1.0
158 1.0
161 1.0
162 1.3010299956639813
163 1.4771212547196624
165 1.6989700043360187
166 1.3010299956639813
169 1.0
171 1.3010299956639813
172 1.0
173 1.0
174 1.0
177 1.0
179 1.0
180 1.0
181 1.0
186 1.0
188 1.0
189 1.3010299956639813
191 1.0
192 1.6020599913279625
197 1.845098040014257
199 1.6020599913279625
208 1.0
209 1.0
217 1.3010299956639813
220 1.3010299956639813
221 1.0
226 1.0
227 1.0
228 1.6020599913279625
231 1.0
236 1.0
237 1.0
238 1.0
242 1.0
244 1.0
247 1.0
257 1.0
258 1.7781512503836436
263 1.0
265 1.4771212547196624
266 1.6020599913279625
267 1.6020599913279625
268 1.4771212547196624
273 1.0
276 1.0
284 1.0
285 1.3010299956639813
287 1.0
291 1.0
295 1.0
299 1.0
300 1.4771212547196624
302 1.0
305 1.0
309 1.3010299956639813
313 1.0
319 1.6020599913279625
325 1.0
327 1.845098040014257
328 1.3010299956639813
331 1.0
332 1.0
333 1.0
336 1.0
337 1.3010299956639813
344 1.3010299956639813
346 1.0
348 1.3010299956639813
350 1.0
353 1.3010299956639813
354 1.0
361 1.4771212547196624
362 1.3010299956639813
364 1.0
366 1.0
367 1.4771212547196624
371 1.0
376 1.3010299956639813
379 1.0
386 1.0
388 1.3010299956639813
389 1.0
397 1.0
398 1.4771212547196624
399 1.0
400 2.5185139398778875
422 1.3010299956639813
423 1.3010299956639813
427 1.0
428 1.4771212547196624
429 1.6020599913279625
433 1.0
435 1.0
440 1.0
444 1.0
448 1.6989700043360187
456 1.4771212547196624
457 1.0
459 1.3010299956639813
462 1.0
467 1.4771212547196624
468 1.3010299956639813
472 1.0
474 1.0
476 1.0
477 1.0
479 1.3010299956639813
482 1.0
483 1.0
493 1.0
498 1.3010299956639813
501 1.0
504 1.3010299956639813
506 1.3010299956639813
514 1.0
515 1.0
517 1.6989700043360187
523 1.0
525 2.0
534 1.0
537 1.3010299956639813
539 1.3010299956639813
547 1.3010299956639813
548 1.0
555 1.6989700043360187
557 1.0
559 1.0
562 1.3010299956639813
563 1.3010299956639813
565 1.3010299956639813
567 1.0
568 1.0
569 1.0
571 1.3010299956639813
572 1.3010299956639813
579 1.3010299956639813
580 1.0
584 1.0
585 1.0
586 1.0
587 1.3010299956639813
588 1.0
592 1.4771212547196624
594 1.3010299956639813
595 1.0
596 1.3010299956639813
607 1.3010299956639813
608 1.0
610 1.0
613 1.0
614 1.0
615 1.0
616 1.3010299956639813
619 1.6020599913279625
626 1.0
627 1.0
639 1.4771212547196624
642 1.3010299956639813
647 1.0
651 1.0
656 1.4771212547196624
659 1.6020599913279625
664 1.3010299956639813
667 1.6020599913279625
669 1.4771212547196624
672 1.0
677 1.0
679 1.0
687 1.0
689 1.4771212547196624
693 1.0
694 1.3010299956639813
695 1.0
697 1.4771212547196624
698 1.0
699 1.0
700 1.0
705 1.6020599913279625
706 1.0
710 1.0
715 1.0
720 1.0
728 1.6020599913279625
729 1.0
730 1.6020599913279625
731 1.0
737 1.0
739 2.079181246047625
740 1.0
742 1.0
743 1.0
744 1.3010299956639813
745 1.0
749 1.0
752 1.0
757 1.0
758 1.0
761 1.3010299956639813
771 1.6020599913279625
772 1.0
774 1.6989700043360187
775 1.0
776 1.3010299956639813
780 1.0
783 1.3010299956639813
789 1.0
795 1.0
802 1.0
803 1.0
805 1.3010299956639813
810 1.6020599913279625
811 1.0
820 1.0
821 1.0
827 1.0
828 1.0
830 1.0
831 1.3010299956639813
838 1.4771212547196624
842 1.3010299956639813
843 1.4771212547196624
844 1.0
845 1.6989700043360187
849 1.0
850 1.0
856 1.0
864 1.9542425094393248
865 1.0
866 1.0
867 1.3010299956639813
870 1.3010299956639813
873 1.0
877 1.0
879 1.0
881 1.3010299956639813
883 1.0
885 2.113943352306837
888 1.0
892 1.0
898 2.113943352306837
900 1.3010299956639813
901 1.0
906 1.6020599913279625
911 1.0
914 1.4771212547196624
915 1.0
917 1.0
918 1.4771212547196624
924 1.0
928 1.0
929 1.3010299956639813
931 1.3010299956639813
932 1.4771212547196624
939 1.0
943 1.0
944 1.0
952 1.0
954 1.0
959 1.3010299956639813
961 1.3010299956639813
962 1.0
963 1.0
964 1.3010299956639813
967 1.0
969 1.4771212547196624
976 1.0
979 1.3010299956639813
981 1.4771212547196624
982 1.0
989 1.0
990 1.0
993 1.0
995 1.0
996 1.0
997 1.3010299956639813
1005 1.4771212547196624
1008 1.3010299956639813
1009 1.0
1010 1.0
1011 1.3010299956639813
1012 1.3010299956639813
1013 1.845098040014257
1015 1.3010299956639813
1016 1.3010299956639813
1018 1.4771212547196624
1020 1.0
1021 1.4771212547196624
1023 1.0
1026 1.6020599913279625
1028 1.7781512503836436
1035 1.7781512503836436
1036 1.0
1049 1.0
1050 1.0
1052 1.0
1053 1.0
1054 1.3010299956639813
1055 1.4771212547196624
1056 1.0
1069 1.6020599913279625
1070 1.0
1072 2.0
1083 1.0
1084 1.0
1086 1.0
1089 1.0
1090 1.6020599913279625
1096 1.0
1098 1.6020599913279625
1099 1.0
1103 1.0
1104 1.0
1114 1.0
1115 1.0
1116 1.0
1117 1.0
1118 1.0
1119 1.0
1123 1.0
1127 1.7781512503836436
1128 1.7781512503836436
1129 2.0413926851582254
1130 2.0413926851582254
1139 1.4771212547196624
1140 1.4771212547196624
1143 1.4771212547196624
1144 1.4771212547196624
1151 1.7781512503836436
1153 1.0
1154 1.0
1155 1.3010299956639813
1156 1.3010299956639813
1158 1.0
1159 1.0
1160 1.0
1165 1.0
1171 1.3010299956639813
1176 1.3010299956639813
1178 1.0
1183 1.3010299956639813
1184 1.0
1185 1.0
1186 1.0
1188 1.4771212547196624
1190 1.0
1191 1.3010299956639813
1192 1.0
1193 1.3010299956639813
1204 1.0
1211 1.3010299956639813
1214 1.3010299956639813
1215 1.4771212547196624
1218 1.0
1222 2.4771212547196626
1223 1.0
1226 1.0
1227 1.0
1230 1.0
1235 1.6989700043360187
1238 1.6020599913279625
1241 1.3010299956639813
1250 1.0
1251 1.3010299956639813
1256 1.3010299956639813
1257 1.0
1258 1.0
1260 1.0
1261 1.3010299956639813
1268 1.3010299956639813
1272 1.0
1273 1.6020599913279625
1275 1.0
1277 1.6020599913279625
1278 1.0
1280 1.0
1281 1.0
1285 1.7781512503836436
1287 1.0
1289 1.3010299956639813
1290 1.3010299956639813
1291 1.0
1292 1.0
1294 1.6020599913279625
1296 1.0
1297 1.3010299956639813
1299 1.0
1301 1.3010299956639813
1302 1.6020599913279625
1303 1.3010299956639813
1304 1.3010299956639813
1305 1.4771212547196624
1309 1.6020599913279625
1311 1.4771212547196624
1313 1.7781512503836436
1318 1.9542425094393248
1319 1.3010299956639813
1323 1.0
1324 1.0
