36 1.0
102 1.3010299956639813
146 1.0
162 1.0
274 1.0
309 1.0
310 1.0
319 1.0
324 1.4771212547196624
332 1.0
363 1.0
391 1.0
406 1.0
420 1.9030899869919435
449 1.0
473 1.0
482 1.0
550 1.0
558 1.0
567 1.0
587 1.6020599913279625
652 1.0
658 1.0
690 1.0
761 1.3010299956639813
794 1.0
806 1.0
819 1.0
845 1.0
868 1.0
869 1.0
878 1.0
927 1.3010299956639813
929 1.3010299956639813
955 1.3010299956639813
969 1.3010299956639813
973 1.0
1034 1.0
1039 1.0
1041 1.4771212547196624
1044 1.3010299956639813
1141 1.0
1142 1.0
1159 1.6020599913279625
1296 1.0
1301 1.0
1318 1.0
1321 1.0
