1 1.0
9 1.3010299956639813
11 1.0
15 1.4771212547196624
16 1.4771212547196624
20 1.3010299956639813
21 1.6020599913279625
24 1.0
31 1.0
34 2.0
37 1.0
41 1.3010299956639813
42 1.0
45 1.6020599913279625
47 1.0
48 1.0
50 1.4771212547196624
55 1.0
59 1.4771212547196624
60 1.4771212547196624
62 1.4771212547196624
68 1.0
70 1.3010299956639813
74 1.6989700043360187
75 1.0
83 1.3010299956639813
84 1.6020599913279625
86 1.3010299956639813
90 2.113943352306837
91 1.0
96 1.0
98 1.3010299956639813
99 1.0
102 1.0
107 1.7781512503836436
110 1.0
115 1.4771212547196624
118 2.146128035678238
121 1.0
123 1.7781512503836436
124 1.7781512503836436
127 1.0
130 1.0
132 1.6989700043360187
133 1.0
135 1.6020599913279625
136 1.9030899869919435
137 1.4771212547196624
139 1.0
142 1.0
143 1.6989700043360187
145 1.0
146 1.0
149 1.0
151 1.0
152 1.6020599913279625
157 1.3010299956639813
159 1.0
160 1.7781512503836436
163 1.6989700043360187
166 1.0
176 1.3010299956639813
180 1.0
182 1.0
183 1.0
185 1.3010299956639813
188 1.0
189 1.3010299956639813
190 1.0
195 1.3010299956639813
203 1.0
204 1.0
205 1.0
206 1.0
211 1.0
214 1.0
216 1.0
217 1.3010299956639813
222 1.0
224 1.0
230 1.3010299956639813
234 1.0
241 1.6020599913279625
248 1.0
261 1.4771212547196624
267 1.3010299956639813
269 1.0
270 1.3010299956639813
271 1.0
272 1.6989700043360187
273 1.3010299956639813
277 1.3010299956639813
278 1.0
279 1.0
281 1.0
283 1.3010299956639813
285 1.0
288 1.3010299956639813
289 1.0
290 1.0
295 1.4771212547196624
300 1.3010299956639813
301 1.4771212547196624
302 1.0
306 1.3010299956639813
310 1.3010299956639813
314 1.4771212547196624
319 1.3010299956639813
322 1.3010299956639813
324 1.0
325 1.0
327 1.7781512503836436
329 1.0
335 1.6020599913279625
336 1.4771212547196624
337 1.0
341 1.0
346 1.4771212547196624
349 1.0
350 1.0
353 1.0
355 1.0
360 1.0
361 1.7781512503836436
362 1.0
363 1.0
366 1.4771212547196624
367 1.6020599913279625
380 1.3010299956639813
388 1.3010299956639813
398 2.0
399 1.6020599913279625
400 1.0
403 1.4771212547196624
405 1.0
408 1.0
409 1.3010299956639813
411 1.4771212547196624
412 1.3010299956639813
415 1.0
420 1.0
422 1.3010299956639813
423 1.0
424 2.146128035678238
426 1.3010299956639813
428 1.4771212547196624
429 1.7781512503836436
430 1.0
433 1.6020599913279625
434 1.9030899869919435
437 1.0
438 1.4771212547196624
440 1.0
441 1.0
443 1.0
444 1.0
445 1.0
446 1.0
454 1.3010299956639813
456 1.0
459 1.0
463 1.0
466 1.0
473 1.0
474 1.3010299956639813
476 1.0
477 1.0
479 1.6020599913279625
481 1.0
482 1.6020599913279625
487 1.4771212547196624
488 1.0
491 1.0
494 1.3010299956639813
496 1.0
498 1.3010299956639813
500 1.0
504 1.0
505 1.3010299956639813
509 1.0
513 1.0
522 1.0
528 1.6020599913279625
532 1.3010299956639813
533 1.0
535 1.3010299956639813
540 1.0
541 1.3010299956639813
542 1.0
545 1.3010299956639813
547 1.0
548 1.4771212547196624
550 1.3010299956639813
556 1.0
557 1.4771212547196624
561 1.3010299956639813
562 1.0
563 1.0
566 1.0
568 1.0
569 1.0
572 1.0
573 1.0
574 1.0
575 1.0
581 1.0
582 1.0
583 1.0
586 1.3010299956639813
587 1.3010299956639813
588 1.0
589 1.0
592 1.4771212547196624
593 1.0
595 1.0
596 1.4771212547196624
597 1.6020599913279625
598 1.6020599913279625
601 1.0
602 1.0
603 1.0
609 1.3010299956639813
614 1.3010299956639813
615 2.146128035678238
622 1.3010299956639813
623 1.0
625 1.0
626 1.0
628 1.0
631 1.0
632 1.7781512503836436
633 1.3010299956639813
634 1.3010299956639813
643 1.3010299956639813
650 1.0
653 1.0
654 1.0
657 1.0
659 1.6020599913279625
667 1.0
669 1.4771212547196624
677 1.4771212547196624
678 1.0
681 1.0
685 1.3010299956639813
687 1.3010299956639813
688 1.3010299956639813
689 1.0
692 1.4771212547196624
696 1.0
697 1.4771212547196624
698 1.0
700 1.0
701 1.0
702 1.3010299956639813
707 1.4771212547196624
713 1.3010299956639813
715 1.3010299956639813
717 2.230448921378274
720 1.0
728 1.0
731 1.3010299956639813
733 1.3010299956639813
738 1.6020599913279625
739 1.6989700043360187
746 1.0
748 1.0
749 1.0
750 1.0
758 1.4771212547196624
761 1.3010299956639813
764 1.3010299956639813
767 1.3010299956639813
768 1.0
772 1.6020599913279625
775 1.6989700043360187
778 1.6020599913279625
779 1.7781512503836436
788 1.0
789 1.4771212547196624
790 1.6020599913279625
792 1.0
793 1.0
795 1.3010299956639813
798 1.3010299956639813
806 1.3010299956639813
807 1.0
810 1.6020599913279625
815 1.3010299956639813
816 1.0
819 1.3010299956639813
820 1.0
828 1.0
829 1.0
831 1.0
846 1.4771212547196624
851 1.0
855 1.0
857 1.0
864 1.6020599913279625
867 1.4771212547196624
868 1.0
869 1.0
878 1.0
881 1.0
885 1.6020599913279625
893 1.6020599913279625
895 1.0
897 1.6020599913279625
901 1.0
902 1.3010299956639813
904 1.0
905 1.0
906 1.0
907 1.0
914 1.0
918 1.4771212547196624
920 1.3010299956639813
922 1.3010299956639813
924 1.6020599913279625
928 1.3010299956639813
929 1.9030899869919435
935 1.4771212547196624
939 1.0
941 1.9542425094393248
942 1.3010299956639813
943 1.3010299956639813
944 1.3010299956639813
945 1.0
946 1.0
952 1.0
968 1.0
975 1.0
980 1.0
981 1.0
982 1.3010299956639813
985 1.9030899869919435
986 1.3010299956639813
987 1.3010299956639813
996 1.0
998 1.6989700043360187
1001 1.0
1003 1.0
1006 1.4771212547196624
1007 1.0
1013 1.0
1017 1.3010299956639813
1020 1.7781512503836436
1027 1.0
1029 1.0
1030 1.0
1031 1.0
1034 1.6020599913279625
1039 1.4771212547196624
1040 1.0
1042 1.0
1043 1.0
1047 1.0
1050 1.3010299956639813
1052 1.3010299956639813
1053 1.0
1054 1.6020599913279625
1055 1.3010299956639813
1059 1.0
1064 1.0
1068 1.6989700043360187
1072 1.0
1076 1.4771212547196624
1078 1.4771212547196624
1079 1.3010299956639813
1083 1.0
1090 1.0
1096 1.0
1099 1.7781512503836436
1104 1.6020599913279625
1105 1.0
1106 1.0
1121 1.0
1124 1.3010299956639813
1127 1.3010299956639813
1128 1.3010299956639813
1139 1.0
1140 1.0
1147 1.0
1148 1.0
1152 1.0
1154 1.3010299956639813
1155 1.6020599913279625
1159 1.0
1160 1.0
1161 1.0
1162 1.0
1165 1.3010299956639813
1166 1.0
1168 1.0
1170 1.0
1175 1.3010299956639813
1177 1.0
1182 1.4771212547196624
1183 1.0
1185 1.0
1186 1.3010299956639813
1188 1.0
1194 1.4771212547196624
1195 1.3010299956639813
1204 1.0
1206 1.0
1210 1.0
1215 1.6989700043360187
1216 1.0
1217 1.0
1218 1.0
1222 1.4771212547196624
1231 1.0
1236 1.0
1237 1.6020599913279625
1239 1.3010299956639813
1240 1.0
1243 1.845098040014257
1245 1.9030899869919435
1258 1.0
1259 2.113943352306837
1268 1.4771212547196624
1269 1.0
1271 1.0
1272 1.0
1276 1.6989700043360187
1283 1.6020599913279625
1285 1.4771212547196624
1286 1.4771212547196624
1293 1.6020599913279625
1294 1.4771212547196624
1296 1.3010299956639813
1306 1.6020599913279625
1311 1.0
1313 1.0
1318 1.3010299956639813
1320 1.0
1321 1.9542425094393248
