15 1.0
43 1.0
70 1.0
76 1.0
91 1.0
104 1.0
110 1.0
116 1.0
127 1.0
200 1.0
201 1.0
210 1.0
234 1.0
241 1.0
257 1.0
307 1.0
319 1.0
327 1.3010299956639813
329 1.0
332 1.0
337 1.0
340 1.0
341 1.0
348 1.0
354 1.0
364 1.6020599913279625
388 1.0
405 1.0
412 1.0
417 1.3010299956639813
485 1.0
531 1.4771212547196624
532 1.0
537 1.0
589 1.0
597 1.0
598 1.0
599 1.0
600 1.0
605 1.6020599913279625
606 1.6020599913279625
614 1.7781512503836436
627 1.0
633 1.0
646 1.0
651 1.0
652 1.0
661 1.0
678 1.0
689 1.0
694 1.4771212547196624
711 1.0
724 1.3010299956639813
745 1.0
748 1.0
764 1.0
779 1.0
802 1.4771212547196624
803 1.4771212547196624
824 1.4771212547196624
825 1.4771212547196624
864 1.0
867 1.0
870 1.0
889 1.0
890 1.0
896 1.0
903 1.3010299956639813
936 1.0
1002 1.0
1003 1.0
1023 1.0
1028 1.0
1055 1.0
1062 1.0
1070 1.0
1089 1.0
1121 1.0
1126 1.0
1203 1.0
1206 1.3010299956639813
1225 1.0
1227 1.3010299956639813
1235 1.0
1257 1.4771212547196624
1265 1.3010299956639813
1277 1.4771212547196624
