28 1.3010299956639813
29 1.0
31 1.0
66 1.0
102 1.0
121 1.6020599913279625
135 1.3010299956639813
229 1.0
238 1.0
247 1.0
297 1.0
310 1.9542425094393248
352 1.6989700043360187
499 1.0
543 1.3010299956639813
544 1.3010299956639813
558 1.4771212547196624
562 1.0
563 1.0
567 1.3010299956639813
577 1.0
587 1.0
589 2.414973347970818
624 1.0
674 1.3010299956639813
675 1.3010299956639813
703 1.3010299956639813
715 1.0
743 1.0
769 1.0
802 1.0
803 1.0
816 1.6989700043360187
845 1.3010299956639813
870 1.0
897 1.0
987 1.0
988 1.3010299956639813
1028 1.0
1082 1.0
1092 1.6989700043360187
1121 1.0
1212 1.0
1276 1.0
1278 1.0
