81 1.3010299956639813
84 2.0413926851582254
113 1.0
114 1.0
116 1.0
148 1.0
261 1.3010299956639813
309 1.0
330 1.0
344 1.0
350 1.0
368 1.0
392 1.0
393 1.845098040014257
398 2.079181246047625
402 1.3010299956639813
408 1.0
452 1.0
464 1.4771212547196624
527 2.079181246047625
533 1.6020599913279625
541 1.3010299956639813
581 1.7781512503836436
589 1.3010299956639813
591 1.3010299956639813
622 1.0
629 1.0
668 1.0
671 1.0
681 2.113943352306837
693 2.113943352306837
742 1.3010299956639813
755 1.0
821 1.3010299956639813
839 1.0
840 1.0
855 1.0
914 1.0
915 1.6020599913279625
1029 1.0
1042 1.0
1078 1.0
1113 1.0
1117 1.0
1118 1.0
1153 1.0
1268 2.204119982655925
1269 2.342422680822206
1293 2.342422680822206
1297 1.6989700043360187
1318 1.4771212547196624
