3 2.079181246047625
28 1.0
34 1.4771212547196624
37 2.0
48 1.6020599913279625
49 1.3010299956639813
50 1.6989700043360187
59 1.4771212547196624
60 1.4771212547196624
61 1.0
71 1.0
79 1.0
81 1.0
84 2.0
90 1.9030899869919435
91 2.361727836017593
99 1.845098040014257
110 1.3010299956639813
118 1.9030899869919435
120 1.3010299956639813
123 2.113943352306837
124 2.113943352306837
136 1.9030899869919435
147 1.0
152 1.0
158 1.6989700043360187
159 1.6989700043360187
171 1.9030899869919435
172 1.4771212547196624
173 1.4771212547196624
174 1.0
182 1.7781512503836436
183 1.6989700043360187
202 1.0
205 1.4771212547196624
206 1.0
209 2.361727836017593
210 1.9030899869919435
211 2.380211241711606
213 1.6989700043360187
214 1.6989700043360187
215 1.6020599913279625
216 1.6989700043360187
217 1.9542425094393248
218 1.9030899869919435
219 1.6020599913279625
220 1.9542425094393248
222 1.9030899869919435
223 1.3010299956639813
224 1.4771212547196624
225 1.4771212547196624
226 1.7781512503836436
228 1.6020599913279625
229 1.3010299956639813
231 2.0413926851582254
233 1.3010299956639813
234 1.0
238 1.3010299956639813
243 1.6989700043360187
244 1.6020599913279625
248 1.4771212547196624
249 1.3010299956639813
253 1.0
256 1.0
259 1.6020599913279625
260 1.6020599913279625
261 1.0
277 1.3010299956639813
278 1.4771212547196624
293 1.3010299956639813
297 1.3010299956639813
308 1.0
310 1.0
313 2.079181246047625
373 1.0
374 1.7781512503836436
393 1.6989700043360187
394 1.4771212547196624
398 2.0413926851582254
403 1.4771212547196624
409 2.0
412 2.1760912590556813
414 1.7781512503836436
420 1.3010299956639813
424 1.0
425 1.0
426 1.6020599913279625
427 1.3010299956639813
428 1.7781512503836436
432 1.0
436 1.4771212547196624
437 1.0
440 1.9542425094393248
446 1.7781512503836436
447 1.7781512503836436
451 1.4771212547196624
454 1.3010299956639813
455 1.6989700043360187
456 1.3010299956639813
457 1.9542425094393248
458 1.0
459 1.845098040014257
461 1.6989700043360187
462 1.3010299956639813
463 1.4771212547196624
464 1.3010299956639813
466 1.3010299956639813
467 1.4771212547196624
468 1.7781512503836436
469 1.6989700043360187
470 1.0
472 1.6989700043360187
475 1.0
478 1.6020599913279625
480 1.6989700043360187
482 1.3010299956639813
484 1.0
486 1.6989700043360187
487 1.4771212547196624
489 1.3010299956639813
490 1.0
491 2.342422680822206
493 1.7781512503836436
494 2.079181246047625
502 1.0
506 2.5185139398778875
509 1.6020599913279625
510 1.9542425094393248
519 1.3010299956639813
521 1.0
522 1.3010299956639813
523 1.3010299956639813
524 1.6020599913279625
525 1.6020599913279625
526 1.6020599913279625
527 2.0413926851582254
528 1.6020599913279625
530 1.0
531 1.0
532 1.0
533 1.4771212547196624
538 1.9542425094393248
540 1.845098040014257
541 1.0
542 2.0413926851582254
545 1.0
546 1.7781512503836436
548 1.6989700043360187
549 1.4771212547196624
550 1.3010299956639813
551 1.0
552 1.9030899869919435
553 1.7781512503836436
558 1.3010299956639813
560 1.9030899869919435
561 1.0
564 1.4771212547196624
565 1.0
567 1.0
572 1.9030899869919435
575 1.0
581 1.6989700043360187
589 1.0
590 1.0
591 1.0
599 2.0413926851582254
600 1.0
601 2.0413926851582254
611 1.0
631 1.6020599913279625
649 1.3010299956639813
650 1.0
651 1.0
677 1.0
679 1.9542425094393248
681 2.079181246047625
683 1.3010299956639813
685 1.845098040014257
686 1.6989700043360187
688 1.0
690 1.6989700043360187
693 2.0413926851582254
694 1.0
708 1.0
710 1.4771212547196624
713 1.0
714 1.6020599913279625
716 1.845098040014257
719 1.6020599913279625
720 1.845098040014257
722 1.4771212547196624
734 1.0
735 1.0
736 1.0
739 1.3010299956639813
744 1.6020599913279625
752 1.0
761 1.0
764 1.0
768 1.3010299956639813
773 1.3010299956639813
782 1.6020599913279625
786 1.4771212547196624
788 2.361727836017593
790 1.9542425094393248
795 1.0
807 1.0
845 1.0
850 1.0
861 1.4771212547196624
885 1.0
887 1.0
893 1.4771212547196624
915 1.3010299956639813
916 1.0
921 1.0
943 1.0
944 1.0
956 1.3010299956639813
996 1.0
1014 1.0
1036 1.3010299956639813
1037 1.0
1040 1.0
1044 1.0
1048 1.0
1087 1.0
1102 1.0
1141 1.7781512503836436
1142 1.7781512503836436
1161 1.9030899869919435
1162 1.4771212547196624
1172 1.0
1190 1.3010299956639813
1196 1.0
1220 1.0
1243 2.342422680822206
1244 1.7781512503836436
1245 1.6989700043360187
1249 1.6020599913279625
1250 1.3010299956639813
1251 1.6020599913279625
1252 1.0
1254 2.0
1256 1.0
1257 1.845098040014257
1259 2.4313637641589874
1261 1.4771212547196624
1262 1.0
1263 1.9030899869919435
1267 2.0413926851582254
1268 2.1760912590556813
1269 2.3010299956639813
1270 1.3010299956639813
1271 1.4771212547196624
1272 2.204119982655925
1273 1.4771212547196624
1278 1.6020599913279625
1280 1.6989700043360187
1282 1.3010299956639813
1284 1.6020599913279625
1285 1.9542425094393248
1286 1.7781512503836436
1287 1.6989700043360187
1288 1.3010299956639813
1290 1.9030899869919435
1291 1.0
1293 2.3222192947339195
1294 1.6989700043360187
1295 1.845098040014257
1297 1.6020599913279625
1298 1.3010299956639813
1302 2.0
1304 1.845098040014257
1305 1.0
1308 1.6020599913279625
1310 1.6020599913279625
1311 1.0
1312 1.845098040014257
1313 1.845098040014257
1316 1.0
1317 1.6989700043360187
1318 1.3010299956639813
1320 1.3010299956639813
1321 2.146128035678238
1322 1.4771212547196624
1324 1.0
