48 1.6020599913279625
73 1.0
75 1.3010299956639813
81 1.6989700043360187
90 1.0
110 1.0
111 1.4771212547196624
113 1.0
114 1.0
134 1.0
136 1.0
143 1.0
148 1.0
155 1.0
173 1.0
190 1.0
231 1.0
234 1.3010299956639813
241 1.0
253 1.0
254 1.3010299956639813
286 1.0
314 1.0
350 1.7781512503836436
356 1.0
364 1.0
369 1.0
378 1.0
383 1.0
396 1.3010299956639813
402 1.0
450 1.0
467 1.0
577 1.0
584 1.0
585 1.0
586 1.0
589 2.0413926851582254
624 1.0
664 1.0
681 1.0
693 1.0
708 1.0
713 1.0
716 1.0
718 1.0
732 1.0
749 1.0
756 1.0
868 1.0
869 1.0
871 1.6020599913279625
872 1.0
895 1.0
903 1.3010299956639813
904 1.0
927 1.0
1021 1.0
1025 1.0
1036 1.0
1039 1.4771212547196624
1085 1.0
1113 1.0
1143 1.0
1144 1.0
1226 1.0
1267 1.0
1285 1.0
