54 1.6020599913279625
59 1.0
60 1.0
79 1.0
121 1.0
139 1.0
200 1.3010299956639813
201 1.4771212547196624
204 1.3010299956639813
234 1.0
267 1.3010299956639813
273 1.3010299956639813
289 1.0
305 1.3010299956639813
309 1.0
318 1.0
350 1.6020599913279625
353 1.0
459 1.0
539 1.0
566 1.0
589 1.3010299956639813
650 1.0
687 1.0
694 1.3010299956639813
697 1.0
765 1.0
771 1.6989700043360187
787 1.0
791 1.3010299956639813
857 1.0
867 1.3010299956639813
951 1.0
966 1.3010299956639813
984 1.3010299956639813
987 1.0
1049 1.0
1052 1.0
1055 1.3010299956639813
1129 1.6989700043360187
1130 1.6989700043360187
1171 1.0
1190 1.0
1264 1.0
1279 1.3010299956639813
1307 1.0
