5 1.0
21 1.9030899869919435
48 1.0
59 1.0
60 1.0
91 1.3010299956639813
96 1.0
139 1.0
189 1.0
209 1.0
288 1.6020599913279625
300 1.4771212547196624
325 1.0
386 1.0
401 1.0
403 1.0
409 1.0
415 1.0
462 1.0
506 1.0
521 1.0
558 1.0
565 1.7781512503836436
580 1.3010299956639813
615 1.3010299956639813
617 1.0
622 1.0
629 1.0
686 1.0
749 1.0
846 1.0
848 1.0
891 1.0
901 1.0
905 1.0
930 1.3010299956639813
943 1.0
944 1.0
982 1.3010299956639813
983 1.3010299956639813
986 1.0
1008 1.0
1032 1.0
1076 1.3010299956639813
1092 1.3010299956639813
1102 1.6020599913279625
1103 1.0
1117 1.0
1118 1.0
1119 1.0
1129 1.0
1130 1.0
1162 1.6020599913279625
1170 1.0
1177 1.3010299956639813
1193 1.3010299956639813
1281 1.0
1316 1.0
1318 1.0
