8 1.0
17 1.4771212547196624
63 1.0
104 1.0
108 1.3010299956639813
151 1.3010299956639813
162 1.0
167 1.845098040014257
186 1.0
187 1.0
207 1.0
268 1.4771212547196624
297 1.0
337 2.5440680443502757
338 1.3010299956639813
363 1.4771212547196624
367 2.342422680822206
372 1.3010299956639813
377 1.0
391 1.3010299956639813
406 1.0
410 1.0
415 1.3010299956639813
457 1.3010299956639813
518 1.0
529 1.0
614 1.4771212547196624
636 1.4771212547196624
758 1.0
763 1.0
829 1.3010299956639813
834 1.4771212547196624
835 1.4771212547196624
881 1.0
894 1.0
1005 1.0
1016 1.0
1050 1.0
1053 1.3010299956639813
1091 1.4771212547196624
1097 1.0
1115 1.0
1116 1.0
1129 1.7781512503836436
1130 1.7781512503836436
1139 1.0
1140 1.3010299956639813
1150 1.0
1156 1.0
1157 1.0
1231 1.0
1232 1.0
