1 1.0
28 1.0
88 1.0
140 1.0
231 1.0
233 1.0
255 1.0
274 1.4771212547196624
282 1.0
289 1.0
305 1.3010299956639813
309 1.0
310 1.0
329 1.3010299956639813
343 1.0
353 1.0
354 1.3010299956639813
364 1.0
367 1.0
388 1.0
398 1.3010299956639813
399 1.3010299956639813
401 1.0
440 1.7781512503836436
444 1.0
468 1.0
477 1.0
482 1.6989700043360187
484 1.0
496 1.0
511 1.0
540 1.0
543 1.0
544 1.0
577 1.0
597 1.0
598 1.0
630 1.4771212547196624
638 1.0
643 1.0
645 1.0
682 1.3010299956639813
687 1.0
690 1.3010299956639813
697 1.0
711 1.0
730 1.0
736 1.3010299956639813
740 1.0
760 1.0
797 1.4771212547196624
817 1.6989700043360187
818 1.6989700043360187
821 1.0
837 1.0
845 1.3010299956639813
861 1.0
889 1.4771212547196624
890 1.4771212547196624
893 1.0
895 1.4771212547196624
903 1.0
912 1.6020599913279625
924 1.0
940 1.0
955 1.6989700043360187
964 1.6020599913279625
994 1.6020599913279625
1038 1.0
1041 1.0
1045 1.3010299956639813
1055 1.6020599913279625
1062 1.0
1086 1.0
1119 1.0
1124 1.0
1139 1.0
1140 1.0
1153 1.4771212547196624
1158 1.3010299956639813
1183 1.0
1228 1.0
1247 1.0
1279 1.0
1283 1.0
1285 1.3010299956639813
1289 1.0
1313 1.3010299956639813
1319 1.0
1320 1.0
