27 1.3010299956639813
34 1.845098040014257
37 1.0
49 1.3010299956639813
50 1.0
84 1.3010299956639813
110 1.3010299956639813
115 1.0
118 1.6020599913279625
120 1.0
122 1.0
136 1.4771212547196624
141 1.0
147 1.0
158 1.3010299956639813
171 1.3010299956639813
172 1.4771212547196624
182 1.3010299956639813
183 1.6020599913279625
200 1.3010299956639813
201 1.3010299956639813
202 1.6020599913279625
205 1.3010299956639813
209 1.4771212547196624
210 1.3010299956639813
211 1.3010299956639813
213 1.7781512503836436
214 1.4771212547196624
215 1.0
220 1.7781512503836436
221 1.0
222 1.0
223 1.3010299956639813
225 1.6020599913279625
226 1.0
231 1.0
233 1.0
238 1.0
245 1.0
247 1.0
248 1.0
249 1.3010299956639813
255 1.0
260 1.0
308 1.3010299956639813
385 1.0
400 1.0
403 1.3010299956639813
409 1.3010299956639813
412 1.3010299956639813
414 1.3010299956639813
425 1.0
427 1.0
428 1.0
431 1.0
436 1.0
437 1.3010299956639813
440 1.4771212547196624
451 1.3010299956639813
454 1.0
455 1.0
461 1.0
463 1.3010299956639813
464 1.0
466 1.0
469 1.0
480 1.0
486 1.3010299956639813
487 1.0
490 1.0
491 1.0
493 1.0
494 1.0
499 1.0
504 1.0
506 1.6020599913279625
509 1.0
515 1.6020599913279625
517 1.0
518 1.4771212547196624
524 1.3010299956639813
527 1.4771212547196624
538 1.6020599913279625
542 1.3010299956639813
546 1.0
547 1.0
548 1.3010299956639813
549 1.0
551 1.0
552 1.4771212547196624
555 1.0
572 1.0
599 1.3010299956639813
601 1.3010299956639813
631 1.0
649 1.0
657 1.3010299956639813
678 1.3010299956639813
679 1.0
682 1.0
685 1.0
693 1.3010299956639813
703 1.0
710 1.0
714 1.3010299956639813
723 1.3010299956639813
724 1.4771212547196624
764 1.0
768 1.3010299956639813
786 1.0
788 1.0
790 1.0
832 1.0
833 1.0
892 1.0
943 1.0
944 1.0
959 1.0
1002 1.0
1064 1.0
1087 1.0
1090 1.0
1190 1.0
1204 1.0
1243 1.0
1252 1.0
1254 1.4771212547196624
1259 1.3010299956639813
1264 1.0
1268 1.0
1271 1.0
1272 1.0
1286 1.0
1289 1.3010299956639813
1293 1.3010299956639813
1310 1.0
1313 1.3010299956639813
