3 1.0
10 1.0
16 1.0
47 1.0
48 1.0
50 1.0
58 1.0
69 1.0
81 1.3010299956639813
83 1.0
84 1.6989700043360187
90 1.0
102 1.3010299956639813
105 1.0
107 1.0
115 1.0
118 1.4771212547196624
119 1.0
120 1.0
136 1.6020599913279625
151 1.0
169 1.0
171 1.3010299956639813
190 1.3010299956639813
209 1.0
210 1.0
221 1.0
224 1.0
226 1.0
244 1.845098040014257
259 1.4771212547196624
260 1.0
261 1.3010299956639813
271 1.0
298 1.0
302 1.0
313 1.3010299956639813
337 1.0
390 1.0
403 1.3010299956639813
409 1.0
414 1.3010299956639813
425 1.4771212547196624
427 1.4771212547196624
430 1.0
436 1.0
437 1.3010299956639813
440 1.6020599913279625
441 1.4771212547196624
446 1.6020599913279625
447 1.4771212547196624
457 1.0
460 1.845098040014257
462 1.4771212547196624
463 1.4771212547196624
464 1.0
465 1.6020599913279625
468 1.7781512503836436
469 1.0
470 1.0
472 1.0
483 1.0
484 1.0
487 1.3010299956639813
489 1.0
491 1.0
498 1.0
516 1.3010299956639813
517 1.3010299956639813
519 1.0
520 1.3010299956639813
522 1.0
523 1.6989700043360187
526 1.6020599913279625
528 1.3010299956639813
530 1.0
560 1.4771212547196624
589 1.0
592 1.4771212547196624
599 1.3010299956639813
614 1.0
631 1.3010299956639813
679 1.0
681 1.0
683 1.0
685 1.0
689 1.3010299956639813
692 1.0
699 1.0
705 1.0
708 1.845098040014257
714 1.6020599913279625
716 1.4771212547196624
720 1.6989700043360187
734 1.3010299956639813
739 1.0
741 1.0
744 1.6020599913279625
752 1.6020599913279625
761 1.0
768 1.0
773 1.0
782 1.3010299956639813
785 1.0
786 1.3010299956639813
788 1.0
790 2.3979400086720375
794 1.0
814 1.3010299956639813
834 1.0
835 1.0
864 1.0
889 1.0
890 1.0
904 1.0
905 1.0
929 1.3010299956639813
1000 1.0
1027 1.0
1041 1.0
1060 1.0
1126 1.6020599913279625
1197 1.0
1218 1.0
1223 1.0
1252 1.3010299956639813
1253 1.3010299956639813
1254 1.6989700043360187
1257 1.0
1269 1.0
1270 1.0
1271 2.278753600952829
1281 1.3010299956639813
1286 1.3010299956639813
1294 1.0
1295 1.3010299956639813
1297 1.3010299956639813
1298 2.1760912590556813
1299 1.0
1303 1.0
1308 1.4771212547196624
1310 1.0
1315 1.4771212547196624
1317 1.3010299956639813
1319 1.0
1323 1.3010299956639813
