65 1.0
76 1.4771212547196624
247 1.0
261 1.0
274 1.0
346 1.0
398 1.0
416 1.0
470 1.0
474 1.0
498 1.3010299956639813
520 1.0
543 1.0
544 1.0
545 1.3010299956639813
562 1.6989700043360187
563 1.6989700043360187
567 1.3010299956639813
577 1.0
614 1.6020599913279625
617 1.0
654 1.0
682 1.0
687 1.0
689 1.0
702 1.0
747 1.0
845 1.0
918 1.0
929 1.3010299956639813
943 1.0
944 1.0
987 1.3010299956639813
1040 1.0
1143 1.3010299956639813
1144 1.3010299956639813
1214 1.0
1220 1.0
1226 1.0
1273 1.0
1283 1.0
1310 1.0
