48 1.0
123 1.0
124 1.0
203 1.3010299956639813
223 1.0
226 1.4771212547196624
276 1.0
307 2.255272505103306
323 1.0
455 1.0
491 1.0
498 1.0
506 1.0
514 1.0
521 1.0
540 1.0
589 1.0
613 1.0
622 1.4771212547196624
638 1.0
646 1.0
658 1.4771212547196624
721 1.0
724 1.0
739 1.6989700043360187
756 1.0
845 1.845098040014257
851 2.079181246047625
876 1.4771212547196624
885 1.6020599913279625
901 1.0
908 1.0
914 1.845098040014257
918 1.3010299956639813
939 1.0
940 1.3010299956639813
948 1.3010299956639813
1013 1.4771212547196624
1034 1.0
1047 1.0
1060 1.0
1062 1.845098040014257
1065 1.0
1072 1.0
1089 1.0
1096 1.0
1104 1.0
1193 1.3010299956639813
1201 1.0
1219 1.0
1228 1.3010299956639813
1241 1.4771212547196624
1243 1.3010299956639813
1249 1.0
1270 1.3010299956639813
1285 1.0
1286 1.0
1288 1.0
1300 1.0
1314 1.0
