0 1.0
11 1.0
32 1.0
54 1.0
61 1.0
65 1.0
141 1.3010299956639813
169 1.0
176 1.7781512503836436
178 1.0
190 1.3010299956639813
204 1.3010299956639813
222 1.0
226 1.0
297 1.0
305 1.4771212547196624
312 1.0
373 1.0
385 1.0
429 1.0
457 1.0
491 1.0
496 1.6989700043360187
498 1.0
505 1.3010299956639813
506 1.3010299956639813
518 1.0
526 1.9542425094393248
528 1.0
537 1.0
565 1.0
577 1.0
624 1.0
677 1.0
691 1.3010299956639813
702 1.0
733 1.0
751 1.0
764 1.0
802 1.3010299956639813
803 1.3010299956639813
812 1.0
893 1.0
948 1.0
1034 1.0
1036 1.0
1039 1.3010299956639813
1046 1.0
1047 1.0
1059 1.0
1072 1.0
1088 1.0
1097 1.0
1152 1.0
1169 1.0
1173 1.0
1218 1.0
1234 1.3010299956639813
1239 1.0
1264 1.0
1265 1.0
1274 1.0
