0 1.3010299956639813
2 1.0
6 1.4771212547196624
15 1.0
31 1.0
75 1.0
90 1.3010299956639813
91 1.0
129 1.0
163 1.0
194 1.0
203 1.0
223 1.0
247 1.0
272 1.0
297 1.0
310 1.0
356 1.0
373 1.0
374 1.0
375 1.0
379 1.0
393 1.0
406 1.0
409 1.0
431 1.0
446 1.0
462 1.0
482 1.0
506 1.6020599913279625
509 1.0
541 1.0
543 1.0
544 1.0
552 1.3010299956639813
555 1.0
565 1.0
567 1.3010299956639813
575 1.0
580 1.0
588 1.0
592 1.0
601 1.0
602 1.3010299956639813
603 1.3010299956639813
621 1.0
645 1.0
659 1.0
664 1.0
668 1.0
681 1.0
687 1.0
688 1.0
693 1.3010299956639813
711 1.0
754 1.3010299956639813
760 1.0
779 1.3010299956639813
795 1.0
815 1.0
820 1.0
826 1.0
837 1.4771212547196624
870 1.0
895 1.0
914 1.0
932 1.0
940 1.3010299956639813
1038 1.0
1050 1.0
1052 1.3010299956639813
1082 1.0
1091 1.0
1092 1.0
1102 1.3010299956639813
1104 1.0
1109 1.0
1113 1.0
1123 1.0
1124 1.0
1149 1.0
1150 1.0
1166 1.0
1168 1.0
1180 1.0
1183 1.3010299956639813
1210 1.0
1221 1.0
1224 1.0
1226 1.0
1263 1.0
1270 1.3010299956639813
1273 1.0
1281 1.3010299956639813
1285 1.3010299956639813
1292 1.3010299956639813
1294 1.4771212547196624
1304 1.0
1311 1.0
