2 1.0
9 1.0
12 1.0
176 1.0
220 1.0
311 1.0
314 1.0
379 1.0
387 1.0
399 1.0
431 1.3010299956639813
433 1.3010299956639813
454 1.0
535 1.0
541 1.0
545 1.0
593 1.0
626 1.0
639 1.0
650 1.0
676 1.0
694 1.0
742 1.4771212547196624
748 1.0
751 1.0
801 1.4771212547196624
815 1.0
821 1.0
864 1.3010299956639813
893 1.0
902 1.3010299956639813
906 1.0
1025 1.0
1062 1.0
1064 1.0
1065 1.4771212547196624
1088 1.0
1108 1.0
1120 1.0
1196 1.0
1199 1.3010299956639813
1205 1.0
1226 1.4771212547196624
1289 1.0
1305 1.0
