9 1.0
32 1.4771212547196624
34 1.3010299956639813
45 1.0
47 1.0
56 1.0
65 1.3010299956639813
75 1.0
89 1.0
94 1.0
102 1.0
107 1.4771212547196624
110 1.0
121 1.3010299956639813
126 1.0
132 1.4771212547196624
143 1.0
146 1.3010299956639813
168 1.0
184 1.6020599913279625
185 1.6020599913279625
188 1.0
190 1.6020599913279625
192 1.0
200 1.3010299956639813
207 1.6989700043360187
230 1.4771212547196624
267 1.0
272 1.0
297 1.3010299956639813
303 1.0
324 1.0
330 1.0
332 1.6020599913279625
335 1.3010299956639813
336 1.6020599913279625
337 1.0
355 1.0
366 1.0
367 1.3010299956639813
379 1.0
408 1.0
435 1.0
438 1.3010299956639813
449 1.6020599913279625
468 1.0
484 1.0
511 1.3010299956639813
514 1.0
517 1.3010299956639813
520 1.3010299956639813
529 1.4771212547196624
540 1.0
557 1.0
573 1.0
574 1.0
580 1.6020599913279625
584 1.0
585 1.0
590 1.0
608 1.0
632 1.3010299956639813
687 1.0
697 1.4771212547196624
725 1.0
736 1.0
737 1.4771212547196624
756 1.3010299956639813
761 1.0
769 1.3010299956639813
799 1.0
807 1.0
810 1.6989700043360187
819 1.0
824 1.3010299956639813
825 1.3010299956639813
831 1.6020599913279625
837 1.0
842 1.4771212547196624
863 1.0
907 1.0
935 1.0
936 1.0
941 1.4771212547196624
942 1.0
951 1.0
960 1.3010299956639813
990 1.3010299956639813
994 1.3010299956639813
1000 1.3010299956639813
1003 1.0
1006 1.0
1019 1.0
1020 1.0
1022 1.0
1026 1.0
1032 1.0
1054 1.4771212547196624
1068 1.6989700043360187
1080 1.0
1098 1.6020599913279625
1104 1.0
1117 1.3010299956639813
1118 1.3010299956639813
1143 1.0
1144 1.0
1186 1.845098040014257
1194 1.0
1202 1.0
1213 1.4771212547196624
1214 1.0
1223 1.0
1228 1.0
1230 1.0
1237 1.3010299956639813
1238 1.0
1240 1.0
1277 1.6020599913279625
1283 1.0
1284 1.0
1294 1.0
1306 1.0
1322 1.0
