15 1.0
16 1.0
65 1.0
194 1.0
241 1.0
244 1.0
247 1.3010299956639813
329 1.4771212547196624
351 1.0
353 1.0
398 1.3010299956639813
408 1.0
420 1.0
496 1.0
501 1.6989700043360187
541 1.4771212547196624
570 1.4771212547196624
580 1.0
586 1.0
596 1.0
613 1.7781512503836436
629 1.4771212547196624
630 1.0
634 1.0
748 1.0
756 1.0
769 1.0
772 1.4771212547196624
775 1.0
807 1.0
855 1.0
868 1.0
869 1.0
871 1.0
914 1.0
924 1.0
925 1.0
929 1.0
938 1.0
963 1.0
968 1.0
991 1.0
1062 1.0
1153 1.0
1158 1.0
1268 1.3010299956639813
