24 1.4771212547196624
75 1.0
77 1.3010299956639813
87 1.4771212547196624
100 1.0
111 1.0
116 1.0
121 1.0
132 1.0
161 1.0
180 1.0
181 1.0
241 1.0
242 1.0
253 1.0
275 1.0
304 1.0
307 1.6020599913279625
309 1.0
312 1.0
330 2.633468455579586
335 1.0
350 1.0
359 1.0
361 1.6989700043360187
362 1.0
382 1.0
386 1.3010299956639813
417 1.7781512503836436
421 1.0
429 1.4771212547196624
450 2.361727836017593
474 1.6989700043360187
496 1.3010299956639813
499 1.4771212547196624
506 1.0
517 2.380211241711606
523 1.0
537 1.0
539 1.0
540 1.0
543 1.3010299956639813
544 1.3010299956639813
555 2.0413926851582254
565 1.6020599913279625
570 1.6020599913279625
577 1.3010299956639813
582 1.0
583 1.0
584 1.7781512503836436
585 1.7781512503836436
586 1.0
592 1.3010299956639813
618 2.0413926851582254
624 1.0
629 1.0
633 1.6989700043360187
640 1.0
651 1.4771212547196624
667 1.0
690 1.0
691 1.0
692 1.3010299956639813
694 1.3010299956639813
711 1.0
715 1.0
717 1.6020599913279625
765 1.4771212547196624
767 1.0
778 1.0
783 1.845098040014257
809 2.0413926851582254
824 1.0
825 1.0
827 1.0
837 1.0
855 2.5440680443502757
865 1.0
878 1.0
884 1.4771212547196624
891 1.0
892 1.0
896 1.4771212547196624
903 1.0
906 1.0
920 1.0
926 1.0
935 1.6020599913279625
936 1.3010299956639813
937 1.0
939 1.4771212547196624
940 1.845098040014257
945 1.0
947 1.0
948 1.3010299956639813
951 1.0
953 1.4771212547196624
966 1.0
971 1.0
972 1.0
977 1.3010299956639813
979 1.3010299956639813
986 1.0
994 1.0
995 1.0
1000 1.0
1032 1.6020599913279625
1034 1.3010299956639813
1036 1.9542425094393248
1043 1.3010299956639813
1054 1.0
1056 1.0
1078 1.0
1085 1.0
1121 1.6020599913279625
1163 1.0
1206 1.0
1208 1.0
1302 1.0
1324 1.0
