14 1.3010299956639813
32 1.0
54 1.3010299956639813
198 1.3010299956639813
234 1.0
253 1.0
265 1.0
274 1.0
275 1.0
280 1.3010299956639813
337 1.0
350 1.0
375 1.6989700043360187
386 1.3010299956639813
420 1.0
537 1.0
567 1.6020599913279625
577 1.3010299956639813
587 1.6020599913279625
592 1.3010299956639813
613 1.0
629 1.0
653 1.0
711 1.0
713 1.3010299956639813
749 1.0
772 1.6020599913279625
774 1.4771212547196624
775 1.3010299956639813
778 1.0
802 1.0
803 1.0
837 1.6989700043360187
850 1.6989700043360187
851 1.0
870 1.845098040014257
889 1.0
890 1.0
897 1.0
910 1.0
922 1.0
923 1.3010299956639813
945 1.3010299956639813
964 1.0
973 1.0
986 1.0
989 1.9542425094393248
990 1.3010299956639813
993 1.0
995 1.0
997 1.0
1002 1.6020599913279625
1029 1.0
1037 1.3010299956639813
1041 1.0
1065 1.7781512503836436
1079 1.4771212547196624
1110 1.0
1166 1.0
1194 1.3010299956639813
1285 1.0
1313 1.0
