15 1.0
58 1.0
75 1.0
247 1.0
253 1.0
254 1.0
256 1.0
275 1.0
392 1.0
449 1.0
453 1.0
495 1.0
497 1.0
528 1.0
550 1.0
562 1.0
563 1.0
611 1.0
613 1.3010299956639813
644 1.6989700043360187
706 1.3010299956639813
707 1.0
754 1.0
773 1.0
796 1.0
814 1.0
815 1.3010299956639813
837 1.4771212547196624
896 1.7781512503836436
914 1.3010299956639813
920 1.4771212547196624
933 1.4771212547196624
963 1.3010299956639813
977 1.3010299956639813
1036 1.0
1089 1.0
1119 1.0
1202 1.3010299956639813
1277 1.4771212547196624
