4 1.0
6 1.6020599913279625
9 1.0
13 1.0
15 1.0
20 1.3010299956639813
21 1.0
26 1.3010299956639813
33 1.0
41 1.4771212547196624
43 1.3010299956639813
46 1.3010299956639813
54 1.845098040014257
58 1.3010299956639813
61 1.0
67 1.0
73 1.0
79 1.0
82 1.0
89 1.0
95 1.6020599913279625
104 1.0
105 1.0
109 1.0
112 1.0
116 1.0
138 1.0
139 1.3010299956639813
158 1.0
162 1.3010299956639813
165 1.3010299956639813
170 1.0
171 1.3010299956639813
174 1.0
180 1.0
189 1.3010299956639813
190 1.0
203 1.0
209 1.3010299956639813
216 1.6020599913279625
217 1.4771212547196624
225 1.0
244 1.3010299956639813
247 1.9542425094393248
253 1.6020599913279625
254 1.0
255 1.3010299956639813
259 1.3010299956639813
260 1.0
261 1.6020599913279625
269 1.0
271 1.0
273 1.9030899869919435
279 1.3010299956639813
285 1.0
293 1.4771212547196624
302 1.3010299956639813
305 1.4771212547196624
310 2.278753600952829
313 1.4771212547196624
337 1.0
341 1.3010299956639813
344 1.0
370 1.6989700043360187
374 1.0
385 1.0
386 1.6989700043360187
387 1.4771212547196624
389 1.0
390 1.3010299956639813
394 1.0
398 1.6989700043360187
401 1.3010299956639813
402 1.0
403 1.0
412 1.0
418 1.0
420 1.0
422 1.3010299956639813
428 1.0
429 1.4771212547196624
437 1.3010299956639813
448 1.0
450 1.0
454 1.4771212547196624
460 1.3010299956639813
461 1.0
462 1.0
464 1.0
469 1.0
470 1.0
486 1.3010299956639813
489 1.0
491 1.0
496 1.4771212547196624
502 1.0
506 1.3010299956639813
514 1.0
517 1.4771212547196624
522 1.0
526 1.4771212547196624
527 1.3010299956639813
532 1.3010299956639813
537 1.0
539 1.7781512503836436
540 1.3010299956639813
543 1.9542425094393248
544 1.9542425094393248
560 1.3010299956639813
565 1.0
566 1.4771212547196624
568 1.3010299956639813
569 1.3010299956639813
572 1.3010299956639813
573 1.0
574 1.0
575 1.3010299956639813
576 1.3010299956639813
597 1.3010299956639813
598 1.3010299956639813
599 1.0
602 1.7781512503836436
603 1.7781512503836436
608 1.6989700043360187
611 1.3010299956639813
613 1.0
626 1.0
647 1.3010299956639813
651 1.9542425094393248
661 1.0
674 1.0
675 1.0
682 1.0
687 1.4771212547196624
688 1.845098040014257
690 1.0
691 1.3010299956639813
692 1.6020599913279625
695 1.0
696 1.0
699 1.0
706 1.0
715 1.3010299956639813
723 1.0
724 1.0
730 1.3010299956639813
731 1.6020599913279625
733 1.0
740 1.6020599913279625
743 1.0
746 1.0
749 1.4771212547196624
756 1.0
758 1.0
760 1.0
764 1.4771212547196624
770 1.3010299956639813
779 1.0
784 1.0
787 1.0
790 1.4771212547196624
797 1.4771212547196624
807 1.0
814 1.3010299956639813
821 1.3010299956639813
824 1.6989700043360187
825 1.6989700043360187
829 1.3010299956639813
839 1.4771212547196624
840 1.4771212547196624
851 1.0
864 1.7781512503836436
867 1.3010299956639813
870 1.4771212547196624
871 1.3010299956639813
872 1.0
879 1.3010299956639813
889 1.0
890 1.0
895 1.6020599913279625
896 1.0
902 1.0
906 1.4771212547196624
907 1.0
914 1.7781512503836436
918 1.3010299956639813
926 1.3010299956639813
931 1.3010299956639813
933 1.0
936 1.0
948 1.3010299956639813
959 1.0
964 1.0
979 1.0
982 1.6989700043360187
996 1.0
1002 1.4771212547196624
1005 1.4771212547196624
1006 1.0
1011 1.4771212547196624
1012 1.4771212547196624
1015 1.0
1016 1.0
1019 1.6989700043360187
1021 1.0
1029 1.4771212547196624
1034 1.3010299956639813
1037 1.0
1041 1.0
1046 1.7781512503836436
1052 1.0
1055 1.0
1056 1.0
1061 1.0
1074 1.0
1075 1.0
1078 1.0
1080 1.845098040014257
1083 1.4771212547196624
1086 1.0
1092 1.4771212547196624
1103 1.0
1108 1.0
1124 1.0
1137 1.0
1138 1.0
1139 1.3010299956639813
1140 1.3010299956639813
1141 1.3010299956639813
1142 1.3010299956639813
1147 1.3010299956639813
1148 1.3010299956639813
1153 1.0
1169 1.0
1170 1.3010299956639813
1175 1.0
1176 1.0
1179 1.0
1184 1.0
1192 1.0
1193 1.0
1194 1.0
1200 1.3010299956639813
1204 1.0
1232 1.0
1260 1.0
1268 1.4771212547196624
1295 1.0
1297 1.3010299956639813
1302 1.3010299956639813
1303 1.0
1304 1.3010299956639813
1313 1.0
1314 1.0
