41 1.0
58 1.0
102 1.0
178 1.0
208 1.0
211 1.0
256 1.0
261 1.3010299956639813
268 1.3010299956639813
302 1.0
310 1.3010299956639813
313 1.3010299956639813
346 1.3010299956639813
361 1.0
376 1.0
379 1.0
398 1.4771212547196624
424 1.0
432 1.0
437 1.0
460 1.0
496 1.0
498 1.6020599913279625
527 1.0
533 1.0
538 1.0
539 1.4771212547196624
542 1.0
543 1.3010299956639813
544 1.3010299956639813
550 1.4771212547196624
567 1.4771212547196624
592 1.0
608 1.0
619 1.0
645 1.3010299956639813
677 1.0
687 1.0
688 1.0
692 1.3010299956639813
694 1.0
726 1.0
731 1.0
764 1.0
769 1.0
774 1.0
790 1.0
809 1.0
821 1.0
857 1.0
866 1.0
893 1.0
895 1.3010299956639813
897 1.0
939 1.4771212547196624
1002 1.0
1005 1.0
1085 1.0
1092 1.0
1094 1.0
1121 1.0
1170 1.0
1177 1.0
1212 1.0
1231 1.0
1238 1.0
1246 1.3010299956639813
1294 1.3010299956639813
