110 1.0
118 1.0
137 1.0
142 1.3010299956639813
162 1.0
211 1.0
222 1.0
293 1.0
333 1.0
355 1.3010299956639813
361 1.0
370 1.3010299956639813
449 1.3010299956639813
484 1.4771212547196624
486 1.0
493 1.0
506 1.0
553 1.0
560 1.0
622 1.4771212547196624
642 1.0
662 1.4771212547196624
687 1.0
720 1.0
845 1.0
855 1.3010299956639813
859 1.0
897 1.0
914 1.0
925 1.0
977 1.3010299956639813
982 1.3010299956639813
1028 1.0
1063 1.0
1183 1.0
1211 1.0
1252 1.3010299956639813
1257 1.0
1271 1.0
1272 1.0
1308 1.0
