2 1.6989700043360187
5 1.3010299956639813
54 1.0
59 1.0
60 1.0
69 1.0
94 1.0
104 1.3010299956639813
107 1.6989700043360187
112 1.3010299956639813
118 1.0
121 1.3010299956639813
153 1.0
167 1.0
170 1.0
184 1.0
185 1.845098040014257
192 1.0
197 1.0
254 1.3010299956639813
263 1.0
277 1.3010299956639813
298 1.0
299 1.4771212547196624
312 1.3010299956639813
323 1.4771212547196624
334 1.6989700043360187
344 1.0
346 1.845098040014257
358 1.0
373 1.0
409 1.0
442 1.0
473 1.0
482 1.0
498 1.0
537 1.3010299956639813
554 1.0
555 1.3010299956639813
560 1.0
571 1.0
589 1.6020599913279625
599 1.0
602 1.3010299956639813
603 1.3010299956639813
622 1.0
657 1.0
669 1.0
679 1.0
687 1.3010299956639813
698 1.0
724 1.0
745 1.0
768 1.0
770 1.0
771 1.0
788 1.6020599913279625
827 1.0
837 1.3010299956639813
858 1.0
868 1.4771212547196624
869 1.4771212547196624
872 1.0
897 1.0
898 1.0
941 1.6020599913279625
1021 1.3010299956639813
1024 1.3010299956639813
1054 1.0
1074 1.0
1075 1.0
1100 1.3010299956639813
1126 1.0
1139 1.0
1140 1.0
1154 1.0
1157 1.0
1176 1.0
1187 1.0
1190 1.0
1217 1.0
1241 1.0
1243 1.3010299956639813
1245 1.0
1286 1.0
1289 1.3010299956639813
1291 1.0
