30 1.0
58 1.3010299956639813
72 1.3010299956639813
74 1.0
83 1.0
90 1.0
104 1.0
107 1.6020599913279625
164 1.4771212547196624
169 1.6020599913279625
176 1.6989700043360187
178 1.4771212547196624
179 1.6020599913279625
185 1.7781512503836436
187 1.4771212547196624
191 1.0
237 1.0
242 2.0413926851582254
257 1.0
270 1.0
276 1.0
296 1.3010299956639813
312 1.0
388 1.6020599913279625
438 1.0
440 1.0
443 1.6020599913279625
487 1.0
518 1.0
543 1.0
544 1.0
559 1.845098040014257
570 1.0
582 1.3010299956639813
583 1.3010299956639813
595 1.0
605 1.0
606 1.0
608 1.0
609 1.3010299956639813
650 1.0
678 1.6020599913279625
684 1.6020599913279625
691 1.0
693 1.0
697 1.0
711 1.3010299956639813
717 2.230448921378274
721 2.079181246047625
731 1.4771212547196624
751 1.0
776 1.0
779 2.3979400086720375
820 1.0
837 1.0
914 1.0
1009 1.4771212547196624
1018 1.3010299956639813
1019 1.6020599913279625
1033 1.3010299956639813
1035 1.7781512503836436
1059 1.6020599913279625
1069 1.6020599913279625
1098 1.3010299956639813
1105 1.0
1106 1.0
1151 1.0
1164 1.6989700043360187
1173 1.6020599913279625
1175 1.4771212547196624
1215 1.4771212547196624
1216 1.6989700043360187
1218 2.1760912590556813
1223 1.0
1234 1.4771212547196624
1239 1.0
1242 1.6020599913279625
1253 1.6020599913279625
1258 2.0413926851582254
1260 1.6020599913279625
1266 1.0
