29 1.0
66 1.0
76 1.0
90 1.0
121 1.3010299956639813
171 1.0
243 1.0
247 1.0
253 1.6020599913279625
273 1.3010299956639813
277 1.845098040014257
302 1.0
307 1.0
310 1.4771212547196624
327 1.0
398 1.0
418 1.0
420 1.0
431 1.3010299956639813
433 1.0
447 1.0
498 1.845098040014257
520 1.3010299956639813
540 1.0
543 1.3010299956639813
544 1.3010299956639813
570 1.3010299956639813
615 1.0
622 1.0
689 1.0
741 1.0
750 1.0
752 1.6020599913279625
779 1.0
807 1.0
839 1.3010299956639813
840 1.3010299956639813
948 1.0
963 1.0
1008 1.0
1029 1.3010299956639813
1031 1.3010299956639813
1042 1.0
1044 1.0
1047 1.3010299956639813
1070 1.0
1079 1.0
1083 1.0
1086 1.3010299956639813
1105 1.0
1106 1.0
1117 1.0
1118 1.0
1221 1.0
