1 1.0
37 1.0
47 1.0
75 1.0
100 1.6989700043360187
101 1.3010299956639813
131 1.0
144 1.0
145 1.6020599913279625
146 1.3010299956639813
157 1.0
161 1.0
170 1.0
189 1.0
241 1.3010299956639813
251 1.3010299956639813
254 1.4771212547196624
287 1.0
288 1.0
318 1.0
319 1.3010299956639813
327 1.0
332 1.0
334 1.0
380 1.4771212547196624
400 1.0
417 1.3010299956639813
421 1.0
422 1.0
429 1.4771212547196624
450 1.0
501 1.0
534 1.3010299956639813
541 1.0
543 1.0
544 1.0
562 1.0
563 1.0
593 1.0
602 1.0
603 1.0
608 1.3010299956639813
611 1.0
614 1.0
621 1.0
694 1.0
721 1.0
781 1.0
796 1.0
839 1.0
840 1.0
851 1.0
879 1.0
927 1.3010299956639813
933 1.0
939 1.0
1005 1.0
1008 1.0
1037 1.3010299956639813
1043 1.0
1056 1.0
1087 1.7781512503836436
1114 1.0
1160 1.0
1183 1.0
1224 1.0
1252 1.0
1268 1.0
