41 1.0
48 1.0
59 1.4771212547196624
60 1.4771212547196624
61 1.0
79 1.3010299956639813
142 1.0
165 1.0
176 1.0
189 1.3010299956639813
200 1.0
201 1.0
277 1.3010299956639813
293 1.0
300 1.0
333 1.3010299956639813
337 1.0
354 1.0
355 1.0
367 1.0
417 1.0
448 1.0
479 1.0
565 1.3010299956639813
615 1.0
616 1.0
636 1.0
681 1.0
694 1.0
771 2.462397997898956
783 1.3010299956639813
787 1.3010299956639813
789 1.0
792 1.7781512503836436
802 1.0
803 1.0
804 1.3010299956639813
806 1.3010299956639813
814 1.0
815 1.0
817 1.3010299956639813
818 1.3010299956639813
834 1.3010299956639813
835 1.3010299956639813
841 1.0
847 1.3010299956639813
848 1.0
854 1.3010299956639813
857 1.4771212547196624
865 1.0
872 1.0
878 1.4771212547196624
897 1.0
903 1.0
930 1.0
940 1.0
954 1.0
965 1.0
968 1.0
978 1.3010299956639813
979 1.0
996 1.0
998 1.0
999 1.3010299956639813
1001 1.3010299956639813
1034 1.0
1092 1.0
1109 1.0
1161 1.3010299956639813
1193 1.0
1195 1.0
1198 1.3010299956639813
1281 1.0
1289 1.6989700043360187
1304 1.4771212547196624
1311 1.4771212547196624
