84 1.3010299956639813
156 1.3010299956639813
158 1.845098040014257
159 1.0
171 2.1760912590556813
172 1.0
173 1.6020599913279625
182 1.0
183 2.0
205 1.4771212547196624
206 1.3010299956639813
209 1.6020599913279625
210 1.6020599913279625
214 1.6020599913279625
215 1.4771212547196624
216 1.0
217 1.4771212547196624
218 1.3010299956639813
219 1.0
220 1.6020599913279625
222 1.6020599913279625
223 1.0
224 1.6989700043360187
225 1.3010299956639813
226 1.3010299956639813
228 1.3010299956639813
231 1.9030899869919435
233 1.0
243 1.9030899869919435
244 1.6020599913279625
255 1.4771212547196624
259 2.146128035678238
313 1.6020599913279625
461 1.3010299956639813
468 1.6020599913279625
484 1.0
506 1.3010299956639813
516 1.0
519 1.0
530 1.0
553 1.4771212547196624
560 1.7781512503836436
564 1.4771212547196624
572 1.6020599913279625
581 1.0
590 1.0
599 1.3010299956639813
600 1.3010299956639813
601 1.3010299956639813
631 1.3010299956639813
649 1.0
679 1.6020599913279625
681 1.3010299956639813
683 1.0
685 1.0
686 1.3010299956639813
710 1.0
714 1.6020599913279625
716 1.6020599913279625
718 1.3010299956639813
719 1.3010299956639813
720 1.9030899869919435
744 1.4771212547196624
768 1.4771212547196624
773 1.4771212547196624
782 1.3010299956639813
785 1.3010299956639813
786 1.3010299956639813
788 1.845098040014257
790 1.7781512503836436
1257 1.0
1269 1.0
1286 1.6020599913279625
1291 1.0
1295 1.3010299956639813
1297 1.3010299956639813
