90 1.0
159 1.6020599913279625
182 1.4771212547196624
210 1.0
215 1.0
217 1.4771212547196624
218 1.0
220 1.0
231 1.0
243 1.0
255 1.0
313 1.3010299956639813
458 2.591064607026499
460 1.845098040014257
461 1.7781512503836436
467 1.845098040014257
468 1.0
483 1.3010299956639813
485 1.6020599913279625
489 1.3010299956639813
493 1.0
502 1.6020599913279625
506 2.079181246047625
516 1.3010299956639813
519 1.3010299956639813
572 1.0
693 2.079181246047625
714 1.0
734 1.9542425094393248
744 1.7781512503836436
752 1.0
773 1.6020599913279625
786 1.3010299956639813
788 1.3010299956639813
790 1.3010299956639813
1257 1.3010299956639813
1259 1.0
1269 1.6989700043360187
1273 1.0
1278 1.0
1288 1.0
1295 1.9030899869919435
1315 1.0
1317 1.0
