3 1.4771212547196624
12 1.0
15 1.0
34 1.6989700043360187
35 1.0
37 1.3010299956639813
40 1.0
45 1.3010299956639813
47 1.3010299956639813
49 1.7781512503836436
50 1.0
56 1.0
61 1.0
69 1.0
70 1.0
77 1.0
80 1.3010299956639813
81 1.0
84 2.0
90 1.0
91 1.4771212547196624
94 1.6020599913279625
99 1.0
100 1.0
107 1.0
110 1.0
115 1.6989700043360187
116 1.3010299956639813
118 1.6989700043360187
120 1.0
123 1.0
124 1.0
127 1.0
136 1.6989700043360187
140 1.0
147 1.6020599913279625
148 1.4771212547196624
158 1.0
171 1.0
182 1.3010299956639813
183 1.3010299956639813
189 1.0
202 1.0
203 1.0
205 1.3010299956639813
209 1.4771212547196624
210 1.4771212547196624
211 1.3010299956639813
213 1.0
214 1.7781512503836436
215 1.0
216 1.0
217 1.845098040014257
219 1.6020599913279625
220 2.0
221 1.4771212547196624
222 1.6989700043360187
223 1.845098040014257
224 1.0
226 1.4771212547196624
228 1.6989700043360187
229 1.7781512503836436
230 1.3010299956639813
233 1.3010299956639813
235 1.3010299956639813
238 1.3010299956639813
241 1.3010299956639813
242 1.3010299956639813
244 1.0
246 1.3010299956639813
248 1.7781512503836436
249 1.6989700043360187
251 1.0
255 1.0
258 1.0
260 1.6989700043360187
267 1.0
271 1.7781512503836436
272 1.9542425094393248
278 1.7781512503836436
291 1.3010299956639813
302 1.0
312 1.0
314 1.0
322 1.0
325 1.3010299956639813
351 1.6020599913279625
370 1.0
390 1.3010299956639813
394 1.0
400 1.0
403 1.3010299956639813
408 1.0
409 1.6989700043360187
412 1.0
413 1.0
414 1.4771212547196624
415 1.0
425 1.6989700043360187
427 2.0413926851582254
436 1.3010299956639813
437 1.0
440 1.6020599913279625
444 1.0
446 1.0
447 1.3010299956639813
451 1.4771212547196624
455 1.0
461 1.3010299956639813
462 1.6989700043360187
463 1.4771212547196624
466 1.7781512503836436
468 1.0
469 1.3010299956639813
478 1.7781512503836436
480 1.0
482 1.7781512503836436
486 1.6989700043360187
487 1.0
490 1.4771212547196624
491 1.0
493 1.6020599913279625
504 1.3010299956639813
506 1.9030899869919435
509 1.3010299956639813
510 1.0
515 1.6020599913279625
516 1.0
524 1.3010299956639813
527 1.9542425094393248
528 1.4771212547196624
531 1.3010299956639813
533 1.3010299956639813
536 1.0
538 2.079181246047625
540 1.0
542 2.079181246047625
546 1.9030899869919435
547 1.4771212547196624
548 1.4771212547196624
549 1.6020599913279625
551 1.4771212547196624
552 1.6020599913279625
553 1.3010299956639813
561 1.0
566 1.0
568 1.0
569 1.0
572 1.0
581 1.3010299956639813
597 1.0
598 1.0
600 1.0
601 1.4771212547196624
608 1.0
611 1.3010299956639813
615 1.0
631 1.3010299956639813
633 1.0
637 1.3010299956639813
638 1.0
657 1.0
664 1.0
676 1.0
679 1.3010299956639813
681 1.3010299956639813
685 1.0
686 1.0
687 1.3010299956639813
689 1.3010299956639813
692 1.3010299956639813
693 1.3010299956639813
699 1.0
700 1.6020599913279625
704 2.079181246047625
710 1.4771212547196624
714 1.6020599913279625
716 1.4771212547196624
718 1.0
720 1.0
722 1.0
723 1.3010299956639813
724 1.0
725 1.0
734 1.6020599913279625
741 1.0
758 1.6020599913279625
764 1.3010299956639813
768 1.0
769 1.6020599913279625
773 1.0
786 1.0
788 1.3010299956639813
814 1.0
815 1.6989700043360187
819 1.9030899869919435
822 1.0
875 1.3010299956639813
884 1.3010299956639813
913 1.6020599913279625
918 1.0
926 1.0
931 1.0
932 1.4771212547196624
938 1.0
943 1.6989700043360187
944 1.6989700043360187
969 1.0
994 1.0
996 1.3010299956639813
1000 1.0
1011 1.0
1012 1.0
1013 1.6020599913279625
1022 1.0
1028 1.845098040014257
1030 1.4771212547196624
1032 1.0
1037 1.3010299956639813
1038 1.3010299956639813
1049 1.4771212547196624
1050 1.3010299956639813
1057 1.0
1058 1.0
1065 1.0
1068 1.0
1070 1.4771212547196624
1072 1.3010299956639813
1073 1.6989700043360187
1084 1.0
1095 1.0
1131 1.0
1132 1.0
1141 1.0
1142 1.0
1149 1.0
1150 1.0
1161 1.7781512503836436
1167 1.0
1176 1.0
1177 1.7781512503836436
1188 1.4771212547196624
1190 1.4771212547196624
1202 1.3010299956639813
1206 1.6020599913279625
1211 1.0
1221 1.3010299956639813
1226 1.0
1231 1.0
1234 1.3010299956639813
1235 1.0
1243 1.4771212547196624
1245 1.4771212547196624
1249 1.0
1254 1.3010299956639813
1256 1.0
1257 1.0
1259 1.3010299956639813
1263 1.3010299956639813
1265 1.0
1267 1.3010299956639813
1268 1.3010299956639813
1270 1.0
1272 1.3010299956639813
1277 1.4771212547196624
1279 1.3010299956639813
1285 1.4771212547196624
1289 1.3010299956639813
1293 1.7781512503836436
1295 1.0
1297 1.3010299956639813
1307 1.0
1308 1.0
1310 1.6020599913279625
1311 1.3010299956639813
1312 1.0
1321 1.0
1322 1.0
