3 1.3010299956639813
34 1.3010299956639813
37 1.3010299956639813
48 1.0
56 1.4771212547196624
59 1.0
60 1.0
79 1.0
84 1.4771212547196624
85 1.3010299956639813
90 1.0
93 1.0
95 1.0
109 1.0
113 1.0
114 1.0
121 1.0
122 1.0
131 1.0
137 1.3010299956639813
144 1.0
146 1.0
166 1.0
180 1.3010299956639813
197 1.3010299956639813
202 1.3010299956639813
209 1.0
225 1.0
236 1.0
247 1.0
249 1.0
251 1.0
253 1.0
261 1.3010299956639813
264 1.0
265 1.0
270 1.0
274 1.3010299956639813
277 1.0
282 1.0
297 1.3010299956639813
300 1.0
303 1.0
305 1.0
307 1.0
310 1.0
314 1.0
330 1.0
335 1.0
350 1.0
351 1.9542425094393248
362 1.0
366 1.3010299956639813
367 1.0
377 1.0
395 1.0
397 1.0
398 1.6989700043360187
417 1.0
420 1.6989700043360187
428 1.0
429 1.0
454 1.0
467 1.0
473 1.3010299956639813
474 1.0
482 1.0
484 1.0
494 1.0
496 1.0
498 1.0
506 1.3010299956639813
526 1.0
529 1.0
531 1.0
536 1.0
537 1.0
541 1.0
545 1.0
551 1.0
557 1.0
558 1.0
566 1.0
568 1.0
569 1.0
575 1.3010299956639813
576 1.0
580 1.4771212547196624
586 1.4771212547196624
591 1.0
597 1.0
598 1.0
601 1.0
608 1.4771212547196624
612 1.0
614 1.4771212547196624
615 1.0
620 1.0
622 1.4771212547196624
624 1.0
626 1.3010299956639813
627 1.0
634 1.3010299956639813
651 1.0
656 1.0
666 1.0
669 1.0
670 1.0
671 1.0
676 1.0
677 1.0
689 1.0
698 1.0
720 1.0
732 1.0
742 1.0
749 1.3010299956639813
751 1.3010299956639813
754 1.3010299956639813
769 1.0
770 1.0
789 1.0
797 1.3010299956639813
815 1.3010299956639813
817 1.0
818 1.0
842 1.3010299956639813
843 1.3010299956639813
845 1.3010299956639813
849 1.3010299956639813
851 1.4771212547196624
870 1.3010299956639813
877 1.0
881 1.0
897 1.3010299956639813
923 1.0
926 1.0
929 1.3010299956639813
931 1.0
932 1.0
939 1.3010299956639813
941 1.0
942 1.0
946 1.0
947 1.0
951 1.3010299956639813
954 1.0
955 1.0
963 1.3010299956639813
972 1.0
986 1.0
987 1.3010299956639813
990 1.0
991 1.3010299956639813
1000 1.0
1001 1.0
1007 1.0
1017 1.0
1021 1.0
1043 1.0
1047 1.4771212547196624
1054 1.0
1065 1.4771212547196624
1066 1.0
1070 1.0
1071 1.0
1073 1.4771212547196624
1078 1.0
1096 1.0
1117 1.6020599913279625
1118 1.6020599913279625
1121 1.0
1126 1.0
1127 1.0
1128 1.0
1129 1.6020599913279625
1130 1.6020599913279625
1147 1.6020599913279625
1148 1.6020599913279625
1155 1.6989700043360187
1156 1.0
1157 1.0
1158 1.0
1159 1.0
1171 1.0
1184 1.0
1202 1.0
1208 1.3010299956639813
1211 1.0
1213 1.0
1222 1.3010299956639813
1227 1.0
1240 1.0
1241 1.0
1243 1.3010299956639813
1247 1.0
1250 1.0
1253 1.0
1259 1.0
1272 1.0
1277 1.0
1293 1.3010299956639813
1294 1.3010299956639813
1309 1.3010299956639813
1313 1.0
1321 1.6020599913279625
