13 1.9030899869919435
74 1.0
83 1.0
100 1.0
168 1.0
190 1.0
265 1.6989700043360187
274 1.0
297 1.3010299956639813
302 1.0
310 1.0
316 1.0
346 1.3010299956639813
354 1.0
364 1.0
420 1.3010299956639813
474 1.0
491 1.0
497 1.0
550 1.7781512503836436
589 1.3010299956639813
624 1.0
627 1.0
657 1.6020599913279625
693 1.0
758 1.3010299956639813
788 1.0
807 1.3010299956639813
817 1.0
818 1.0
837 1.4771212547196624
943 1.0
944 1.0
1002 1.3010299956639813
1026 1.0
1036 1.0
1073 1.0
1074 1.0
1075 1.0
1085 1.0
1087 1.0
1093 1.0
1110 1.0
1191 1.0
1204 1.0
1219 1.0
1299 1.0
