2 1.3010299956639813
9 1.0
12 1.0
13 1.0
14 1.0
21 1.0
36 1.0
42 1.0
45 1.0
46 1.0
47 1.4771212547196624
48 1.0
58 1.0
84 1.3010299956639813
95 1.0
103 1.0
107 1.0
127 1.0
130 1.0
132 1.0
140 1.0
143 1.3010299956639813
184 1.0
185 1.0
203 1.0
206 1.0
207 1.0
219 1.0
222 1.0
230 1.0
254 1.0
260 1.0
261 1.0
264 1.0
265 1.0
278 1.0
279 1.0
288 1.0
290 1.0
297 1.0
301 1.0
306 1.3010299956639813
312 1.0
317 1.0
321 1.0
323 1.0
325 1.0
333 1.4771212547196624
337 1.0
353 1.0
361 1.3010299956639813
374 1.3010299956639813
384 1.0
386 1.0
393 1.3010299956639813
401 1.0
417 1.0
441 1.3010299956639813
446 1.0
450 1.0
463 1.3010299956639813
486 1.0
488 1.0
499 1.0
527 1.0
561 1.0
564 1.0
571 1.0
578 1.0
596 1.0
601 1.0
602 1.0
603 1.0
609 1.0
641 1.0
652 1.0
676 1.0
682 1.0
685 1.0
690 1.0
696 1.4771212547196624
710 1.0
723 1.0
725 1.0
728 1.0
733 1.3010299956639813
743 1.0
763 1.0
771 1.0
777 1.0
787 1.0
790 1.0
804 1.0
815 1.3010299956639813
841 1.0
848 1.0
851 1.0
856 1.0
889 1.0
890 1.0
903 1.0
911 1.0
924 1.4771212547196624
925 1.0
950 1.6989700043360187
985 1.3010299956639813
995 1.0
1005 1.0
1021 1.4771212547196624
1028 1.0
1047 1.3010299956639813
1053 1.3010299956639813
1074 1.0
1075 1.0
1096 1.0
1097 1.0
1104 1.0
1139 1.0
1140 1.0
1165 1.0
1198 1.0
1203 1.0
1245 1.0
1259 1.0
1276 1.0
1293 1.0
