3 1.3010299956639813
37 1.3010299956639813
48 1.0
71 1.0
90 1.3010299956639813
91 1.6020599913279625
102 1.0
165 1.0
218 1.0
219 1.6020599913279625
364 1.0
372 1.4771212547196624
394 1.4771212547196624
409 1.4771212547196624
414 1.0
442 1.4771212547196624
446 1.0
463 1.3010299956639813
480 1.0
498 2.0413926851582254
506 1.0
509 1.0
518 1.0
521 1.0
572 1.0
652 1.0
681 1.3010299956639813
685 1.3010299956639813
686 1.0
694 1.0
722 1.0
789 1.0
798 1.3010299956639813
838 1.0
935 1.0
993 1.0
1027 1.3010299956639813
1190 1.0
1245 1.0
1259 1.0
1270 1.0
1284 1.0
1293 1.0
1311 1.0
1317 1.0
1320 1.0
