29 1.0
61 1.0
64 1.0
69 1.0
89 1.0
94 1.0
104 1.0
128 1.4771212547196624
130 1.0
144 1.0
161 1.4771212547196624
175 1.0
180 1.6020599913279625
226 1.0
234 1.0
244 1.0
251 1.0
253 1.0
256 1.3010299956639813
273 1.0
274 1.4771212547196624
300 1.3010299956639813
326 1.0
329 1.0
407 1.845098040014257
416 1.0
429 1.3010299956639813
431 1.0
461 1.0
472 1.0
487 1.0
522 1.3010299956639813
541 1.0
567 1.0
576 1.0
586 2.0413926851582254
593 1.0
622 1.0
624 1.0
643 1.4771212547196624
677 1.0
679 1.0
681 1.0
685 1.0
687 1.0
692 1.0
694 1.0
695 1.6020599913279625
714 1.0
718 1.0
721 1.0
749 1.0
769 1.0
771 1.0
811 1.0
824 1.0
825 1.0
872 1.0
893 1.3010299956639813
908 1.0
957 1.0
1022 2.0
1047 1.6020599913279625
1073 1.0
1101 1.0
1104 1.0
1110 1.6020599913279625
1117 1.0
1118 1.0
1123 1.0
1143 1.6020599913279625
1144 1.6020599913279625
1155 1.6020599913279625
1185 1.0
1194 1.0
1236 1.0
1238 1.0
1243 1.3010299956639813
1245 1.0
1246 1.3010299956639813
1254 1.0
1289 1.0
1297 1.0
1310 1.0
1313 1.0
