2 1.0
5 1.3010299956639813
11 1.0
13 1.0
14 1.3010299956639813
16 1.0
21 1.4771212547196624
23 1.4771212547196624
27 1.0
34 1.4771212547196624
35 1.0
43 1.4771212547196624
45 1.3010299956639813
47 1.0
49 1.0
58 1.4771212547196624
59 1.3010299956639813
60 1.3010299956639813
64 1.0
70 1.0
77 1.4771212547196624
89 1.0
99 1.0
100 1.0
103 1.0
104 1.0
110 1.0
115 1.0
127 1.3010299956639813
130 1.0
132 1.3010299956639813
135 1.0
148 1.6020599913279625
152 1.3010299956639813
157 1.0
164 1.0
165 1.0
166 1.0
168 1.0
169 1.0
176 1.3010299956639813
177 1.0
179 1.0
180 1.0
186 1.3010299956639813
187 1.845098040014257
193 1.9030899869919435
200 1.4771212547196624
201 1.4771212547196624
202 1.3010299956639813
204 1.0
207 1.0
209 1.0
211 1.0
215 1.0
219 1.0
220 1.4771212547196624
230 1.0
234 1.4771212547196624
237 1.0
239 1.3010299956639813
241 1.3010299956639813
245 1.3010299956639813
251 1.0
254 1.0
257 1.3010299956639813
260 1.0
268 1.0
270 1.0
271 1.0
274 1.0
275 1.0
280 1.4771212547196624
284 1.0
287 1.0
288 1.0
290 1.4771212547196624
291 1.0
301 1.3010299956639813
314 1.0
316 1.3010299956639813
319 1.3010299956639813
322 1.0
323 1.4771212547196624
327 1.0
337 1.0
343 1.0
344 1.0
349 1.0
353 1.0
354 1.0
361 1.4771212547196624
364 1.4771212547196624
368 1.0
370 1.3010299956639813
373 1.3010299956639813
379 1.0
382 1.0
383 1.0
388 1.4771212547196624
393 1.0
396 1.0
399 1.0
401 1.3010299956639813
408 1.3010299956639813
417 1.4771212547196624
420 1.0
422 1.0
423 1.6020599913279625
429 1.0
432 1.0
433 1.0
441 1.0
443 1.0
445 1.0
449 1.0
450 1.0
455 1.0
456 1.0
457 1.0
459 1.3010299956639813
461 1.0
472 1.6020599913279625
473 1.3010299956639813
477 1.0
481 1.0
482 1.0
491 1.4771212547196624
494 1.7781512503836436
498 1.0
499 1.0
503 1.0
506 1.4771212547196624
514 1.6989700043360187
518 1.4771212547196624
525 1.0
535 1.0
540 1.6020599913279625
541 1.0
548 1.0
550 1.0
553 1.0
554 1.6989700043360187
555 1.4771212547196624
556 1.0
566 1.6989700043360187
567 1.0
568 1.4771212547196624
569 1.4771212547196624
577 1.3010299956639813
578 1.0
586 1.4771212547196624
587 1.3010299956639813
588 1.4771212547196624
592 1.3010299956639813
597 1.3010299956639813
598 1.3010299956639813
599 1.0
602 1.3010299956639813
603 1.3010299956639813
609 1.0
615 1.3010299956639813
622 1.0
640 1.0
652 1.0
670 1.0
673 1.0
677 1.3010299956639813
679 1.0
682 1.3010299956639813
687 1.3010299956639813
688 1.0
689 1.0
691 1.7781512503836436
692 1.0
694 1.7781512503836436
695 1.0
699 1.0
700 1.0
703 1.6020599913279625
704 1.3010299956639813
705 1.0
707 1.3010299956639813
711 1.0
712 1.0
713 1.0
715 1.845098040014257
717 1.6020599913279625
720 1.0
721 1.3010299956639813
723 1.3010299956639813
724 1.0
725 1.0
731 1.4771212547196624
733 1.0
740 1.0
741 1.0
742 1.6020599913279625
743 1.0
751 1.9542425094393248
754 1.0
760 1.0
761 1.0
763 1.3010299956639813
764 1.3010299956639813
770 1.4771212547196624
771 1.4771212547196624
779 1.0
795 1.6020599913279625
797 1.0
809 1.0
812 1.0
815 1.3010299956639813
816 1.0
821 1.3010299956639813
836 1.0
843 1.0
845 1.7781512503836436
846 1.0
849 1.6020599913279625
851 1.0
853 1.0
861 1.0
862 1.0
866 1.4771212547196624
867 1.4771212547196624
868 1.0
869 1.0
872 1.0
875 1.3010299956639813
876 1.3010299956639813
893 1.3010299956639813
895 1.0
901 1.6989700043360187
907 1.0
916 1.0
926 1.6989700043360187
927 1.0
938 1.4771212547196624
941 1.0
943 1.0
944 1.0
965 1.0
982 1.0
989 1.0
991 1.0
1001 1.0
1005 1.0
1010 1.0
1011 1.0
1012 1.0
1013 1.6020599913279625
1019 1.3010299956639813
1023 1.0
1026 1.0
1043 1.0
1048 1.0
1049 1.4771212547196624
1051 1.0
1053 1.0
1054 1.4771212547196624
1055 1.6989700043360187
1062 1.0
1068 1.0
1071 1.0
1072 1.0
1080 1.4771212547196624
1086 1.0
1089 1.4771212547196624
1091 1.0
1092 1.0
1093 1.0
1096 1.4771212547196624
1099 1.0
1110 1.3010299956639813
1114 1.0
1119 1.0
1120 1.3010299956639813
1129 1.845098040014257
1130 1.845098040014257
1152 1.3010299956639813
1153 1.0
1159 1.3010299956639813
1161 1.3010299956639813
1162 1.3010299956639813
1165 1.0
1169 1.0
1170 1.0
1171 1.0
1173 1.0
1175 1.0
1181 1.0
1188 1.0
1198 1.4771212547196624
1199 1.3010299956639813
1204 1.4771212547196624
1208 1.0
1217 1.3010299956639813
1221 1.0
1222 1.0
1229 1.0
1234 1.6020599913279625
1249 1.0
1258 1.3010299956639813
1261 1.3010299956639813
1268 1.0
1270 1.0
1272 1.7781512503836436
1276 1.0
1281 1.0
1285 1.3010299956639813
1289 1.6020599913279625
1290 1.0
1297 1.0
1298 1.0
1299 1.0
1301 1.3010299956639813
1302 1.6020599913279625
1309 1.0
1311 1.0
1312 1.0
1313 1.3010299956639813
1324 1.0
