6 1.0
20 1.0
84 1.0
108 1.0
115 1.0
116 1.3010299956639813
149 1.0
244 1.0
247 1.0
251 1.0
261 1.0
265 1.0
272 1.0
274 1.3010299956639813
287 1.0
319 1.0
337 1.3010299956639813
364 1.845098040014257
398 1.0
407 1.0
454 1.0
460 1.0
500 1.0
525 1.3010299956639813
531 1.0
539 1.0
543 1.0
544 1.0
567 1.0
568 1.0
569 1.0
570 1.0
610 1.0
611 1.0
688 1.0
703 1.0
707 1.0
725 1.0
736 1.0
741 1.0
756 1.0
761 1.0
815 1.0
821 1.0
824 1.0
825 1.0
826 1.0
837 1.3010299956639813
851 1.3010299956639813
870 1.0
893 1.0
903 1.0
929 1.0
950 1.0
1019 1.0
1020 1.3010299956639813
1047 1.3010299956639813
1048 1.0
1055 1.0
1064 1.0
1117 1.3010299956639813
1118 1.3010299956639813
1182 1.0
1202 1.0
1261 1.3010299956639813
1276 1.0
1300 1.6989700043360187
