15 1.4771212547196624
39 1.3010299956639813
61 1.0
73 1.3010299956639813
93 1.0
94 1.0
174 1.0
210 1.0
221 1.0
228 1.3010299956639813
234 1.0
261 1.3010299956639813
293 1.0
305 1.3010299956639813
306 1.0
314 1.0
329 1.0
340 1.7781512503836436
351 1.0
352 1.3010299956639813
375 1.0
376 1.0
384 1.3010299956639813
386 1.4771212547196624
388 1.6020599913279625
402 2.0
405 1.3010299956639813
421 1.4771212547196624
429 1.0
453 1.3010299956639813
461 1.0
477 1.0
478 1.0
491 1.0
506 1.0
520 1.0
539 1.6020599913279625
540 1.9542425094393248
550 1.6020599913279625
553 1.0
565 1.3010299956639813
575 1.0
576 1.4771212547196624
591 1.6020599913279625
602 1.0
603 1.0
608 1.0
613 1.0
621 1.0
624 1.0
637 1.3010299956639813
644 1.0
650 1.0
655 1.0
677 1.3010299956639813
686 1.0
687 1.4771212547196624
694 1.7781512503836436
704 1.3010299956639813
710 1.0
713 1.845098040014257
717 1.0
723 1.0
731 1.0
740 1.4771212547196624
741 1.0
742 1.0
747 1.0
750 1.0
754 1.6020599913279625
764 1.7781512503836436
768 1.0
779 1.4771212547196624
811 1.0
812 1.3010299956639813
851 1.0
893 1.0
904 1.0
915 1.3010299956639813
1019 1.0
1036 1.0
1037 1.0
1038 1.9030899869919435
1039 1.845098040014257
1040 2.0413926851582254
1044 1.0
1065 1.845098040014257
1067 1.0
1085 1.3010299956639813
1087 1.0
1109 1.0
1110 1.0
1145 1.0
1146 1.0
1196 1.0
1201 1.0
1204 1.0
1208 1.0
1213 1.0
1219 1.3010299956639813
1220 1.0
1254 1.0
1295 1.3010299956639813
1310 1.0
