15 1.0
32 1.0
75 1.3010299956639813
152 1.4771212547196624
176 1.0
241 1.0
247 1.6989700043360187
256 1.0
272 1.0
297 1.0
329 1.0
330 1.6989700043360187
376 1.6989700043360187
387 1.3010299956639813
398 1.3010299956639813
431 1.0
450 2.342422680822206
496 1.0
517 1.4771212547196624
531 1.0
537 1.6989700043360187
543 1.6020599913279625
544 1.6020599913279625
555 1.6020599913279625
556 1.6020599913279625
561 1.4771212547196624
568 1.3010299956639813
569 1.3010299956639813
570 1.6020599913279625
584 1.0
585 1.0
595 1.3010299956639813
611 1.0
613 1.3010299956639813
628 1.0
651 1.0
698 1.0
735 1.3010299956639813
750 1.0
766 1.3010299956639813
808 1.0
832 1.3010299956639813
833 1.3010299956639813
839 1.0
840 1.0
870 1.6989700043360187
892 1.3010299956639813
902 1.0
904 1.0
919 1.0
920 1.7781512503836436
936 1.4771212547196624
940 1.4771212547196624
954 1.3010299956639813
959 1.7781512503836436
963 2.3010299956639813
980 1.0
989 2.113943352306837
1055 1.0
1060 1.0
1064 1.0
1083 1.6020599913279625
1086 1.6020599913279625
1164 1.0
1165 1.0
1175 1.4771212547196624
1189 1.0
1230 1.4771212547196624
1232 1.3010299956639813
1233 1.0
1238 1.0
1261 1.3010299956639813
1283 1.3010299956639813
1313 1.3010299956639813
