1 1.0
15 1.0
29 1.0
34 1.0
39 1.0
45 1.0
50 1.9542425094393248
61 1.0
83 1.0
102 1.0
110 1.0
113 1.3010299956639813
114 1.3010299956639813
115 1.4771212547196624
123 1.6020599913279625
124 1.6020599913279625
136 1.6020599913279625
174 1.0
217 1.0
218 1.3010299956639813
220 1.0
221 1.0
222 1.4771212547196624
223 1.0
224 1.0
229 1.0
234 1.0
238 1.0
244 1.0
247 1.6989700043360187
253 1.3010299956639813
256 1.0
265 1.3010299956639813
273 1.0
289 1.0
293 1.0
297 1.9542425094393248
302 1.0
305 1.4771212547196624
309 1.3010299956639813
310 1.3010299956639813
314 1.0
316 1.0
333 1.4771212547196624
351 1.0
352 1.0
361 1.3010299956639813
374 1.6020599913279625
382 1.6020599913279625
388 1.0
393 1.3010299956639813
394 1.0
398 1.3010299956639813
402 1.6020599913279625
403 1.0
409 1.3010299956639813
412 1.0
420 1.3010299956639813
421 1.7781512503836436
429 1.0
434 1.0
444 1.3010299956639813
446 1.0
447 1.3010299956639813
449 1.3010299956639813
451 1.0
452 1.0
460 1.0
468 1.3010299956639813
474 1.0
478 1.3010299956639813
480 1.3010299956639813
496 1.3010299956639813
498 1.4771212547196624
499 1.0
506 1.6020599913279625
510 1.3010299956639813
521 1.3010299956639813
535 1.0
537 1.0
539 1.0
540 1.0
543 2.146128035678238
544 2.146128035678238
550 1.3010299956639813
558 1.0
561 1.0
562 1.3010299956639813
563 1.3010299956639813
572 1.0
577 1.3010299956639813
580 1.0
581 1.0
584 1.3010299956639813
585 1.3010299956639813
587 1.6020599913279625
592 1.7781512503836436
593 1.0
600 1.4771212547196624
601 1.3010299956639813
608 1.9030899869919435
611 1.6989700043360187
613 1.0
631 1.3010299956639813
633 1.0
643 1.0
644 1.7781512503836436
651 1.0
657 1.0
659 1.0
661 1.0
664 1.0
667 1.0
677 1.4771212547196624
679 1.0
681 1.3010299956639813
685 1.6989700043360187
686 1.3010299956639813
687 1.3010299956639813
689 1.6020599913279625
690 1.0
692 1.6020599913279625
693 1.4771212547196624
695 1.4771212547196624
697 1.0
701 1.0
707 1.0
709 1.0
710 1.0
719 1.0
720 1.0
737 1.0
740 1.6020599913279625
741 1.0
743 1.0
747 1.0
748 1.0
749 1.0
756 1.0
758 1.0
761 1.0
764 1.3010299956639813
765 1.3010299956639813
779 1.3010299956639813
782 1.0
786 1.0
789 1.0
794 1.0
796 1.0
811 1.0
812 1.0
814 1.0
837 1.3010299956639813
839 1.0
840 1.0
845 2.0
850 1.0
851 1.6020599913279625
870 1.6020599913279625
889 1.0
890 1.0
893 1.6020599913279625
895 1.3010299956639813
896 1.0
897 1.6989700043360187
901 1.3010299956639813
903 1.0
914 1.0
924 1.0
931 1.0
939 1.3010299956639813
943 1.845098040014257
944 1.845098040014257
963 1.845098040014257
973 1.4771212547196624
983 1.0
987 1.0
989 1.3010299956639813
993 1.0
994 1.0
1007 1.0
1017 1.0
1026 1.0
1036 1.0
1041 1.0
1047 1.0
1050 1.3010299956639813
1053 1.3010299956639813
1056 1.0
1059 1.0
1061 1.0
1062 1.0
1064 1.0
1065 1.4771212547196624
1072 1.3010299956639813
1083 1.3010299956639813
1096 1.0
1102 1.0
1104 1.0
1109 1.0
1111 1.0
1112 1.0
1120 1.0
1126 1.0
1127 1.0
1128 1.0
1145 1.0
1146 1.0
1161 1.0
1170 1.0
1194 1.0
1201 1.0
1202 1.3010299956639813
1203 1.0
1209 1.0
1214 1.0
1237 1.0
1238 1.0
1240 1.0
1243 1.3010299956639813
1245 1.3010299956639813
1254 1.0
1257 1.0
1259 1.0
1261 1.0
1263 1.0
1264 1.0
1267 1.0
1269 1.7781512503836436
1272 1.0
1273 1.0
1274 1.0
1277 1.3010299956639813
1283 1.0
1284 1.0
1286 1.0
1289 1.0
1291 1.0
1298 1.0
1302 1.0
1304 1.0
1311 1.0
1313 1.0
1314 1.9542425094393248
1317 1.0
1318 1.0
1319 1.3010299956639813
