1 1.0
12 1.0
19 1.0
26 1.3010299956639813
28 1.0
29 1.0
31 1.0
33 1.3010299956639813
34 1.0
45 1.0
65 2.079181246047625
66 1.0
73 1.0
84 1.3010299956639813
96 1.0
100 1.0
115 1.0
116 1.845098040014257
118 1.6020599913279625
121 1.6989700043360187
129 1.0
131 1.3010299956639813
135 1.3010299956639813
158 1.3010299956639813
163 1.0
171 1.6020599913279625
172 1.3010299956639813
173 1.3010299956639813
176 1.0
180 1.0
182 1.0
183 1.6989700043360187
189 1.845098040014257
193 1.6020599913279625
207 1.6989700043360187
209 1.7781512503836436
210 1.6020599913279625
211 1.7781512503836436
215 1.0
217 1.6989700043360187
219 1.0
220 1.4771212547196624
222 1.7781512503836436
223 1.0
224 1.3010299956639813
228 1.6020599913279625
231 1.7781512503836436
233 1.0
237 1.0
238 1.4771212547196624
239 1.3010299956639813
242 1.0
243 1.7781512503836436
244 1.0
255 1.6020599913279625
259 1.7781512503836436
263 1.0
273 1.0
277 1.4771212547196624
284 1.0
285 1.0
288 1.3010299956639813
291 1.0
293 1.0
296 1.0
298 1.0
313 1.4771212547196624
327 1.6989700043360187
332 1.0
352 1.3010299956639813
358 1.0
361 1.3010299956639813
368 1.0
382 1.0
383 1.3010299956639813
390 1.6989700043360187
394 1.4771212547196624
396 1.0
398 1.3010299956639813
409 1.0
412 1.6020599913279625
413 1.0
414 1.7781512503836436
425 1.9030899869919435
436 1.3010299956639813
440 1.3010299956639813
446 1.4771212547196624
447 1.0
458 1.0
462 1.0
463 1.9542425094393248
464 1.0
468 1.3010299956639813
470 1.3010299956639813
473 1.4771212547196624
476 1.0
478 1.0
484 1.0
487 1.0
491 1.0
493 1.3010299956639813
497 1.0
506 1.6989700043360187
509 1.6989700043360187
511 1.0
521 1.0
526 1.6989700043360187
532 1.0
553 1.0
559 1.0
560 1.4771212547196624
564 1.0
566 1.0
568 1.0
569 1.0
572 1.4771212547196624
577 1.0
589 1.0
599 1.0
600 1.0
601 1.0
609 1.0
631 1.3010299956639813
637 1.0
638 1.0
645 1.9542425094393248
649 1.0
651 1.0
661 1.0
662 1.0
664 1.0
677 1.4771212547196624
679 1.7781512503836436
681 1.4771212547196624
683 1.0
689 1.0
694 1.0
707 1.0
710 1.0
713 1.0
714 1.6989700043360187
716 1.0
728 1.4771212547196624
733 1.6020599913279625
734 1.4771212547196624
744 1.0
748 1.3010299956639813
751 1.0
760 1.3010299956639813
761 2.113943352306837
764 1.3010299956639813
768 1.6020599913279625
769 1.0
771 1.0
779 1.0
782 1.6020599913279625
785 1.0
786 1.0
788 1.9030899869919435
790 1.6989700043360187
804 1.0
808 1.0
809 1.0
810 1.0
815 1.0
827 1.0
846 1.0
859 1.3010299956639813
860 1.0
887 1.0
893 1.0
897 1.3010299956639813
905 1.6989700043360187
906 1.0
907 1.0
916 1.6020599913279625
968 1.0
1041 1.0
1049 1.6020599913279625
1050 1.0
1054 1.7781512503836436
1055 1.0
1062 1.3010299956639813
1065 1.0
1069 1.6020599913279625
1070 1.0
1077 1.3010299956639813
1078 1.0
1083 1.4771212547196624
1085 1.0
1109 1.3010299956639813
1121 1.4771212547196624
1122 1.0
1123 1.4771212547196624
1149 1.0
1150 1.0
1153 1.3010299956639813
1159 1.0
1160 1.0
1162 1.3010299956639813
1168 1.0
1180 1.0
1184 1.0
1194 1.0
1197 1.0
1210 1.3010299956639813
1225 1.6020599913279625
1226 1.0
1232 1.3010299956639813
1233 1.0
1238 1.3010299956639813
1240 1.0
1250 1.3010299956639813
1252 1.3010299956639813
1254 1.6989700043360187
1262 1.0
1263 1.4771212547196624
1269 1.0
1278 1.0
1280 1.0
1282 1.0
1284 1.9542425094393248
1298 1.4771212547196624
1302 1.0
1304 1.0
1308 1.4771212547196624
