6 1.0
7 1.0
23 1.3010299956639813
45 1.0
48 1.0
54 1.3010299956639813
85 1.0
94 1.0
100 1.0
111 1.0
123 1.0
124 1.0
131 1.0
139 1.0
142 1.0
147 1.0
148 1.0
202 1.3010299956639813
213 1.0
217 1.0
221 1.0
222 1.6020599913279625
229 1.4771212547196624
232 1.0
235 1.3010299956639813
260 1.0
268 1.0
272 1.0
274 1.0
304 1.0
309 1.0
355 1.0
364 1.0
388 1.0
396 1.0
400 1.0
401 1.0
409 1.3010299956639813
436 1.0
459 1.3010299956639813
463 1.0
472 1.3010299956639813
483 1.0
486 1.0
488 1.0
491 1.0
492 1.0
493 1.3010299956639813
498 1.0
517 1.0
527 1.0
537 1.0
538 1.3010299956639813
542 1.0
549 1.0
552 1.3010299956639813
572 1.0
575 1.0
588 1.3010299956639813
611 1.0
638 1.0
645 1.3010299956639813
647 1.3010299956639813
651 1.0
681 1.0
682 1.0
686 1.0
690 1.0
706 1.0
708 1.0
716 1.0
748 1.0
764 1.0
769 1.0
815 1.0
849 1.0
850 1.0
851 1.0
866 1.0
868 1.0
869 1.0
889 1.0
890 1.0
963 1.0
1008 1.3010299956639813
1041 1.0
1055 1.0
1064 1.0
1081 1.0
1103 1.0
1117 1.0
1118 1.0
1122 1.0
1127 1.0
1128 1.0
1129 1.0
1130 1.0
1143 1.0
1144 1.0
1147 1.0
1148 1.0
1151 1.0
1158 1.0
1173 1.0
1182 1.0
1211 1.0
1214 1.0
1227 1.0
1235 1.0
1243 1.0
1265 1.0
1266 1.0
1269 1.3010299956639813
1293 1.0
1294 1.0
1315 1.0
1321 1.0
