9 1.0
29 1.0
34 1.0
37 1.3010299956639813
61 1.0
76 1.0
94 1.0
113 1.0
114 1.0
116 1.0
118 1.0
121 1.0
182 1.0
200 1.0
201 1.3010299956639813
208 1.0
211 1.0
216 1.0
221 1.0
229 1.3010299956639813
234 1.0
241 1.0
242 1.0
248 1.0
251 1.0
256 1.0
261 1.3010299956639813
274 1.4771212547196624
275 1.0
278 1.0
289 1.3010299956639813
293 1.3010299956639813
310 1.0
343 1.0
387 1.0
390 1.0
392 1.0
396 1.0
398 1.0
399 1.4771212547196624
400 1.0
402 1.0
405 1.0
408 1.0
414 1.0
420 1.0
424 1.3010299956639813
427 1.0
428 1.0
429 1.3010299956639813
430 1.0
431 1.0
441 1.0
459 1.0
478 1.0
482 1.3010299956639813
486 1.0
498 1.3010299956639813
538 1.4771212547196624
540 1.6020599913279625
542 1.0
545 1.0
550 1.0
575 1.0
577 1.0
580 1.0
587 1.0
589 1.0
590 1.3010299956639813
592 1.0
605 1.0
606 1.0
613 1.0
617 1.0
624 1.3010299956639813
626 1.0
631 1.3010299956639813
644 1.3010299956639813
651 1.0
652 1.0
661 1.3010299956639813
678 1.0
682 1.0
687 1.6989700043360187
689 1.0
692 1.3010299956639813
695 1.0
703 1.0
710 1.0
711 1.0
714 1.0
720 1.0
734 1.0
739 1.0
742 1.3010299956639813
745 1.0
748 1.0
750 1.0
755 1.0
756 1.0
757 1.0
758 1.0
759 1.0
779 1.3010299956639813
788 1.0
790 1.3010299956639813
810 1.0
823 1.0
826 1.0
845 1.0
848 1.0
851 1.0
868 1.0
869 1.0
902 1.0
903 1.0
906 1.0
918 1.4771212547196624
929 1.0
975 1.0
1037 1.0
1038 1.0
1039 1.6020599913279625
1040 1.3010299956639813
1042 1.0
1043 1.0
1046 1.0
1048 1.0
1056 1.0
1062 1.0
1065 1.845098040014257
1070 1.0
1072 1.0
1073 1.0
1076 1.0
1082 1.3010299956639813
1088 1.0
1090 1.0
1117 1.0
1118 1.0
1129 1.0
1130 1.0
1156 1.0
1166 1.0
1183 1.0
1194 1.0
1204 1.3010299956639813
1208 1.0
1222 1.0
1245 1.0
1254 1.0
1257 1.0
1261 1.0
1267 1.3010299956639813
1269 1.3010299956639813
1283 1.0
1286 1.0
1307 1.0
1310 1.0
