9 1.0
54 1.0
74 1.0
113 1.0
114 1.0
116 1.0
129 1.0
132 1.0
200 1.0
201 1.0
207 1.3010299956639813
225 1.3010299956639813
230 1.0
241 1.3010299956639813
247 1.3010299956639813
251 1.0
284 1.0
289 1.0
301 1.0
310 1.7781512503836436
319 1.0
356 1.0
376 1.4771212547196624
388 1.0
398 1.0
399 1.0
401 1.3010299956639813
402 1.0
412 1.0
417 1.3010299956639813
418 1.4771212547196624
429 1.0
433 1.6020599913279625
443 1.3010299956639813
444 1.0
495 1.0
522 1.6020599913279625
540 1.0
551 1.0
580 1.0
582 1.0
583 1.0
588 1.0
591 1.0
592 1.0
615 1.0
617 1.0
624 1.3010299956639813
626 1.4771212547196624
633 1.0
651 1.3010299956639813
658 1.0
664 1.0
676 1.0
688 1.0
689 1.0
711 1.3010299956639813
713 1.0
735 1.6989700043360187
738 1.0
748 1.0
749 1.0
759 1.0
765 1.3010299956639813
770 1.0
776 1.0
783 1.6020599913279625
815 1.0
820 1.0
845 1.0
896 1.0
902 1.4771212547196624
914 1.3010299956639813
926 1.0
1018 1.0
1029 1.4771212547196624
1034 1.0
1035 1.3010299956639813
1036 1.4771212547196624
1038 1.0
1039 1.0
1043 1.4771212547196624
1046 1.4771212547196624
1064 1.3010299956639813
1070 1.0
1086 1.0
1087 1.0
1088 1.0
1126 1.3010299956639813
1173 1.3010299956639813
1198 1.3010299956639813
1204 1.0
1213 1.0
1227 1.0
1230 1.0
1235 1.0
1274 1.0
1314 1.0
