0 1.0
3 1.3010299956639813
5 1.0
22 1.0
23 1.0
29 1.0
32 2.0
35 1.4771212547196624
37 1.0
39 1.3010299956639813
45 1.0
53 1.3010299956639813
62 1.7781512503836436
68 1.3010299956639813
69 1.9030899869919435
71 1.0
80 1.0
87 1.0
89 1.0
100 1.0
117 1.3010299956639813
129 1.0
130 1.845098040014257
132 1.0
135 1.0
144 1.0
159 1.0
161 1.0
168 1.3010299956639813
176 2.0413926851582254
179 1.6020599913279625
180 1.4771212547196624
185 1.3010299956639813
190 1.4771212547196624
192 1.0
193 1.9542425094393248
194 1.0
202 1.0
204 1.3010299956639813
208 1.0
247 1.0
251 1.0
255 1.0
256 1.3010299956639813
257 1.0
258 1.0
269 1.0
280 1.4771212547196624
283 1.0
298 1.0
306 1.0
314 1.0
325 1.0
330 1.0
334 1.3010299956639813
339 1.0
361 1.0
377 1.0
388 1.4771212547196624
395 1.845098040014257
396 1.3010299956639813
400 1.0
408 1.9542425094393248
430 1.4771212547196624
434 1.0
443 1.3010299956639813
473 1.7781512503836436
488 1.6020599913279625
495 1.3010299956639813
496 1.3010299956639813
497 1.0
503 1.3010299956639813
518 1.0
525 1.3010299956639813
534 1.3010299956639813
535 1.0
537 1.3010299956639813
540 1.0
568 1.4771212547196624
569 1.4771212547196624
571 1.0
575 1.3010299956639813
578 1.3010299956639813
580 1.6020599913279625
582 1.7781512503836436
583 1.7781512503836436
587 1.0
593 1.0
595 1.0
610 1.3010299956639813
615 1.0
622 1.3010299956639813
626 1.0
630 1.4771212547196624
633 1.0
642 1.4771212547196624
643 1.3010299956639813
645 1.7781512503836436
658 1.6020599913279625
661 1.6989700043360187
677 1.0
678 1.3010299956639813
680 1.0
687 1.0
689 1.0
691 1.3010299956639813
692 1.0
694 1.7781512503836436
695 1.4771212547196624
697 1.4771212547196624
698 1.3010299956639813
699 1.0
704 1.3010299956639813
705 1.0
706 1.0
707 1.0
711 1.4771212547196624
721 1.0
723 1.6020599913279625
724 1.3010299956639813
727 1.9030899869919435
742 2.0
743 1.6020599913279625
748 1.3010299956639813
749 1.0
751 1.0
756 1.9030899869919435
762 1.0
764 1.3010299956639813
776 1.0
791 1.0
796 1.0
813 1.3010299956639813
819 1.3010299956639813
820 1.845098040014257
845 1.6989700043360187
851 1.4771212547196624
854 1.3010299956639813
860 1.0
862 1.3010299956639813
881 1.6989700043360187
883 1.0
893 1.3010299956639813
901 1.0
906 2.361727836017593
914 1.3010299956639813
926 1.0
932 1.0
1004 1.0
1020 1.6989700043360187
1022 1.0
1023 1.0
1027 1.6020599913279625
1037 1.0
1042 1.3010299956639813
1049 1.6989700043360187
1054 1.0
1059 1.0
1062 1.4771212547196624
1071 1.0
1072 1.3010299956639813
1086 1.0
1092 1.0
1096 1.9542425094393248
1111 1.3010299956639813
1112 1.3010299956639813
1119 1.3010299956639813
1122 1.3010299956639813
1123 1.4771212547196624
1129 1.4771212547196624
1130 1.4771212547196624
1149 1.3010299956639813
1150 1.3010299956639813
1156 1.0
1157 1.0
1162 1.0
1165 1.0
1168 1.0
1173 1.845098040014257
1176 1.3010299956639813
1177 1.3010299956639813
1178 1.0
1182 1.845098040014257
1190 1.0
1194 1.0
1196 1.4771212547196624
1197 1.3010299956639813
1199 1.4771212547196624
1207 1.0
1211 1.4771212547196624
1213 1.0
1215 1.0
1216 1.3010299956639813
1217 1.3010299956639813
1218 1.0
1225 1.0
1226 1.0
1228 1.0
1231 1.0
1234 1.845098040014257
1236 1.6020599913279625
1237 1.3010299956639813
1241 1.0
1242 1.0
1243 1.0
1247 1.6989700043360187
1253 1.0
1258 1.6020599913279625
1265 1.3010299956639813
1274 2.079181246047625
1285 1.0
1289 1.0
