32 1.0
38 1.0
48 1.0
182 1.0
183 1.4771212547196624
216 1.0
219 1.3010299956639813
234 1.0
340 1.0
345 1.0
390 1.3010299956639813
399 1.0
403 1.3010299956639813
409 1.0
412 1.0
414 1.0
420 1.0
461 1.0
462 1.0
484 1.0
510 1.3010299956639813
527 1.0
551 1.0
590 1.3010299956639813
601 1.0
631 1.0
634 1.3010299956639813
679 1.0
689 1.0
710 1.0
744 1.0
768 1.0
793 1.4771212547196624
948 1.0
951 1.6020599913279625
972 1.3010299956639813
986 1.0
1000 1.0
1124 1.0
1152 1.4771212547196624
1222 1.0
1254 1.0
1298 1.0
1303 1.0
1317 1.0
