3 1.0
34 1.4771212547196624
99 1.0
115 1.0
123 1.0
124 1.0
182 1.0
197 1.3010299956639813
206 1.4771212547196624
213 1.3010299956639813
216 1.0
219 1.0
221 1.0
222 1.0
229 1.3010299956639813
235 1.0
238 1.0
248 1.0
249 1.0
267 1.0
278 1.4771212547196624
288 1.0
332 1.0
352 1.0
370 1.6020599913279625
390 1.4771212547196624
394 1.0
403 1.4771212547196624
409 1.0
417 1.0
428 1.0
451 1.0
463 1.3010299956639813
486 1.0
487 1.0
506 1.3010299956639813
542 1.0
546 1.0
571 1.3010299956639813
572 1.0
584 1.3010299956639813
585 1.3010299956639813
597 1.0
598 1.0
600 1.0
629 1.0
631 1.3010299956639813
645 1.0
679 1.3010299956639813
683 1.0
710 1.0
714 1.0
716 1.6020599913279625
718 1.3010299956639813
720 1.6020599913279625
722 1.0
768 1.0
785 1.0
788 1.0
790 1.0
839 1.3010299956639813
840 1.3010299956639813
878 1.0
895 1.0
937 1.0
943 1.0
944 1.0
995 1.0
1231 1.0
1243 1.0
1257 1.0
1273 1.0
1277 1.0
1286 1.3010299956639813
1301 1.0
1315 1.0
1324 1.3010299956639813
