5 1.0
7 1.0
9 1.0
10 1.0
12 1.0
13 1.0
15 1.3010299956639813
17 1.0
23 1.0
24 1.3010299956639813
26 1.0
31 1.0
34 1.0
37 1.0
41 1.0
45 1.0
47 1.0
53 1.0
57 1.0
58 1.4771212547196624
63 1.3010299956639813
65 1.3010299956639813
69 1.0
73 1.0
74 1.0
94 1.4771212547196624
102 1.0
107 1.4771212547196624
112 1.7781512503836436
116 1.0
117 1.3010299956639813
118 1.0
119 1.0
127 1.3010299956639813
131 1.0
132 1.0
139 1.0
140 1.0
148 1.4771212547196624
163 1.0
170 1.845098040014257
176 1.0
180 1.3010299956639813
188 1.0
193 1.3010299956639813
195 1.0
197 1.0
200 1.3010299956639813
201 1.3010299956639813
204 1.3010299956639813
207 1.0
213 1.0
218 1.4771212547196624
230 1.0
241 1.3010299956639813
245 1.3010299956639813
254 1.0
260 1.0
265 1.0
267 1.0
270 1.3010299956639813
273 1.0
277 1.0
291 1.0
296 1.0
301 1.0
304 1.3010299956639813
310 1.0
319 1.6020599913279625
322 1.4771212547196624
323 1.0
324 1.0
325 1.3010299956639813
343 1.0
344 1.4771212547196624
355 1.0
362 1.0
363 1.0
364 1.6989700043360187
368 1.0
376 1.0
378 1.0
379 1.3010299956639813
380 1.0
381 1.3010299956639813
384 1.0
385 1.0
388 1.0
391 1.0
392 1.3010299956639813
396 1.0
400 1.0
407 1.0
408 1.3010299956639813
409 1.0
411 1.0
415 1.4771212547196624
418 1.0
419 1.0
420 1.3010299956639813
424 1.0
428 1.3010299956639813
429 1.3010299956639813
432 1.0
434 1.0
440 1.0
442 1.0
448 1.3010299956639813
449 1.3010299956639813
456 1.0
467 1.0
468 1.0
469 1.0
474 1.0
477 1.0
480 1.0
483 1.0
488 1.3010299956639813
493 1.0
494 1.0
496 1.4771212547196624
497 1.0
500 1.0
503 1.3010299956639813
506 1.3010299956639813
510 1.0
517 1.0
518 1.0
524 1.0
534 1.0
543 1.0
544 1.0
554 1.0
555 1.0
562 1.0
563 1.0
567 1.3010299956639813
571 1.3010299956639813
577 1.0
586 1.0
587 1.0
588 1.3010299956639813
589 1.3010299956639813
592 1.3010299956639813
608 1.3010299956639813
609 1.7781512503836436
611 1.3010299956639813
617 1.0
620 1.3010299956639813
622 1.0
633 1.3010299956639813
644 1.0
656 1.4771212547196624
659 1.3010299956639813
669 1.9542425094393248
670 1.4771212547196624
679 1.0
683 1.0
687 1.0
692 1.0
694 1.3010299956639813
705 1.3010299956639813
706 1.0
707 1.0
708 1.3010299956639813
713 1.3010299956639813
715 2.0
717 1.0
721 1.0
726 1.0
727 1.0
730 1.0
733 1.0
735 1.0
741 1.6020599913279625
742 1.0
745 1.3010299956639813
749 1.3010299956639813
750 1.0
751 1.0
756 1.4771212547196624
759 1.845098040014257
761 1.3010299956639813
771 1.0
788 1.0
789 1.0
794 1.0
796 1.0
802 1.9542425094393248
803 1.9542425094393248
809 1.0
811 1.0
813 1.0
821 1.0
824 1.0
825 1.0
838 1.6989700043360187
839 1.0
840 1.0
843 1.0
847 1.0
850 1.3010299956639813
861 1.845098040014257
867 1.0
868 1.0
869 1.0
871 1.0
872 1.0
875 1.0
880 2.0
889 1.3010299956639813
890 1.3010299956639813
893 1.0
895 1.7781512503836436
903 1.3010299956639813
914 1.3010299956639813
915 1.0
926 1.0
932 1.3010299956639813
941 1.0
976 1.0
989 1.0
1000 1.0
1003 1.0
1006 1.0
1017 1.0
1020 1.0
1023 1.0
1028 1.6020599913279625
1033 1.0
1036 1.0
1037 1.4771212547196624
1039 1.0
1044 1.3010299956639813
1045 1.0
1047 1.4771212547196624
1054 1.0
1055 1.0
1056 1.0
1062 1.0
1070 1.0
1071 1.0
1072 1.3010299956639813
1073 1.0
1078 1.0
1091 1.0
1093 1.0
1096 1.4771212547196624
1097 1.0
1100 1.0
1103 1.0
1113 1.6989700043360187
1114 1.4771212547196624
1129 1.6989700043360187
1130 1.6989700043360187
1149 1.0
1150 1.0
1151 1.0
1152 1.0
1161 1.0
1165 1.0
1167 1.0
1171 1.0
1172 1.4771212547196624
1173 1.0
1179 1.0
1182 1.0
1193 1.0
1197 1.0
1210 1.4771212547196624
1223 1.0
1226 1.4771212547196624
1227 1.0
1228 1.4771212547196624
1234 1.4771212547196624
1235 1.0
1237 1.3010299956639813
1241 1.3010299956639813
1246 1.0
1254 1.3010299956639813
1258 1.0
1265 1.845098040014257
1266 1.4771212547196624
1268 1.0
1272 1.4771212547196624
1274 1.0
1276 1.6020599913279625
1277 1.0
1285 1.3010299956639813
1289 1.0
1293 1.0
1294 1.0
1304 1.0
1318 1.3010299956639813
1321 1.0
