4 1.0
12 1.0
14 1.0
34 1.0
48 1.0
74 1.0
77 1.0
90 1.0
91 1.0
92 1.0
100 1.3010299956639813
107 1.0
110 1.0
113 1.0
114 1.0
115 1.0
118 1.0
142 1.0
146 1.0
198 1.3010299956639813
209 1.3010299956639813
211 1.0
217 1.3010299956639813
218 1.0
222 1.0
255 1.0
284 1.3010299956639813
307 1.4771212547196624
322 1.0
330 1.0
362 1.4771212547196624
368 1.0
381 1.0
393 1.0
394 1.0
409 1.0
417 1.0
421 1.0
427 1.0
428 1.0
436 1.0
445 1.0
452 1.0
474 1.0
493 1.0
497 1.0
524 1.0
543 1.0
544 1.0
550 1.3010299956639813
567 1.0
568 1.0
569 1.0
589 1.0
613 1.0
614 1.0
618 1.0
658 1.0
668 1.0
671 1.0
681 1.0
682 1.0
686 1.0
689 1.0
690 1.0
693 1.0
707 1.0
715 1.0
748 1.0
759 1.0
775 1.3010299956639813
797 1.0
824 1.0
825 1.0
837 1.6989700043360187
862 1.0
922 1.0
941 1.0
943 1.0
944 1.0
970 1.0
989 1.0
992 1.3010299956639813
1005 1.0
1065 1.0
1096 1.0
1127 1.0
1128 1.0
1129 1.0
1130 1.0
1151 1.0
1155 1.0
1163 1.0
1182 1.0
1198 1.0
1228 1.0
1235 1.0
1241 1.0
1259 1.3010299956639813
1265 1.3010299956639813
1266 1.0
1272 1.0
1311 1.0
1314 1.0
1318 1.0
1319 1.0
