0 1.3010299956639813
9 1.0
21 1.0
24 1.0
34 1.0
47 1.0
48 1.0
54 1.0
62 1.0
63 1.6989700043360187
70 1.0
74 1.0
79 1.0
81 1.0
84 1.0
86 1.4771212547196624
88 1.0
91 1.0
100 1.6989700043360187
118 1.0
120 1.0
121 1.0
138 1.7781512503836436
142 1.4771212547196624
145 1.0
149 1.3010299956639813
159 1.0
163 1.0
168 1.0
171 1.3010299956639813
188 1.0
189 1.0
192 1.4771212547196624
198 1.3010299956639813
209 1.0
210 1.0
211 1.3010299956639813
214 1.0
223 1.0
232 1.0
245 1.3010299956639813
248 1.0
250 1.0
254 1.0
268 1.3010299956639813
271 1.0
280 1.0
283 1.0
284 1.0
293 1.0
298 1.4771212547196624
300 1.3010299956639813
319 1.3010299956639813
322 1.0
337 1.3010299956639813
341 1.0
344 1.845098040014257
346 1.4771212547196624
359 1.0
364 1.3010299956639813
367 1.0
368 1.0
378 1.0
380 1.0
390 1.0
393 1.0
402 1.0
414 1.0
428 1.0
432 1.3010299956639813
436 1.0
444 1.0
449 1.0
452 1.3010299956639813
454 1.0
455 1.0
457 1.0
467 1.0
468 1.0
469 1.0
474 1.3010299956639813
482 1.3010299956639813
485 1.4771212547196624
497 1.0
498 1.0
506 1.0
510 1.0
515 1.0
530 1.0
537 1.0
540 1.4771212547196624
541 1.0
548 1.3010299956639813
564 1.0
572 1.0
580 1.0
587 1.0
593 1.0
599 1.3010299956639813
625 1.0
626 1.3010299956639813
627 1.3010299956639813
631 1.0
633 1.3010299956639813
643 1.0
650 1.0
659 1.3010299956639813
677 1.0
679 1.0
685 1.0
689 1.3010299956639813
699 1.4771212547196624
708 1.0
719 1.0
723 1.6020599913279625
729 1.0
739 1.3010299956639813
757 1.0
764 1.0
765 1.3010299956639813
832 1.3010299956639813
833 1.3010299956639813
838 1.3010299956639813
839 1.0
840 1.0
845 1.0
851 1.0
855 1.0
870 1.0
894 1.3010299956639813
896 1.0
898 1.0
903 1.0
911 1.4771212547196624
917 1.0
923 1.0
938 1.0
950 1.6020599913279625
974 1.0
979 1.3010299956639813
982 1.0
994 1.0
1021 1.0
1047 1.0
1048 1.3010299956639813
1054 1.0
1060 1.0
1072 1.3010299956639813
1090 1.0
1104 1.0
1109 1.0
1161 1.3010299956639813
1174 1.0
1194 1.0
1214 1.0
1217 1.0
1226 1.0
1235 1.0
1239 1.4771212547196624
1241 1.0
1266 1.0
1268 1.0
1269 1.0
1272 1.0
1277 1.3010299956639813
1280 1.0
1281 1.0
1293 1.4771212547196624
1302 1.0
1320 1.0
1321 1.3010299956639813
1322 1.0
