48 1.0
53 1.9542425094393248
76 1.0
81 1.0
101 1.0
130 1.0
191 1.0
209 1.3010299956639813
222 1.3010299956639813
233 1.0
236 1.0
259 1.0
276 1.0
289 1.0
299 1.0
350 1.0
371 1.0
409 1.3010299956639813
412 1.0
493 1.0
509 1.0
510 1.0
534 1.4771212547196624
551 1.0
572 1.0
601 1.3010299956639813
637 1.0
647 1.0
673 1.0
719 1.0
720 1.3010299956639813
725 1.0
755 1.0
757 1.0
764 1.0
781 1.0
794 1.0
843 1.0
856 1.3010299956639813
932 1.0
938 1.0
1001 1.3010299956639813
1005 1.0
1011 1.6020599913279625
1012 1.6020599913279625
1013 1.0
1015 1.6020599913279625
1016 1.6020599913279625
1034 1.0
1050 1.3010299956639813
1057 1.0
1058 1.0
1113 1.0
1114 1.4771212547196624
1129 1.6989700043360187
1130 1.6989700043360187
1131 1.3010299956639813
1132 1.3010299956639813
1133 1.0
1134 1.0
1232 1.0
1240 1.0
1242 1.0
1244 1.0
1302 1.0
1317 1.3010299956639813
