2 1.0
5 1.0
15 1.0
27 1.0
38 1.0
56 1.3010299956639813
59 1.0
60 1.0
75 1.0
110 1.4771212547196624
116 1.4771212547196624
118 1.0
130 1.0
136 1.0
137 1.0
138 1.0
142 1.0
155 1.0
174 1.0
205 1.3010299956639813
214 1.0
232 1.0
234 1.0
247 1.0
253 1.0
261 1.3010299956639813
265 2.0
272 1.4771212547196624
274 1.3010299956639813
278 1.0
297 1.0
309 1.0
310 1.0
311 1.0
314 1.0
324 1.4771212547196624
325 1.0
329 1.3010299956639813
331 1.0
335 1.0
336 1.0
357 1.6020599913279625
359 1.0
362 1.7781512503836436
364 1.3010299956639813
376 1.0
384 1.0
385 1.0
387 1.0
389 1.0
398 1.6020599913279625
427 1.0
429 1.3010299956639813
449 1.0
453 1.0
474 1.6020599913279625
475 1.0
480 1.0
487 1.0
496 1.4771212547196624
498 1.7781512503836436
506 1.3010299956639813
528 1.0
541 1.3010299956639813
545 1.6020599913279625
546 1.0
555 1.0
558 1.0
565 1.845098040014257
576 1.3010299956639813
580 1.4771212547196624
586 1.4771212547196624
587 1.6020599913279625
605 1.3010299956639813
606 1.3010299956639813
608 1.0
613 1.4771212547196624
615 1.4771212547196624
624 1.0
625 1.0
634 1.3010299956639813
637 1.0
650 1.0
651 1.0
658 1.0
659 1.0
680 1.0
681 1.0
682 1.0
692 1.0
694 1.3010299956639813
699 1.0
702 1.0
703 1.0
716 1.3010299956639813
732 1.4771212547196624
743 1.0
755 1.0
761 1.0
765 1.3010299956639813
772 1.9542425094393248
777 1.0
781 1.0
787 1.0
789 1.0
790 1.0
797 1.6989700043360187
808 1.0
824 1.0
825 1.0
845 1.4771212547196624
849 1.0
850 1.0
851 1.4771212547196624
866 1.0
870 1.3010299956639813
878 1.0
888 1.0
889 1.6020599913279625
890 1.6020599913279625
891 1.0
893 1.0
894 1.3010299956639813
895 1.0
897 1.0
921 1.0
924 1.4771212547196624
925 1.0
928 1.0
939 1.0
940 1.3010299956639813
941 1.0
946 1.0
951 1.4771212547196624
954 1.0
959 1.0
966 1.0
972 1.3010299956639813
979 1.4771212547196624
988 1.0
994 1.3010299956639813
995 1.0
996 1.3010299956639813
998 1.0
1000 1.3010299956639813
1013 1.0
1027 1.0
1036 1.0
1038 1.0
1043 1.0
1046 1.0
1055 1.0
1060 1.0
1064 1.3010299956639813
1065 1.4771212547196624
1073 1.0
1078 1.0
1085 1.3010299956639813
1092 1.0
1104 1.0
1119 1.3010299956639813
1129 1.3010299956639813
1130 1.3010299956639813
1143 1.6989700043360187
1144 1.6989700043360187
1145 1.0
1146 1.0
1166 2.0
1170 1.3010299956639813
1177 1.0
1182 1.0
1183 1.0
1188 1.0
1190 1.0
1196 1.0
1204 1.0
1214 1.0
1222 1.0
1240 1.0
1314 1.0
