2 1.0
6 1.0
29 1.0
54 1.0
58 1.0
83 1.3010299956639813
93 1.4771212547196624
103 1.0
110 1.0
121 1.0
135 1.0
142 1.0
149 1.0
171 1.0
189 1.0
197 1.4771212547196624
204 1.0
208 1.4771212547196624
244 1.0
253 1.0
256 1.6989700043360187
265 1.0
273 1.3010299956639813
275 1.4771212547196624
296 1.0
312 1.0
313 1.0
314 1.3010299956639813
329 1.3010299956639813
340 1.0
364 1.0
370 1.4771212547196624
398 1.3010299956639813
401 1.0
402 1.0
403 1.0
408 1.0
409 1.0
414 1.0
416 1.0
420 1.3010299956639813
421 1.0
434 1.0
447 1.0
458 1.0
463 1.0
468 1.0
482 1.0
485 1.0
488 1.0
492 1.0
496 2.0
497 1.3010299956639813
498 1.0
500 1.0
501 1.0
505 1.0
518 1.3010299956639813
521 1.0
540 1.0
543 1.0
544 1.0
545 1.3010299956639813
550 1.3010299956639813
555 1.6020599913279625
558 1.0
580 1.0
581 1.0
584 1.4771212547196624
585 1.4771212547196624
587 1.0
589 1.0
591 1.0
592 1.0
599 1.0
613 1.0
626 1.0
631 1.0
638 1.0
655 1.0
664 1.0
667 1.0
679 1.0
681 1.3010299956639813
682 1.0
689 1.0
692 1.6020599913279625
693 1.3010299956639813
696 1.4771212547196624
703 1.0
715 1.3010299956639813
720 1.3010299956639813
724 1.3010299956639813
743 1.0
748 1.0
749 1.0
760 1.0
764 1.0
765 1.0
769 1.3010299956639813
770 1.0
789 1.0
807 1.0
809 1.0
815 1.0
817 1.0
818 1.0
837 1.3010299956639813
845 1.0
847 1.0
849 1.0
857 1.0
863 1.0
865 1.0
868 1.0
869 1.0
870 1.4771212547196624
872 1.0
878 1.3010299956639813
887 1.0
893 1.0
903 1.0
906 1.0
912 1.0
916 1.0
922 1.3010299956639813
926 1.3010299956639813
929 1.3010299956639813
931 1.0
933 1.0
938 1.0
940 1.3010299956639813
941 1.0
943 1.4771212547196624
944 1.4771212547196624
946 1.0
951 1.3010299956639813
954 1.0
955 1.0
960 1.3010299956639813
964 1.0
972 1.0
977 1.0
978 1.0
994 1.0
995 1.0
996 1.0
1005 1.0
1010 1.0
1013 1.0
1017 1.0
1032 1.0
1043 1.3010299956639813
1045 1.0
1047 1.7781512503836436
1061 1.0
1065 1.3010299956639813
1073 1.0
1079 1.0
1086 1.3010299956639813
1092 1.3010299956639813
1096 1.0
1104 1.0
1110 1.0
1113 1.0
1155 1.845098040014257
1160 1.0
1184 1.0
1188 1.0
1194 1.0
1196 1.0
1198 1.0
1234 1.0
1239 1.3010299956639813
1274 1.0
1303 1.0
1314 1.0
