13 1.4771212547196624
56 1.3010299956639813
65 1.0
117 1.0
297 1.0
302 1.0
307 1.0
311 1.0
316 1.3010299956639813
343 1.0
379 1.4771212547196624
473 1.0
587 1.0
592 1.0
642 1.0
663 1.0
665 1.0
680 1.0
689 1.0
696 1.0
742 1.0
749 1.0
755 1.0
795 1.3010299956639813
802 1.0
803 1.0
815 1.6020599913279625
845 1.4771212547196624
851 1.0
893 1.0
901 1.0
906 1.4771212547196624
929 1.0
939 1.0
940 1.0
963 1.0
989 1.0
1002 1.0
1042 1.3010299956639813
1065 2.0413926851582254
1079 1.0
1084 1.3010299956639813
1089 1.0
1167 1.3010299956639813
1170 1.0
1189 1.4771212547196624
1190 1.0
1204 1.0
1238 1.6020599913279625
