15 1.3010299956639813
54 1.0
111 1.3010299956639813
142 1.0
200 1.3010299956639813
201 1.4771212547196624
265 1.3010299956639813
272 1.0
302 1.0
310 1.0
335 1.0
352 1.4771212547196624
376 1.0
416 1.0
496 1.0
541 1.7781512503836436
566 1.3010299956639813
567 1.0
584 1.0
585 1.0
587 1.4771212547196624
615 1.3010299956639813
627 1.3010299956639813
690 1.0
699 1.0
703 1.0
748 1.0
761 1.3010299956639813
769 1.3010299956639813
772 1.4771212547196624
830 1.0
878 1.0
888 1.0
894 1.4771212547196624
897 1.3010299956639813
904 1.0
914 1.0
916 1.0
921 1.3010299956639813
924 1.0
929 1.0
930 1.0
946 1.0
959 1.3010299956639813
973 1.3010299956639813
979 1.3010299956639813
982 1.0
994 1.0
1043 1.0
1064 1.0
1119 1.0
1188 1.3010299956639813
1228 1.0
1238 1.0
1313 1.0
