21 1.0
59 1.0
60 1.0
116 1.4771212547196624
139 1.0
226 1.0
253 1.0
256 1.0
261 1.3010299956639813
265 1.0
275 1.3010299956639813
289 1.0
297 1.6020599913279625
306 1.0
310 1.0
322 1.0
329 1.4771212547196624
337 1.6989700043360187
346 1.0
349 1.0
350 1.0
353 1.0
354 1.0
355 1.3010299956639813
361 1.0
364 1.0
367 1.0
400 1.3010299956639813
412 1.0
417 1.3010299956639813
420 1.3010299956639813
449 1.0
450 1.0
477 1.0
482 1.0
494 1.3010299956639813
496 1.3010299956639813
497 1.0
498 1.9542425094393248
499 1.0
505 1.0
541 1.3010299956639813
543 1.0
544 1.0
545 1.3010299956639813
550 1.0
558 1.0
565 1.0
570 1.3010299956639813
577 1.0
580 1.0
584 1.3010299956639813
585 1.3010299956639813
587 1.4771212547196624
589 1.3010299956639813
613 1.4771212547196624
630 1.0
637 1.0
651 1.0
682 1.0
687 1.4771212547196624
689 1.0
690 1.0
694 1.0
702 1.0
738 1.0
769 1.9030899869919435
787 1.0
807 1.0
812 1.0
837 1.3010299956639813
845 1.6020599913279625
848 1.0
851 1.0
878 1.0
889 1.4771212547196624
890 1.4771212547196624
893 1.3010299956639813
897 1.0
903 1.0
904 1.0
918 1.0
922 1.0
924 1.0
929 1.0
935 1.0
939 1.3010299956639813
941 1.0
943 1.0
944 1.0
973 1.3010299956639813
984 1.0
986 1.0
996 1.0
1028 1.0
1032 1.0
1043 1.3010299956639813
1055 1.0
1056 1.0
1070 1.0
1086 1.0
1117 1.0
1118 1.0
1152 1.0
1191 1.0
1232 1.0
1251 1.0
1285 1.0
