12 1.0
65 1.0
139 1.4771212547196624
174 1.0
200 1.0
208 1.0
241 1.0
247 1.3010299956639813
253 1.0
256 1.6020599913279625
261 1.0
265 1.0
280 1.0
297 1.3010299956639813
333 1.4771212547196624
352 1.3010299956639813
356 1.0
386 1.3010299956639813
387 1.0
399 2.204119982655925
401 1.4771212547196624
417 2.255272505103306
431 1.6020599913279625
432 1.6020599913279625
433 2.146128035678238
434 1.0
441 1.0
449 1.4771212547196624
453 2.0413926851582254
483 1.0
520 1.0
522 1.6020599913279625
535 1.0
543 1.0
544 1.0
555 1.0
556 1.0
570 1.4771212547196624
573 1.0
574 1.0
575 1.0
593 1.0
605 1.4771212547196624
606 1.4771212547196624
608 1.3010299956639813
616 1.3010299956639813
642 1.6020599913279625
647 1.0
651 1.4771212547196624
655 1.3010299956639813
743 1.0
748 1.6020599913279625
749 1.3010299956639813
760 1.0
769 1.0
780 1.0
783 1.0
784 1.0
795 1.4771212547196624
797 1.6020599913279625
808 1.0
839 1.3010299956639813
840 1.3010299956639813
843 1.0
851 1.0
855 1.0
870 1.0
889 1.4771212547196624
890 1.4771212547196624
895 1.0
896 1.4771212547196624
897 1.3010299956639813
908 1.3010299956639813
914 1.0
915 1.0
919 1.3010299956639813
920 1.0
926 1.3010299956639813
933 1.4771212547196624
939 1.4771212547196624
940 1.6020599913279625
941 1.0
943 1.0
944 1.0
950 1.0
954 2.146128035678238
963 1.4771212547196624
977 1.0
988 1.845098040014257
1001 1.6020599913279625
1036 1.0
1038 1.9542425094393248
1042 1.0
1043 2.1760912590556813
1044 2.0413926851582254
1045 1.9542425094393248
1064 1.6020599913279625
1068 1.0
1070 1.6989700043360187
1072 1.3010299956639813
1078 2.079181246047625
1079 1.3010299956639813
1103 1.0
1109 1.0
1121 1.4771212547196624
1125 1.3010299956639813
1126 1.4771212547196624
1141 1.0
1142 1.0
1188 1.0
1200 1.0
1201 1.0
1203 1.0
1209 1.0
1213 1.0
1230 1.0
1232 1.0
1248 1.7781512503836436
1314 1.4771212547196624
