14 1.0
79 1.0
91 1.0
138 1.4771212547196624
248 1.0
265 1.0
268 1.0
293 1.0
300 1.0
319 1.0
370 1.0
386 1.0
388 1.0
423 1.0
452 1.4771212547196624
453 1.0
460 1.4771212547196624
470 1.0
498 1.0
517 1.0
523 1.3010299956639813
543 1.3010299956639813
544 1.3010299956639813
549 1.0
573 1.0
574 1.0
608 1.0
613 1.3010299956639813
647 1.0
686 1.3010299956639813
689 1.3010299956639813
692 1.0
694 1.0
701 1.0
704 1.0
719 1.0
720 1.0
721 1.0
723 1.0
739 1.0
771 1.3010299956639813
772 1.0
823 1.0
845 1.0
848 1.0
885 1.0
895 1.4771212547196624
908 1.0
926 1.0
939 1.0
1002 1.0
1019 1.3010299956639813
1026 1.0
1040 1.0
1045 1.0
1076 1.0
1083 1.0
1089 1.0
1090 1.0
1110 1.0
1161 1.0
1213 1.0
1245 1.0
1293 1.0
1296 1.0
1315 1.6020599913279625
