24 1.0
58 1.0
77 1.0
93 1.0
100 1.0
116 1.0
132 1.0
241 1.0
262 1.0
285 1.0
307 1.6020599913279625
330 1.0
333 1.0
354 1.3010299956639813
396 1.0
417 1.6020599913279625
450 1.6989700043360187
455 1.0
505 1.0
517 2.230448921378274
537 1.0
543 1.3010299956639813
544 1.3010299956639813
546 1.0
565 1.3010299956639813
570 1.0
584 1.6020599913279625
585 1.6020599913279625
615 1.4771212547196624
629 1.0
630 1.0
651 1.0
656 1.0
664 1.3010299956639813
669 1.0
671 1.0
690 1.0
703 1.0
705 1.0
717 1.6020599913279625
743 1.0
765 1.0
824 1.0
825 1.0
830 1.0
844 1.0
855 1.0
866 1.0
896 1.0
903 1.0
924 1.0
940 1.3010299956639813
1001 1.0
1032 1.0
1034 1.6989700043360187
1036 1.0
1078 1.0
1084 1.0
1109 1.3010299956639813
1121 1.0
1161 1.3010299956639813
1266 1.0
1276 1.0
1324 1.0
