3 1.0
6 1.3010299956639813
15 1.0
20 1.7781512503836436
24 1.3010299956639813
34 1.3010299956639813
39 1.0
43 1.0
46 1.3010299956639813
59 1.0
60 1.0
62 1.4771212547196624
63 1.0
65 1.0
81 1.3010299956639813
82 1.0
88 1.0
90 1.0
94 1.0
98 1.3010299956639813
100 1.0
103 1.0
117 1.3010299956639813
123 1.3010299956639813
124 1.3010299956639813
127 1.0
133 1.0
142 1.6020599913279625
145 1.3010299956639813
149 2.146128035678238
150 1.4771212547196624
162 1.0
170 1.0
174 1.3010299956639813
186 1.0
189 1.4771212547196624
190 1.0
192 1.4771212547196624
193 1.0
198 1.0
202 1.3010299956639813
209 1.0
210 1.0
223 1.0
225 1.0
226 1.3010299956639813
229 1.0
233 1.0
234 1.3010299956639813
236 1.0
241 1.0
243 1.0
247 1.4771212547196624
248 1.0
254 1.0
255 1.0
257 1.0
265 1.0
268 1.4771212547196624
273 1.0
274 1.3010299956639813
276 1.0
279 1.3010299956639813
293 1.0
297 1.0
327 1.4771212547196624
333 1.3010299956639813
337 1.0
340 1.0
341 1.7781512503836436
346 1.7781512503836436
353 1.7781512503836436
354 1.4771212547196624
361 1.0
378 1.0
386 1.0
391 1.6989700043360187
394 1.0
401 1.4771212547196624
402 1.0
404 1.3010299956639813
406 1.6989700043360187
407 1.0
408 1.0
417 1.845098040014257
425 1.3010299956639813
432 1.0
434 1.0
436 1.0
446 1.0
447 1.0
449 1.0
450 1.4771212547196624
451 1.0
454 1.0
459 1.0
461 1.0
462 1.0
466 1.0
469 1.0
474 1.6020599913279625
480 1.0
481 1.0
487 1.0
493 1.0
506 1.6989700043360187
507 1.3010299956639813
517 1.0
520 1.0
523 1.0
524 1.0
527 1.0
534 1.3010299956639813
537 1.0
542 1.0
543 1.0
544 1.0
546 1.3010299956639813
547 1.0
552 1.0
554 1.0
557 1.0
558 1.0
565 1.0
575 1.6020599913279625
599 1.3010299956639813
608 1.0
611 1.0
613 1.0
615 1.0
620 1.0
624 1.0
630 1.0
633 1.0
640 1.3010299956639813
647 1.0
649 1.0
651 1.3010299956639813
656 1.0
658 1.0
663 1.0
667 1.0
677 1.0
679 1.3010299956639813
681 1.0
685 1.3010299956639813
687 1.0
688 1.0
689 1.3010299956639813
692 1.3010299956639813
695 1.0
696 1.0
702 1.0
705 1.3010299956639813
706 1.0
707 1.0
708 1.0
730 1.0
741 1.0
742 1.0
748 1.3010299956639813
755 1.0
764 1.3010299956639813
768 1.0
769 1.3010299956639813
771 1.4771212547196624
780 1.0
782 1.0
788 1.6020599913279625
790 1.3010299956639813
792 1.0
794 1.3010299956639813
804 1.0
811 1.3010299956639813
823 1.0
824 1.6989700043360187
825 1.6989700043360187
829 1.0
838 1.4771212547196624
845 1.0
849 1.3010299956639813
855 1.0
864 1.0
866 1.0
883 1.0
885 1.0
896 1.0
897 1.0
898 1.0
901 1.0
905 1.0
906 1.0
918 1.0
924 1.0
926 1.0
927 1.0
931 1.3010299956639813
932 1.0
948 1.0
968 1.0
979 1.0
981 1.0
983 1.3010299956639813
989 1.0
999 1.0
1001 1.3010299956639813
1002 1.7781512503836436
1019 1.0
1028 1.0
1033 1.6020599913279625
1044 1.0
1049 1.4771212547196624
1054 1.3010299956639813
1055 1.9030899869919435
1056 1.0
1064 1.0
1068 1.3010299956639813
1073 1.0
1080 1.0
1083 1.0
1085 1.0
1090 1.0
1095 1.6020599913279625
1103 1.0
1104 1.0
1105 1.0
1106 1.0
1114 1.0
1126 1.3010299956639813
1129 1.3010299956639813
1130 1.3010299956639813
1135 1.0
1136 1.0
1147 1.0
1148 1.0
1151 1.0
1161 1.4771212547196624
1182 1.0
1185 1.0
1189 1.0
1193 1.845098040014257
1216 1.0
1217 1.0
1220 1.0
1234 1.0
1252 1.0
1254 1.4771212547196624
1259 1.3010299956639813
1260 1.3010299956639813
1279 1.0
1285 1.3010299956639813
1289 1.0
1293 1.0
1294 1.0
1298 1.0
1301 1.0
1302 1.6020599913279625
1304 1.4771212547196624
1308 1.3010299956639813
1311 1.6020599913279625
1318 1.4771212547196624
1321 1.0
