2 1.0
18 1.0
22 1.0
24 1.4771212547196624
32 1.0
59 1.0
60 1.0
64 1.0
74 1.0
75 1.0
83 1.0
125 1.0
137 1.3010299956639813
152 1.3010299956639813
157 1.0
200 1.3010299956639813
201 1.3010299956639813
224 1.0
232 1.0
247 1.0
256 1.6020599913279625
289 1.0
295 1.0
302 1.0
314 1.0
329 1.3010299956639813
353 1.3010299956639813
430 1.4771212547196624
453 1.0
474 1.4771212547196624
480 1.0
483 1.0
496 1.0
498 1.0
516 1.0
537 1.6020599913279625
543 1.9542425094393248
544 1.9542425094393248
561 1.3010299956639813
565 1.4771212547196624
566 1.0
570 1.3010299956639813
571 1.0
580 1.0
592 1.3010299956639813
611 1.4771212547196624
615 1.6020599913279625
633 1.0
637 1.0
652 1.0
653 1.0
655 1.0
659 1.0
664 1.6020599913279625
676 1.3010299956639813
682 1.3010299956639813
698 1.3010299956639813
764 1.0
771 1.0
787 1.0
794 1.0
838 1.0
848 1.0
861 1.0
895 1.3010299956639813
903 1.4771212547196624
939 1.0
950 1.4771212547196624
968 1.0
982 1.0
1002 1.3010299956639813
1020 1.0
1028 1.3010299956639813
1037 1.0
1041 1.3010299956639813
1060 1.0
1061 1.0
1066 1.0
1078 1.7781512503836436
1081 1.3010299956639813
1083 1.3010299956639813
1086 1.0
1151 1.0
1173 1.0
1174 1.3010299956639813
1183 1.3010299956639813
1222 1.0
1232 1.0
1265 1.0
1266 1.3010299956639813
1300 1.0
1314 1.3010299956639813
1323 1.0
