5 1.3010299956639813
14 1.4771212547196624
22 1.0
23 1.0
43 1.0
56 1.0
84 1.0
86 1.6020599913279625
88 1.0
90 1.0
92 1.0
102 1.0
146 1.0
157 1.4771212547196624
161 1.3010299956639813
166 1.0
177 1.0
179 1.0
207 1.3010299956639813
209 1.0
233 1.0
253 1.0
256 1.0
263 1.0
298 1.3010299956639813
310 1.0
323 2.380211241711606
332 1.0
343 1.0
344 1.0
362 1.9542425094393248
376 1.0
388 1.0
400 1.0
411 1.0
412 1.0
414 1.0
421 1.0
422 1.845098040014257
440 1.3010299956639813
451 1.0
501 1.0
519 1.3010299956639813
523 1.0
524 1.0
543 1.0
544 1.0
562 1.0
563 1.0
577 1.0
584 1.0
585 1.0
596 1.0
613 1.0
618 1.0
619 1.0
630 1.3010299956639813
633 1.0
641 1.0
664 1.0
669 1.4771212547196624
703 1.0
706 1.0
713 1.0
779 1.0
789 1.0
842 1.3010299956639813
850 1.0
861 1.0
871 1.0
886 1.3010299956639813
904 1.0
906 1.0
926 1.4771212547196624
968 1.0
976 1.0
983 1.0
989 1.0
1008 1.0
1037 1.0
1048 1.3010299956639813
1072 1.0
1134 1.0
1151 1.0
1161 1.0
1166 1.3010299956639813
1183 1.0
1191 1.0
1206 1.0
1266 1.0
1285 1.3010299956639813
1299 1.0
1313 1.4771212547196624
1317 1.0
