0 1.0
2 1.0
5 2.079181246047625
7 1.4771212547196624
13 1.3010299956639813
14 1.0
17 1.0
21 1.0
34 1.0
37 1.0
41 1.0
45 1.0
48 1.3010299956639813
49 1.0
51 1.0
52 1.0
56 1.3010299956639813
57 1.4771212547196624
58 1.4771212547196624
64 1.0
68 1.3010299956639813
69 1.0
71 1.0
72 1.3010299956639813
74 1.9542425094393248
75 1.7781512503836436
77 1.845098040014257
84 1.3010299956639813
86 1.0
89 1.0
90 1.0
93 1.0
96 1.3010299956639813
97 1.7781512503836436
99 1.3010299956639813
100 1.0
101 1.6989700043360187
104 1.6020599913279625
107 1.9542425094393248
108 1.3010299956639813
111 1.0
117 1.0
127 1.0
130 1.0
131 1.6989700043360187
132 1.9030899869919435
135 1.6020599913279625
138 1.3010299956639813
139 1.0
144 1.0
150 1.0
152 1.6989700043360187
153 1.0
154 1.0
157 1.9542425094393248
159 1.0
160 1.0
161 1.0
162 1.0
163 1.0
170 1.3010299956639813
171 1.0
173 1.3010299956639813
176 1.6989700043360187
177 1.0
179 1.3010299956639813
180 1.3010299956639813
182 1.0
183 1.4771212547196624
185 1.0
191 1.7781512503836436
193 1.0
194 1.0
195 1.0
205 1.0
207 1.4771212547196624
209 1.4771212547196624
210 1.0
213 1.3010299956639813
215 1.0
217 1.0
223 1.0
224 1.0
229 1.0
230 1.9030899869919435
231 1.6989700043360187
234 1.0
236 1.6020599913279625
237 1.845098040014257
239 1.3010299956639813
242 1.0
243 1.4771212547196624
244 1.0
248 1.0
249 1.0
251 1.0
257 1.0
259 1.7781512503836436
261 1.0
265 1.0
270 1.9030899869919435
271 1.3010299956639813
274 1.0
276 1.3010299956639813
278 1.4771212547196624
279 1.0
283 1.0
287 1.6989700043360187
288 1.0
292 1.3010299956639813
293 1.0
294 1.4771212547196624
296 1.6989700043360187
300 1.0
301 1.0
302 1.6020599913279625
304 1.0
307 1.0
311 1.6989700043360187
313 1.4771212547196624
314 1.0
317 1.4771212547196624
322 1.3010299956639813
323 1.845098040014257
327 1.0
333 1.0
337 1.4771212547196624
342 1.0
343 1.0
344 1.6989700043360187
345 1.0
346 1.0
349 1.4771212547196624
353 1.3010299956639813
358 1.0
359 1.3010299956639813
362 1.845098040014257
363 1.3010299956639813
364 1.0
367 1.4771212547196624
374 1.0
375 1.0
376 1.0
378 1.0
379 1.6989700043360187
380 1.0
381 1.0
384 1.4771212547196624
388 1.6020599913279625
390 1.3010299956639813
394 1.0
400 1.3010299956639813
406 1.0
408 1.4771212547196624
409 1.3010299956639813
415 1.0
422 1.0
423 1.0
428 1.0
429 1.3010299956639813
430 1.4771212547196624
432 1.0
433 1.6020599913279625
438 1.0
440 1.0
443 1.4771212547196624
445 1.3010299956639813
451 1.0
452 1.0
455 1.3010299956639813
459 1.0
463 1.0
471 1.3010299956639813
473 1.4771212547196624
484 1.0
487 1.0
496 1.0
497 1.0
500 1.3010299956639813
504 1.0
506 1.6020599913279625
513 1.0
515 1.0
517 1.0
520 1.3010299956639813
523 1.0
525 1.3010299956639813
527 1.0
529 1.0
531 1.4771212547196624
533 1.0
534 1.3010299956639813
536 1.0
548 1.0
549 1.4771212547196624
551 1.0
552 1.3010299956639813
554 1.0
558 1.0
559 1.4771212547196624
568 1.0
569 1.0
571 1.6989700043360187
572 1.0
579 1.0
580 1.0
582 1.4771212547196624
583 1.4771212547196624
584 1.0
585 1.0
586 1.4771212547196624
588 1.6989700043360187
591 1.0
592 1.0
594 1.0
595 1.0
596 1.3010299956639813
609 2.0
610 1.6989700043360187
614 1.0
615 1.3010299956639813
618 1.4771212547196624
619 1.0
620 1.6020599913279625
622 1.4771212547196624
623 1.0
625 1.0
630 1.6989700043360187
633 1.3010299956639813
635 1.0
636 1.0
637 1.845098040014257
640 1.3010299956639813
642 1.0
658 1.0
666 1.3010299956639813
669 1.6020599913279625
676 1.0
677 1.0
680 1.3010299956639813
682 1.3010299956639813
683 1.0
684 1.0
687 1.4771212547196624
688 1.0
689 1.9030899869919435
690 1.0
692 1.0
693 1.0
694 2.0413926851582254
695 1.0
697 1.3010299956639813
698 1.0
701 1.4771212547196624
703 1.0
705 1.0
706 1.4771212547196624
715 1.4771212547196624
717 1.0
720 1.0
721 1.6989700043360187
723 1.0
727 1.4771212547196624
730 1.0
731 1.3010299956639813
735 1.0
739 1.0
742 1.3010299956639813
743 1.3010299956639813
744 1.0
748 1.3010299956639813
749 1.0
752 1.0
755 1.0
761 1.3010299956639813
770 1.4771212547196624
771 1.6020599913279625
773 1.3010299956639813
780 1.0
783 1.0
784 1.4771212547196624
787 1.6989700043360187
788 1.4771212547196624
790 1.0
794 1.0
796 1.0
802 1.0
803 1.0
806 1.3010299956639813
809 1.4771212547196624
811 1.0
813 1.0
819 1.3010299956639813
820 1.7781512503836436
824 1.6020599913279625
825 1.6020599913279625
829 1.6020599913279625
832 1.0
833 1.0
843 1.0
845 1.3010299956639813
847 1.0
848 1.3010299956639813
850 1.0
851 1.0
853 1.3010299956639813
856 1.0
858 1.0
861 1.0
864 1.9030899869919435
865 1.3010299956639813
867 1.6020599913279625
868 1.0
869 1.0
871 1.0
872 1.3010299956639813
874 1.0
878 1.3010299956639813
879 1.3010299956639813
881 1.0
888 1.0
894 1.3010299956639813
897 1.3010299956639813
901 1.7781512503836436
902 1.0
905 1.0
907 1.0
908 1.0
910 1.0
912 1.0
918 1.4771212547196624
919 1.0
920 1.3010299956639813
924 1.3010299956639813
926 1.7781512503836436
927 1.4771212547196624
928 1.0
929 1.0
930 1.0
932 1.4771212547196624
938 1.0
940 1.0
941 1.3010299956639813
942 1.3010299956639813
943 1.0
944 1.0
946 1.0
947 1.0
950 1.0
951 1.0
955 1.3010299956639813
957 1.0
958 1.0
968 1.0
969 1.3010299956639813
970 1.0
976 1.0
989 1.0
991 1.4771212547196624
994 1.3010299956639813
996 1.6020599913279625
1000 1.0
1002 1.0
1004 1.3010299956639813
1005 1.845098040014257
1006 1.4771212547196624
1008 1.0
1011 1.6020599913279625
1012 1.6020599913279625
1015 1.0
1016 1.0
1019 1.4771212547196624
1020 1.6020599913279625
1021 1.0
1028 1.0
1029 1.0
1037 1.0
1041 1.0
1047 1.0
1048 1.0
1050 1.3010299956639813
1051 1.0
1053 1.0
1054 1.7781512503836436
1061 1.0
1062 1.0
1066 1.0
1070 1.3010299956639813
1072 1.0
1073 1.0
1079 1.0
1080 1.0
1095 1.0
1096 1.6020599913279625
1097 1.0
1099 1.0
1101 1.0
1114 1.6989700043360187
1115 1.3010299956639813
1116 1.3010299956639813
1121 1.0
1122 1.0
1123 1.4771212547196624
1129 1.6989700043360187
1130 1.6989700043360187
1139 2.0
1140 2.0
1141 1.0
1142 1.0
1143 1.0
1144 1.0
1147 1.0
1148 1.0
1149 1.6020599913279625
1150 1.6020599913279625
1151 1.6020599913279625
1154 1.3010299956639813
1156 1.0
1157 1.0
1159 1.3010299956639813
1160 1.3010299956639813
1165 2.1760912590556813
1167 1.0
1172 1.0
1173 1.3010299956639813
1174 1.0
1180 1.0
1181 1.0
1183 1.0
1187 1.3010299956639813
1189 1.3010299956639813
1190 1.0
1191 1.0
1193 1.4771212547196624
1195 1.0
1198 1.6989700043360187
1213 1.0
1227 1.4771212547196624
1228 2.0413926851582254
1229 1.0
1231 1.0
1233 1.0
1235 1.3010299956639813
1237 1.4771212547196624
1238 1.0
1241 1.4771212547196624
1242 1.3010299956639813
1243 1.4771212547196624
1244 1.3010299956639813
1246 1.3010299956639813
1247 1.4771212547196624
1251 1.7781512503836436
1252 1.0
1258 1.4771212547196624
1260 1.4771212547196624
1262 1.0
1265 1.845098040014257
1266 2.0413926851582254
1268 1.3010299956639813
1270 1.0
1275 1.0
1276 1.845098040014257
1277 1.6989700043360187
1281 1.0
1284 1.0
1285 1.0
1289 1.0
1295 1.0
1298 1.3010299956639813
1299 1.0
1302 1.0
1304 1.3010299956639813
1305 1.0
1306 1.4771212547196624
1316 1.0
1320 1.0
1321 1.0
