3 1.4771212547196624
7 1.0
24 1.0
34 1.0
37 1.0
38 1.0
41 1.0
53 1.3010299956639813
56 1.0
59 1.0
60 1.0
62 1.0
63 1.3010299956639813
70 1.0
82 1.0
85 1.0
90 1.0
97 1.3010299956639813
115 1.0
136 1.0
138 1.3010299956639813
165 1.6020599913279625
197 1.3010299956639813
202 1.0
231 1.0
267 1.6020599913279625
281 1.0
283 1.0
288 1.0
290 1.0
291 1.4771212547196624
316 1.6020599913279625
317 1.0
324 1.0
334 1.4771212547196624
342 1.3010299956639813
343 1.0
368 1.0
369 1.3010299956639813
371 1.0
378 1.0
393 1.0
396 1.4771212547196624
397 1.0
401 1.4771212547196624
409 1.0
417 1.0
421 1.0
422 1.0
425 1.3010299956639813
447 1.3010299956639813
452 1.0
455 1.0
463 1.0
491 1.0
518 1.0
528 1.0
539 1.0
540 1.0
552 1.0
571 1.3010299956639813
580 1.0
592 1.3010299956639813
626 1.0
656 1.0
670 1.0
681 1.0
686 1.0
689 1.0
705 1.3010299956639813
744 1.0
794 1.0
863 1.0
871 1.6989700043360187
873 1.3010299956639813
896 1.0
939 1.0
941 1.0
1008 1.0
1024 1.0
1041 1.0
1044 1.0
1054 1.0
1066 1.3010299956639813
1099 1.4771212547196624
1102 1.0
1113 1.0
1129 1.3010299956639813
1130 1.3010299956639813
1141 1.0
1142 1.0
1145 1.0
1146 1.0
1159 1.0
1169 1.3010299956639813
1180 1.0
1181 1.0
1187 1.3010299956639813
1241 1.0
1270 1.0
1317 1.0
