34 1.0
42 1.0
47 1.0
50 1.0
64 1.0
76 1.0
89 1.0
90 1.0
93 1.0
121 1.0
139 1.0
162 1.0
171 1.0
189 1.3010299956639813
206 1.0
213 1.0
217 1.0
220 1.0
222 1.4771212547196624
223 1.0
224 1.0
225 1.0
235 1.0
238 1.0
243 1.0
244 1.0
256 1.0
261 1.3010299956639813
265 1.4771212547196624
273 1.4771212547196624
274 1.3010299956639813
275 1.3010299956639813
297 1.0
310 1.0
311 1.0
316 1.0
346 1.4771212547196624
350 1.0
355 1.0
356 1.0
371 1.0
390 1.0
397 1.0
398 1.0
401 1.0
407 1.0
420 1.0
425 1.0
427 1.3010299956639813
431 1.0
434 1.0
437 1.3010299956639813
440 1.0
449 1.0
450 1.3010299956639813
453 1.0
454 1.0
457 1.0
461 1.4771212547196624
462 1.0
466 1.0
469 1.0
474 1.4771212547196624
477 1.0
478 1.0
485 1.0
489 1.0
496 1.3010299956639813
498 1.4771212547196624
533 1.0
541 1.3010299956639813
543 1.0
544 1.0
546 1.0
548 1.0
550 1.0
558 1.0
560 1.0
565 1.0
567 1.0
580 1.3010299956639813
584 1.0
585 1.0
586 1.6989700043360187
588 1.3010299956639813
593 1.0
599 1.0
608 1.0
628 1.0
645 1.0
647 1.0
659 1.4771212547196624
662 1.0
671 1.0
677 1.3010299956639813
679 1.0
686 1.3010299956639813
688 1.0
691 1.0
692 1.3010299956639813
703 1.0
714 1.0
715 1.0
716 1.0
742 1.0
743 1.3010299956639813
755 1.0
759 1.0
761 1.4771212547196624
768 1.3010299956639813
786 1.0
802 1.0
803 1.0
807 1.4771212547196624
809 1.0
812 1.0
822 1.0
837 1.0
845 1.3010299956639813
850 1.3010299956639813
851 1.0
855 1.3010299956639813
873 1.0
877 1.0
891 1.3010299956639813
897 1.0
902 1.0
918 1.3010299956639813
922 1.0
924 1.0
935 1.3010299956639813
939 1.0
942 1.0
948 1.0
957 1.0
964 1.0
973 1.0
989 1.0
992 1.0
1001 1.0
1034 1.0
1042 1.0
1043 1.3010299956639813
1065 1.0
1073 1.3010299956639813
1080 1.0
1086 1.0
1108 1.0
1109 1.0
1113 1.0
1117 1.0
1118 1.0
1131 1.0
1132 1.0
1137 1.4771212547196624
1138 1.4771212547196624
1145 1.0
1146 1.0
1149 1.0
1150 1.0
1160 1.0
1162 1.0
1163 1.0
1167 1.0
1177 1.0
1182 1.0
1188 1.0
1189 1.0
1190 1.0
1196 1.0
1214 1.0
1222 1.0
1250 1.0
1289 1.0
1301 1.0
1308 1.0
1310 1.0
