34 1.0
75 1.0
79 1.0
84 1.0
99 1.0
123 1.3010299956639813
124 1.3010299956639813
136 1.6020599913279625
156 1.3010299956639813
158 1.0
171 1.0
182 1.3010299956639813
183 1.3010299956639813
196 1.0
210 1.0
211 1.3010299956639813
217 1.0
224 1.3010299956639813
225 1.0
226 1.3010299956639813
231 1.4771212547196624
243 1.3010299956639813
255 1.3010299956639813
259 1.6989700043360187
278 1.0
313 1.0
375 1.3010299956639813
390 1.3010299956639813
447 1.3010299956639813
456 1.0
460 1.0
465 1.7781512503836436
467 1.4771212547196624
468 1.6989700043360187
470 1.4771212547196624
472 1.6020599913279625
475 1.0
479 1.0
480 1.0
483 1.0
484 1.0
485 1.4771212547196624
494 1.6020599913279625
502 1.0
506 1.3010299956639813
516 1.3010299956639813
520 1.0
522 1.0
523 2.0
531 1.4771212547196624
532 1.3010299956639813
533 1.0
560 1.9542425094393248
564 1.0
572 1.3010299956639813
590 1.0
599 1.3010299956639813
600 1.3010299956639813
601 1.0
631 1.0
633 1.7781512503836436
649 1.0
679 1.0
681 1.7781512503836436
682 1.0
683 1.0
685 1.0
694 1.4771212547196624
710 1.0
714 1.0
716 1.0
721 1.0
734 1.3010299956639813
744 1.6020599913279625
782 1.0
786 1.0
788 1.845098040014257
790 1.3010299956639813
796 1.4771212547196624
1037 1.6020599913279625
1249 1.3010299956639813
1250 1.7781512503836436
1252 1.0
1257 1.3010299956639813
1267 1.0
1268 1.6020599913279625
1272 1.4771212547196624
1273 1.4771212547196624
1278 1.4771212547196624
1282 1.9542425094393248
1284 1.0
1285 1.0
1286 1.0
1291 1.9030899869919435
1295 1.4771212547196624
1297 1.4771212547196624
1302 1.3010299956639813
1303 1.4771212547196624
1304 1.0
1308 1.0
1310 1.6020599913279625
1312 1.4771212547196624
1315 1.4771212547196624
