41 1.7781512503836436
45 1.0
63 1.0
69 1.6989700043360187
93 1.845098040014257
101 1.0
104 1.4771212547196624
108 1.0
236 1.3010299956639813
237 1.845098040014257
239 1.3010299956639813
276 1.4771212547196624
429 1.0
430 1.3010299956639813
442 1.3010299956639813
554 1.0
673 1.4771212547196624
676 1.4771212547196624
677 1.6989700043360187
678 1.6989700043360187
680 1.0
682 2.0
698 1.0
770 1.0
932 1.4771212547196624
1011 1.0
1012 1.0
1015 1.3010299956639813
1016 1.3010299956639813
1037 1.0
1057 1.0
1058 1.0
1114 1.3010299956639813
1129 1.0
1130 1.0
1135 1.6020599913279625
1136 1.6020599913279625
1137 1.3010299956639813
1138 1.3010299956639813
1139 1.6020599913279625
1140 1.6989700043360187
1141 1.3010299956639813
1142 1.3010299956639813
1143 1.3010299956639813
1144 1.3010299956639813
1147 1.4771212547196624
1148 1.4771212547196624
1149 1.0
1150 1.0
1176 1.0
