11 1.0
21 1.7781512503836436
54 1.3010299956639813
80 1.3010299956639813
87 1.0
93 1.3010299956639813
96 1.4771212547196624
126 1.0
149 1.9030899869919435
156 1.0
180 1.4771212547196624
189 1.9542425094393248
266 1.0
315 1.0
318 1.3010299956639813
383 1.3010299956639813
423 1.0
503 1.3010299956639813
615 1.4771212547196624
636 1.4771212547196624
690 2.0
697 1.3010299956639813
700 1.3010299956639813
701 1.0
771 1.4771212547196624
792 1.6020599913279625
824 1.0
825 1.0
848 1.4771212547196624
866 1.0
868 1.4771212547196624
869 1.4771212547196624
871 1.0
889 1.4771212547196624
890 1.4771212547196624
911 1.0
1005 1.0
1085 1.0
1096 1.0
1145 1.4771212547196624
1146 1.4771212547196624
