2 1.3010299956639813
5 1.3010299956639813
8 1.3010299956639813
12 1.0
17 1.3010299956639813
18 1.6989700043360187
21 2.204119982655925
32 1.0
33 1.0
35 1.3010299956639813
36 1.0
41 1.3010299956639813
42 1.4771212547196624
45 1.0
53 1.0
64 1.0
65 1.0
69 1.845098040014257
100 1.3010299956639813
103 1.0
106 1.0
110 1.3010299956639813
118 1.0
121 1.3010299956639813
126 1.0
129 1.4771212547196624
130 1.0
138 1.0
139 1.0
143 1.0
148 1.0
149 1.0
155 1.0
162 1.0
167 1.0
170 1.0
179 1.3010299956639813
180 1.0
189 1.0
193 1.3010299956639813
197 1.0
234 1.0
250 1.0
267 1.3010299956639813
274 1.3010299956639813
277 1.0
280 1.6989700043360187
284 1.0
290 1.0
291 1.0
292 1.0
294 1.3010299956639813
306 1.0
319 1.3010299956639813
324 1.0
325 2.146128035678238
326 1.3010299956639813
331 1.0
336 1.0
337 1.3010299956639813
341 1.0
349 1.0
364 1.9542425094393248
373 1.3010299956639813
411 1.0
413 1.0
430 1.0
449 1.0
473 1.0
482 1.0
497 1.0
499 1.3010299956639813
503 1.0
510 1.0
511 1.0
513 1.3010299956639813
529 1.0
534 1.3010299956639813
557 1.0
565 1.7781512503836436
614 1.6989700043360187
615 1.3010299956639813
624 1.0
630 1.0
636 1.4771212547196624
676 1.0
682 1.0
688 1.0
698 1.3010299956639813
703 1.4771212547196624
704 1.0
728 1.3010299956639813
763 1.0
781 1.0
783 1.0
812 1.0
824 1.0
825 1.0
834 1.0
835 1.0
847 1.3010299956639813
849 1.0
856 1.0
862 1.3010299956639813
864 1.0
868 1.3010299956639813
869 1.3010299956639813
870 1.0
875 1.0
889 1.3010299956639813
890 1.3010299956639813
915 1.0
926 1.4771212547196624
935 1.0
939 1.3010299956639813
948 1.0
973 1.0
994 1.0
996 1.0
1002 1.0
1006 1.0
1016 1.0
1022 1.0
1027 1.0
1028 1.3010299956639813
1039 1.3010299956639813
1048 1.3010299956639813
1051 1.3010299956639813
1072 1.0
1078 1.0
1093 1.3010299956639813
1095 1.0
1099 1.3010299956639813
1111 1.0
1112 1.0
1115 1.4771212547196624
1116 1.4771212547196624
1129 1.6020599913279625
1130 1.6020599913279625
1139 1.3010299956639813
1140 1.4771212547196624
1143 1.3010299956639813
1144 1.3010299956639813
1145 1.4771212547196624
1146 1.4771212547196624
1147 1.0
1148 1.0
1150 1.0
1152 1.3010299956639813
1155 1.4771212547196624
1161 1.4771212547196624
1162 1.0
1168 1.0
1174 1.0
1176 1.845098040014257
1177 1.3010299956639813
1178 1.4771212547196624
1180 1.0
1181 1.0
1196 1.0
1197 1.0
1198 1.4771212547196624
1201 1.0
1227 1.0
1229 1.0
1268 1.0
1285 1.0
1302 1.0
1312 1.0
1316 1.0
