3 1.0
158 1.4771212547196624
172 1.4771212547196624
173 1.0
182 1.0
183 1.4771212547196624
209 1.9542425094393248
210 1.4771212547196624
211 2.255272505103306
219 1.0
220 1.845098040014257
222 1.4771212547196624
223 1.3010299956639813
224 2.3010299956639813
225 1.0
231 1.6989700043360187
243 1.0
244 1.0
259 1.3010299956639813
278 1.0
313 1.4771212547196624
390 1.3010299956639813
394 1.0
403 1.4771212547196624
409 1.0
414 1.4771212547196624
425 1.6020599913279625
426 1.3010299956639813
427 1.3010299956639813
428 1.6020599913279625
436 1.3010299956639813
437 1.3010299956639813
440 1.3010299956639813
446 1.4771212547196624
447 1.3010299956639813
448 1.9030899869919435
455 1.0
456 1.0
461 1.0
462 1.7781512503836436
463 2.1760912590556813
464 1.0
469 1.6989700043360187
470 1.3010299956639813
476 1.0
481 1.4771212547196624
486 1.0
490 1.3010299956639813
491 1.6989700043360187
493 1.0
506 2.0413926851582254
509 1.3010299956639813
510 1.6989700043360187
521 1.6020599913279625
524 1.6989700043360187
530 1.3010299956639813
532 1.3010299956639813
533 1.6020599913279625
552 1.0
560 1.6020599913279625
564 1.6020599913279625
590 1.0
637 1.6020599913279625
679 1.4771212547196624
681 1.0
693 1.3010299956639813
707 1.0
714 1.0
716 1.0
719 1.0
720 1.0
734 1.4771212547196624
785 1.0
788 1.4771212547196624
790 1.7781512503836436
1162 1.0
1243 2.0
1245 1.4771212547196624
1252 1.9030899869919435
1254 1.9030899869919435
1256 1.0
1259 1.4771212547196624
1262 1.0
1268 1.0
1272 1.3010299956639813
1280 1.3010299956639813
1284 1.0
1289 1.3010299956639813
1290 1.3010299956639813
1293 1.4771212547196624
1296 1.0
1297 1.4771212547196624
1298 1.7781512503836436
1299 1.6989700043360187
1308 1.3010299956639813
1321 1.4771212547196624
1322 1.0
1323 1.0
1324 1.0
