1 1.0
3 1.0
7 1.0
12 1.0
32 1.0
34 1.0
37 1.4771212547196624
65 1.0
75 1.6020599913279625
83 1.3010299956639813
84 1.0
91 1.6020599913279625
118 1.0
128 1.0
137 1.0
145 1.0
176 1.0
216 1.3010299956639813
219 1.3010299956639813
222 1.0
234 1.0
241 1.3010299956639813
243 1.0
244 1.0
255 1.0
261 1.0
293 1.0
310 1.0
351 1.3010299956639813
354 1.0
390 1.0
393 1.0
402 1.0
409 1.6020599913279625
412 1.0
420 1.0
421 1.0
424 1.0
425 1.0
434 1.3010299956639813
436 1.0
446 1.0
463 1.0
475 1.0
481 1.0
483 1.0
496 1.0
498 1.0
499 1.0
506 1.0
510 1.0
532 1.3010299956639813
533 1.0
558 1.0
566 1.0
567 1.0
580 1.4771212547196624
599 1.0
608 1.0
611 1.3010299956639813
615 1.6020599913279625
645 1.3010299956639813
647 1.0
652 1.0
655 1.0
677 1.0
681 1.0
693 1.0
695 1.0
714 1.0
718 1.3010299956639813
720 1.0
750 1.4771212547196624
769 1.0
796 1.3010299956639813
807 1.0
821 1.3010299956639813
847 1.3010299956639813
849 1.0
851 1.3010299956639813
855 1.0
870 1.0
895 1.0
897 1.0
904 1.3010299956639813
915 1.3010299956639813
934 1.0
943 1.0
944 1.0
962 1.0
1028 1.0
1033 1.0
1047 1.3010299956639813
1050 1.0
1061 1.0
1064 1.0
1087 1.7781512503836436
1105 1.3010299956639813
1106 1.3010299956639813
1109 1.0
1126 1.0
1183 1.0
1201 1.0
1208 1.0
1209 1.0
1224 1.0
1243 1.0
1245 1.0
1259 1.0
1267 1.0
1269 1.0
1270 1.0
1275 1.3010299956639813
1277 1.0
1281 1.0
1285 1.0
1286 1.0
1293 1.3010299956639813
1300 1.3010299956639813
1317 1.0
1318 1.0
1321 1.0
1324 1.3010299956639813
