53 1.3010299956639813
62 1.3010299956639813
74 1.4771212547196624
98 1.0
107 1.4771212547196624
152 1.3010299956639813
157 1.0
163 1.6989700043360187
179 1.3010299956639813
184 1.0
185 1.0
192 1.3010299956639813
197 1.0
207 1.4771212547196624
230 1.0
256 1.3010299956639813
270 1.6020599913279625
277 1.0
283 1.0
288 1.0
323 1.9030899869919435
329 1.0
336 1.0
337 1.4771212547196624
346 1.9542425094393248
353 1.0
354 1.3010299956639813
361 1.3010299956639813
362 1.0
367 1.7781512503836436
368 1.0
410 1.0
424 1.3010299956639813
443 1.4771212547196624
445 1.0
474 2.0
498 1.3010299956639813
517 1.3010299956639813
554 1.0
565 1.0
571 1.0
595 1.0
596 1.4771212547196624
605 1.0
606 1.0
608 1.3010299956639813
609 1.0
610 1.3010299956639813
615 1.6989700043360187
630 1.6020599913279625
634 1.0
635 1.0
669 1.9542425094393248
671 1.0
677 1.3010299956639813
683 1.0
688 1.0
692 1.0
699 1.0
700 1.6989700043360187
705 1.0
715 1.4771212547196624
731 1.0
761 1.0
771 1.4771212547196624
787 1.0
792 1.0
804 1.0
819 1.0
823 1.0
824 1.6020599913279625
825 1.6020599913279625
847 1.4771212547196624
861 1.0
866 1.0
867 1.4771212547196624
868 1.0
869 1.0
871 1.0
917 1.0
918 1.0
923 1.3010299956639813
924 1.0
927 1.0
930 1.6020599913279625
936 1.0
942 2.0413926851582254
968 1.0
974 1.0
982 1.4771212547196624
999 1.0
1001 1.3010299956639813
1009 1.3010299956639813
1022 1.3010299956639813
1028 1.3010299956639813
1052 1.0
1072 1.0
1129 1.4771212547196624
1130 1.4771212547196624
1151 1.0
1160 1.0
1165 1.6020599913279625
1185 1.0
1193 1.0
1195 1.0
1215 1.0
1228 1.0
1233 1.6020599913279625
1234 1.0
1235 1.0
1241 1.0
1265 1.3010299956639813
1266 1.0
1275 1.6020599913279625
1276 1.0
1277 1.3010299956639813
1285 1.3010299956639813
1293 1.4771212547196624
1294 1.0
1311 1.0
1319 1.3010299956639813
