0 1.0
4 1.0
10 1.0
12 1.0
13 1.0
20 1.0
35 1.0
36 1.0
43 1.0
47 1.6020599913279625
59 1.0
60 1.0
64 1.3010299956639813
65 1.0
81 1.0
83 1.0
96 1.0
121 1.0
125 1.0
127 1.3010299956639813
130 1.6020599913279625
132 1.0
138 1.0
144 1.0
150 1.0
153 1.0
173 1.0
176 1.3010299956639813
191 1.0
192 1.0
197 1.0
217 1.0
251 1.0
252 1.0
255 1.0
263 1.0
287 1.0
298 1.4771212547196624
319 1.3010299956639813
330 1.0
332 1.0
333 1.7781512503836436
337 1.6989700043360187
341 1.0
354 1.0
361 1.4771212547196624
367 1.0
371 1.0
374 1.4771212547196624
376 1.0
400 1.3010299956639813
422 1.3010299956639813
428 1.0
479 1.0
496 1.3010299956639813
501 1.0
504 1.0
506 1.0
537 1.0
540 1.0
555 1.0
577 1.0
588 2.113943352306837
592 1.4771212547196624
596 1.0
610 1.0
615 1.3010299956639813
625 1.3010299956639813
630 1.0
636 1.0
642 1.0
656 1.3010299956639813
659 1.0
667 1.0
669 1.3010299956639813
689 1.0
694 1.3010299956639813
700 1.0
703 1.0
724 1.6020599913279625
761 1.3010299956639813
769 1.0
783 1.0
787 1.0
805 1.0
809 1.0
812 1.0
814 1.0
815 1.845098040014257
823 1.0
830 1.3010299956639813
832 1.0
833 1.0
845 1.4771212547196624
848 1.0
850 1.4771212547196624
851 1.3010299956639813
859 1.3010299956639813
861 1.0
867 1.4771212547196624
870 1.0
880 1.0
881 1.0
884 1.0
893 1.3010299956639813
901 1.3010299956639813
903 1.3010299956639813
906 1.0
911 1.0
917 1.3010299956639813
924 1.3010299956639813
929 1.0
931 1.0
941 1.3010299956639813
943 1.3010299956639813
944 1.3010299956639813
949 1.3010299956639813
950 1.6989700043360187
961 1.0
963 1.0
969 1.3010299956639813
974 1.0
976 1.0
981 1.3010299956639813
982 1.0
983 1.0
989 1.3010299956639813
1000 1.3010299956639813
1002 1.0
1021 1.4771212547196624
1028 1.6989700043360187
1048 1.0
1065 1.4771212547196624
1072 1.6989700043360187
1084 1.0
1085 1.0
1090 1.0
1096 1.0
1129 1.4771212547196624
1130 1.4771212547196624
1143 1.3010299956639813
1144 1.3010299956639813
1155 1.0
1165 1.0
1176 1.0
1178 1.9542425094393248
1181 1.0
1182 1.0
1184 1.0
1185 1.9030899869919435
1193 1.6020599913279625
1197 1.4771212547196624
1208 1.0
1211 1.0
1221 2.278753600952829
1227 1.0
1241 1.3010299956639813
1255 1.3010299956639813
1268 1.3010299956639813
1273 1.3010299956639813
1278 1.0
1280 1.0
1281 1.3010299956639813
1285 1.4771212547196624
1294 1.4771212547196624
1305 1.0
1309 1.0
1318 1.0
1319 1.0
