21 1.3010299956639813
50 1.0
90 1.0
171 1.0
209 1.0
220 1.0
222 1.3010299956639813
231 1.0
260 1.0
267 1.0
288 1.0
290 1.0
316 1.0
319 1.7781512503836436
343 1.0
364 1.6020599913279625
368 1.0
378 1.0
379 1.0
388 1.0
395 1.0
398 1.0
403 1.3010299956639813
451 1.0
466 1.0
477 1.3010299956639813
478 1.3010299956639813
482 1.0
493 1.0
494 1.0
497 1.0
506 1.0
510 1.0
523 1.0
538 1.0
558 1.9542425094393248
570 1.0
602 1.0
603 1.0
615 1.0
671 1.0
687 1.0
715 1.3010299956639813
739 1.0
745 1.0
782 1.3010299956639813
799 1.4771212547196624
836 1.0
862 1.0
904 1.0
1008 1.6020599913279625
1013 1.3010299956639813
1021 1.0
1044 1.3010299956639813
1086 1.0
1095 1.0
1099 1.6020599913279625
1113 1.0
1166 1.0
1190 1.6989700043360187
1259 1.0
1263 1.0
1264 1.3010299956639813
1271 1.0
1272 1.0
1285 1.0
1295 1.0
1298 1.0
1307 1.4771212547196624
1308 1.0
