2 1.0
3 1.0
37 1.3010299956639813
47 1.0
48 1.3010299956639813
90 1.3010299956639813
91 1.3010299956639813
118 1.4771212547196624
123 1.6020599913279625
124 1.6020599913279625
165 1.0
176 1.0
202 1.0
211 1.0
216 1.0
219 1.3010299956639813
222 1.9030899869919435
226 1.0
228 1.3010299956639813
229 1.0
232 1.0
233 1.6020599913279625
238 1.3010299956639813
240 1.0
244 1.6020599913279625
248 1.4771212547196624
249 1.0
260 1.3010299956639813
278 1.3010299956639813
393 1.3010299956639813
394 1.6989700043360187
409 1.7781512503836436
412 1.6020599913279625
415 1.0
425 1.0
428 1.0
436 1.0
444 1.0
446 1.4771212547196624
465 1.0
478 1.0
480 1.0
493 1.6989700043360187
509 1.0
510 1.0
521 1.0
538 1.0
542 1.0
545 1.3010299956639813
546 1.0
548 1.0
555 1.0
572 1.4771212547196624
581 1.6989700043360187
599 1.0
601 1.6020599913279625
631 1.3010299956639813
662 1.6020599913279625
679 1.0
681 1.6020599913279625
685 1.6020599913279625
686 1.4771212547196624
687 1.0
693 1.6989700043360187
694 1.0
707 1.3010299956639813
714 1.3010299956639813
720 1.6989700043360187
744 1.0
779 1.3010299956639813
855 1.0
877 1.0
896 1.0
931 1.0
941 1.0
943 1.0
944 1.0
1047 1.0
1065 1.0
1073 1.4771212547196624
1180 1.0
1245 1.845098040014257
1249 1.6989700043360187
1257 1.0
1259 1.7781512503836436
1263 1.0
1267 1.6020599913279625
1269 2.0
1290 1.0
1293 1.6020599913279625
1304 1.4771212547196624
1317 1.7781512503836436
1321 1.3010299956639813
