34 1.3010299956639813
115 1.0
123 1.0
124 1.0
171 1.0
183 1.9030899869919435
214 1.3010299956639813
217 1.7781512503836436
219 1.0
222 1.6020599913279625
228 1.0
238 1.0
243 1.3010299956639813
244 1.0
255 1.4771212547196624
259 1.3010299956639813
427 1.0
455 1.0
464 1.0
476 1.0
493 1.4771212547196624
494 1.0
516 1.0
525 1.3010299956639813
532 1.0
533 1.0
560 1.4771212547196624
629 1.0
707 1.0
710 1.0
739 1.3010299956639813
768 1.3010299956639813
797 1.0
867 1.0
893 1.0
1243 1.0
1249 1.0
1267 1.0
1268 1.3010299956639813
1284 1.3010299956639813
1295 1.0
1298 1.0
