3 1.3010299956639813
6 1.3010299956639813
48 1.0
84 1.3010299956639813
88 1.0
91 1.6989700043360187
148 1.0
171 1.0
182 1.0
205 1.0
206 1.0
243 1.0
259 1.0
260 1.0
277 1.0
278 1.4771212547196624
309 1.0
332 1.3010299956639813
403 1.0
409 1.3010299956639813
421 1.3010299956639813
426 1.0
429 1.0
436 1.0
446 1.0
476 1.0
479 1.0
500 1.0
509 1.0
510 1.0
521 1.0
536 1.0
540 1.0
542 1.0
546 1.3010299956639813
549 1.0
572 1.3010299956639813
581 1.0
597 1.0
598 1.0
613 1.0
644 1.0
677 1.0
683 1.0
685 1.0
693 1.3010299956639813
724 1.0
758 1.0
810 1.3010299956639813
838 1.0
867 1.0
940 1.0
996 1.0
1014 1.0
1032 1.0
1065 1.0
1117 1.0
1118 1.0
1129 1.0
1130 1.0
1133 1.0
1134 1.0
1155 1.0
1183 1.0
1189 1.0
1214 1.0
1243 1.0
1259 1.0
1271 1.0
1281 1.0
1284 1.0
1293 1.0
1300 1.3010299956639813
