1 1.0
29 1.3010299956639813
116 1.0
208 1.4771212547196624
247 1.0
253 1.3010299956639813
273 1.3010299956639813
277 1.4771212547196624
305 1.0
310 1.6020599913279625
362 1.0
376 1.3010299956639813
387 1.3010299956639813
429 1.0
449 1.0
454 1.0
498 1.7781512503836436
540 1.0
541 1.4771212547196624
545 1.0
565 1.3010299956639813
570 1.3010299956639813
622 1.0
624 1.0
625 1.0
664 1.0
677 1.0
715 1.0
765 1.0
780 1.3010299956639813
794 1.0
849 1.0
855 1.3010299956639813
870 1.0
897 1.3010299956639813
904 1.0
924 1.0
928 1.0
929 1.0
963 1.0
989 1.0
1008 1.0
1032 1.3010299956639813
1036 1.0
1038 1.3010299956639813
1043 1.0
1062 1.0
1065 1.0
1078 1.0
1079 1.0
1086 1.3010299956639813
1092 1.3010299956639813
1117 1.0
1118 1.0
1235 1.0
1304 1.0
