65 1.0
74 1.3010299956639813
102 1.0
117 1.0
132 1.3010299956639813
139 1.3010299956639813
140 1.0
145 1.0
157 1.4771212547196624
163 1.6020599913279625
177 1.0
190 1.0
230 1.0
265 1.0
269 1.6020599913279625
283 1.3010299956639813
302 1.6020599913279625
332 1.3010299956639813
334 1.4771212547196624
342 1.0
347 1.0
355 1.6020599913279625
378 1.0
387 1.3010299956639813
402 1.0
410 1.3010299956639813
418 1.0
496 1.3010299956639813
522 1.3010299956639813
529 1.0
537 1.6020599913279625
539 1.0
543 1.6020599913279625
544 1.6020599913279625
571 1.0
573 1.4771212547196624
574 1.4771212547196624
596 1.4771212547196624
602 1.0
603 1.0
618 1.0
620 1.0
622 1.6989700043360187
656 1.6020599913279625
658 1.0
669 1.0
670 1.6020599913279625
671 2.0
712 1.0
743 1.0
749 1.6020599913279625
792 1.0
793 1.3010299956639813
806 1.0
819 1.4771212547196624
839 2.0413926851582254
840 2.0413926851582254
846 1.7781512503836436
850 1.0
851 1.3010299956639813
854 1.0
865 1.6989700043360187
872 2.113943352306837
921 1.9542425094393248
923 1.7781512503836436
929 1.6020599913279625
985 1.0
996 1.3010299956639813
1002 1.0
1045 1.0
1046 1.3010299956639813
1053 1.4771212547196624
1099 1.0
1165 1.3010299956639813
1226 1.3010299956639813
1239 1.3010299956639813
1266 1.0
