3 1.3010299956639813
54 1.845098040014257
414 1.0
452 1.0
468 1.0
509 1.0
619 1.9542425094393248
710 1.0
772 2.204119982655925
780 1.3010299956639813
784 1.0
789 1.6989700043360187
790 1.0
791 1.4771212547196624
797 1.4771212547196624
846 1.6989700043360187
849 1.3010299956639813
887 1.4771212547196624
888 1.6989700043360187
889 1.0
890 1.0
899 1.6020599913279625
921 1.9030899869919435
945 1.3010299956639813
973 1.6020599913279625
993 1.6989700043360187
995 1.6989700043360187
1065 1.0
1085 1.0
1188 1.7781512503836436
1204 1.0
1232 1.0
