12 1.0
135 1.4771212547196624
256 1.0
261 2.3010299956639813
335 1.0
386 1.0
399 1.3010299956639813
431 1.0
433 1.0
441 1.0
453 1.4771212547196624
520 1.4771212547196624
587 1.0
624 1.0
642 1.0
646 1.0
647 1.0
655 1.3010299956639813
689 1.0
692 1.0
748 1.3010299956639813
749 1.0
752 1.845098040014257
795 1.4771212547196624
811 1.4771212547196624
824 1.0
825 1.0
826 1.0
839 1.9030899869919435
840 1.9030899869919435
902 1.3010299956639813
914 1.6020599913279625
924 1.4771212547196624
939 1.4771212547196624
941 1.0
1038 1.0
1042 1.845098040014257
1043 1.4771212547196624
1053 1.0
1064 1.3010299956639813
1066 1.0
1070 1.7781512503836436
1078 1.0
1102 1.4771212547196624
1125 1.0
1204 1.4771212547196624
1209 1.0
1220 1.6989700043360187
