3 1.0
34 1.0
37 1.4771212547196624
48 1.3010299956639813
69 1.0
74 1.0
77 1.0
91 1.3010299956639813
118 1.845098040014257
123 1.0
124 1.0
143 1.0
157 1.0
166 1.0
170 1.0
184 1.0
185 1.0
193 1.0
204 1.0
221 1.0
264 1.0
290 1.3010299956639813
304 1.0
326 1.0
327 1.845098040014257
332 1.0
334 1.0
346 1.0
350 1.0
399 1.3010299956639813
406 1.0
409 1.0
487 1.0
491 1.3010299956639813
501 1.6020599913279625
503 1.3010299956639813
516 1.0
523 1.0
566 1.6020599913279625
572 1.3010299956639813
581 1.0
589 1.0
596 1.0
609 1.0
616 1.3010299956639813
622 1.3010299956639813
629 1.0
650 1.845098040014257
678 1.0
693 1.0
723 1.3010299956639813
732 1.0
754 1.0
788 1.0
819 1.0
824 1.0
825 1.0
859 1.3010299956639813
925 1.6020599913279625
949 1.3010299956639813
952 1.0
982 1.4771212547196624
1015 1.0
1016 1.0
1051 1.4771212547196624
1057 1.0
1058 1.0
1064 1.0
1072 1.0
1149 1.0
1150 1.0
1161 1.6020599913279625
1185 1.0
1186 1.4771212547196624
1190 1.0
1227 1.0
1228 1.3010299956639813
1231 1.0
1234 1.0
1235 1.3010299956639813
1243 1.0
1265 1.0
1269 1.3010299956639813
1289 1.0
1309 1.6020599913279625
1313 1.0
1319 1.0
