15 1.0
61 1.0
75 1.0
83 1.0
103 1.0
110 1.0
174 1.3010299956639813
213 1.0
220 1.0
226 1.0
233 1.0
234 1.3010299956639813
247 1.6020599913279625
261 1.0
272 1.0
273 1.0
274 1.0
275 1.0
277 1.0
278 1.0
293 1.0
297 1.0
302 1.4771212547196624
307 1.3010299956639813
309 1.0
310 1.3010299956639813
314 1.4771212547196624
329 1.6020599913279625
340 1.0
387 1.0
392 1.0
398 1.3010299956639813
420 1.0
421 1.0
427 1.0
429 1.0
431 1.0
447 1.0
449 1.3010299956639813
451 1.0
468 1.0
474 1.0
496 1.0
498 1.3010299956639813
510 1.0
522 1.0
524 1.0
540 1.4771212547196624
541 1.0
543 1.0
544 1.0
545 1.3010299956639813
548 1.0
550 1.0
558 1.6020599913279625
561 1.0
565 1.0
566 1.0
567 1.3010299956639813
570 1.0
573 1.3010299956639813
574 1.3010299956639813
575 1.0
589 1.3010299956639813
592 1.4771212547196624
611 1.0
613 1.0
614 1.0
622 1.0
624 1.0
626 1.0
627 1.0
644 1.0
651 1.0
659 1.7781512503836436
661 1.0
676 1.0
677 1.4771212547196624
687 1.4771212547196624
694 1.4771212547196624
703 1.3010299956639813
711 1.0
721 1.0
731 1.0
736 1.3010299956639813
738 1.0
748 1.0
749 1.0
769 1.3010299956639813
771 1.0
811 1.0
812 1.0
815 1.0
837 1.3010299956639813
839 1.0
840 1.0
845 1.4771212547196624
851 1.0
870 1.3010299956639813
885 1.0
889 1.0
890 1.0
893 1.6020599913279625
903 1.3010299956639813
906 1.0
914 1.3010299956639813
929 1.4771212547196624
1029 1.0
1039 1.3010299956639813
1040 1.0
1042 1.3010299956639813
1049 1.0
1064 1.3010299956639813
1065 1.4771212547196624
1070 1.0
1085 1.0
1086 1.0
1090 1.0
1117 1.0
1118 1.0
1121 1.0
1124 1.0
1126 1.0
1127 1.0
1128 1.0
1137 1.0
1138 1.0
1141 1.0
1142 1.0
1156 1.0
1194 1.0
1204 1.3010299956639813
1211 1.0
1221 1.3010299956639813
1226 1.0
1238 1.0
1257 1.0
1283 1.4771212547196624
1304 1.0
1313 1.3010299956639813
