3 1.6989700043360187
5 1.0
48 1.4771212547196624
64 1.3010299956639813
91 1.4771212547196624
139 1.3010299956639813
182 1.0
209 1.0
211 1.3010299956639813
222 1.6020599913279625
223 1.0
233 1.0
244 1.3010299956639813
332 1.0
380 1.3010299956639813
393 1.0
398 1.0
409 1.0
411 1.4771212547196624
422 1.0
444 1.3010299956639813
462 1.0
478 1.6020599913279625
487 1.3010299956639813
490 1.0
491 1.0
509 1.0
510 1.0
546 1.0
565 1.3010299956639813
572 1.0
580 1.3010299956639813
581 1.3010299956639813
608 1.0
619 1.0
634 1.4771212547196624
644 1.4771212547196624
681 1.0
686 1.3010299956639813
693 1.0
714 1.0
720 1.0
767 1.3010299956639813
898 1.0
1026 1.0
1039 1.0
1064 1.3010299956639813
1109 1.0
1127 1.0
1128 1.0
1129 1.3010299956639813
1130 1.3010299956639813
1158 1.0
1190 1.0
1245 1.7781512503836436
1262 1.0
1274 1.0
1286 1.0
1307 1.0
1317 1.0
1321 1.0
