10 1.3010299956639813
12 1.0
14 1.7781512503836436
28 1.0
31 1.0
32 1.6989700043360187
34 1.0
39 1.0
47 1.0
48 1.0
51 1.0
59 1.7781512503836436
60 1.7781512503836436
61 1.0
64 1.0
65 1.0
69 1.0
70 1.0
71 1.0
72 1.0
75 1.0
78 1.3010299956639813
79 1.0
82 1.0
84 1.0
91 1.0
107 1.0
110 1.0
116 1.0
128 1.0
137 1.3010299956639813
139 1.0
152 1.4771212547196624
165 1.0
173 1.0
176 1.0
177 1.3010299956639813
180 1.0
181 1.0
189 1.0
192 1.0
199 1.0
219 1.0
226 1.0
227 1.0
234 1.9030899869919435
241 1.0
244 1.0
253 1.0
255 1.0
258 1.4771212547196624
265 1.845098040014257
270 1.0
272 1.0
273 1.3010299956639813
274 1.845098040014257
275 1.0
281 1.0
293 1.3010299956639813
300 1.0
301 1.0
305 1.0
309 1.3010299956639813
310 1.6020599913279625
313 1.0
314 1.0
327 1.0
330 1.0
336 1.0
337 1.0
343 1.3010299956639813
345 1.0
346 1.3010299956639813
359 1.0
361 1.0
364 1.0
367 1.4771212547196624
380 1.0
387 1.0
396 1.3010299956639813
411 1.3010299956639813
417 1.3010299956639813
420 1.0
421 1.6020599913279625
429 1.3010299956639813
434 1.0
443 1.0
444 1.0
450 1.0
453 1.0
454 1.0
474 1.845098040014257
482 1.0
487 1.0
496 1.0
498 1.0
499 1.3010299956639813
500 1.0
501 1.0
537 1.0
545 1.0
550 1.3010299956639813
558 1.0
565 1.0
566 1.3010299956639813
567 1.3010299956639813
570 1.0
573 1.3010299956639813
574 1.3010299956639813
575 1.0
580 1.0
589 1.0
592 1.0
597 1.0
598 1.0
599 1.3010299956639813
602 1.3010299956639813
603 1.3010299956639813
609 1.0
611 1.0
615 1.3010299956639813
620 1.0
630 1.0
635 1.0
640 1.0
644 1.3010299956639813
645 1.0
651 1.845098040014257
654 1.0
658 1.0
666 1.3010299956639813
667 1.0
672 1.0
674 1.3010299956639813
675 1.3010299956639813
677 1.0
679 1.3010299956639813
682 1.4771212547196624
683 1.3010299956639813
689 1.0
690 1.0
694 1.0
695 1.0
700 1.0
710 1.0
716 1.0
721 1.3010299956639813
723 1.0
728 1.0
730 1.4771212547196624
744 1.0
749 1.0
754 1.845098040014257
758 1.6989700043360187
761 1.0
769 1.0
772 1.0
776 1.0
783 1.0
789 1.0
800 1.0
802 1.0
803 1.0
809 1.0
813 1.0
838 1.0
841 1.0
843 1.0
845 1.0
854 1.0
867 1.0
870 1.3010299956639813
871 1.0
874 1.0
879 1.0
882 1.0
887 1.0
888 1.4771212547196624
893 1.0
894 1.3010299956639813
896 1.0
900 1.0
906 1.6989700043360187
908 1.0
910 1.4771212547196624
914 1.0
922 1.3010299956639813
926 1.0
928 1.0
934 1.6020599913279625
938 1.0
939 1.0
948 1.3010299956639813
949 1.0
950 1.0
955 1.0
957 1.0
959 1.0
967 1.0
970 1.0
977 1.0
980 1.0
982 1.0
983 1.4771212547196624
990 1.0
994 1.0
996 1.6020599913279625
1000 1.6989700043360187
1001 1.0
1002 1.9030899869919435
1006 1.0
1008 1.3010299956639813
1014 1.0
1018 1.0
1028 1.4771212547196624
1029 1.4771212547196624
1034 1.3010299956639813
1035 1.3010299956639813
1036 1.3010299956639813
1037 1.0
1042 1.0
1043 1.0
1045 1.3010299956639813
1047 1.0
1048 1.0
1050 1.0
1054 1.0
1055 1.3010299956639813
1060 1.0
1062 1.0
1063 1.6989700043360187
1064 1.0
1065 1.0
1066 1.0
1071 1.0
1076 1.0
1083 1.6020599913279625
1085 1.7781512503836436
1087 1.0
1089 1.845098040014257
1092 1.3010299956639813
1096 1.0
1098 1.3010299956639813
1102 1.0
1105 1.0
1106 1.0
1107 1.0
1110 1.0
1129 1.0
1130 1.0
1143 1.0
1144 1.0
1147 1.0
1148 1.0
1159 1.0
1163 1.4771212547196624
1167 1.0
1170 1.0
1171 1.0
1183 1.3010299956639813
1189 1.0
1193 1.4771212547196624
1203 1.0
1204 1.4771212547196624
1214 1.0
1221 1.6020599913279625
1229 1.0
1232 1.4771212547196624
1234 1.0
1237 1.0
1266 1.0
1268 1.0
1285 1.0
1294 1.4771212547196624
1299 1.6989700043360187
1302 1.3010299956639813
1311 1.0
1318 1.4771212547196624
