3 1.0
16 1.0
32 1.0
47 1.3010299956639813
51 1.0
56 1.0
69 1.0
77 1.0
96 1.0
97 1.3010299956639813
100 1.3010299956639813
110 1.0
116 1.0
138 1.0
142 1.0
148 1.0
162 1.0
170 1.4771212547196624
210 1.0
211 1.0
244 1.0
258 1.0
263 1.6020599913279625
265 1.0
285 1.0
320 1.6989700043360187
326 1.0
327 1.0
346 1.0
361 1.0
362 1.845098040014257
364 1.0
428 1.0
455 1.0
457 1.0
500 1.0
506 1.0
508 1.0
528 1.0
529 1.0
548 1.0
570 1.6989700043360187
586 1.0
656 1.4771212547196624
657 1.0
670 1.0
671 1.9030899869919435
689 1.3010299956639813
696 1.0
715 1.0
739 1.0
745 1.0
788 1.0
812 1.0
830 1.0
864 1.0
868 1.0
869 1.0
871 1.0
883 1.0
885 1.0
887 1.0
897 1.0
914 1.4771212547196624
1003 1.0
1021 1.0
1028 1.0
1044 1.0
1045 1.0
1054 1.3010299956639813
1091 1.0
1099 1.0
1105 1.0
1106 1.0
1129 1.0
1130 1.0
1139 1.0
1140 1.0
1152 1.0
1162 1.0
1177 1.0
1211 1.0
1232 1.0
1234 1.0
1284 1.0
1289 1.0
1317 1.0
