0 1.0
48 1.0
70 1.0
90 1.0
91 1.0
116 1.0
118 1.0
183 1.0
209 1.0
211 1.0
219 1.0
222 1.0
309 1.0
387 1.0
401 1.0
409 1.0
412 1.0
414 1.0
417 1.0
447 1.0
452 1.0
474 1.0
493 1.6020599913279625
509 1.0
535 1.0
540 1.3010299956639813
575 1.3010299956639813
580 1.3010299956639813
581 1.0
601 1.0
613 1.0
664 1.3010299956639813
681 1.0
683 1.0
693 1.0
696 1.0
720 1.0
730 2.113943352306837
779 1.0
786 1.0
792 1.0
889 1.0
890 1.0
901 1.3010299956639813
903 1.0
904 1.0
941 1.0
971 1.4771212547196624
1023 1.6020599913279625
1038 1.0
1045 1.0
1051 1.0
1083 1.3010299956639813
1159 1.6020599913279625
1161 1.0
1299 1.3010299956639813
1300 1.0
1314 1.0
