12 1.0
31 1.0
45 1.6989700043360187
48 1.0
53 1.0
54 1.0
69 1.0
70 1.0
75 1.3010299956639813
91 1.3010299956639813
93 1.3010299956639813
139 1.0
161 1.0
207 1.3010299956639813
214 1.4771212547196624
217 1.0
255 1.0
256 1.0
264 1.0
272 1.0
274 1.0
277 1.3010299956639813
293 1.4771212547196624
307 1.3010299956639813
310 1.0
314 1.0
335 1.0
343 1.0
346 1.3010299956639813
351 1.0
379 1.0
388 1.0
398 1.0
409 1.0
436 1.0
444 1.0
449 1.3010299956639813
450 1.0
454 1.0
457 1.3010299956639813
459 1.0
462 1.0
474 1.0
479 1.0
493 1.0
498 1.3010299956639813
499 1.3010299956639813
502 1.0
505 1.0
506 1.0
523 1.0
530 1.4771212547196624
531 1.3010299956639813
543 1.4771212547196624
544 1.4771212547196624
545 1.4771212547196624
550 1.0
555 1.4771212547196624
558 1.0
565 1.4771212547196624
570 1.4771212547196624
572 1.0
584 1.0
585 1.0
589 1.3010299956639813
599 1.3010299956639813
601 1.4771212547196624
608 1.0
615 1.0
618 1.0
634 1.0
647 1.0
661 1.0
664 1.0
687 1.0
689 1.0
693 1.4771212547196624
694 1.4771212547196624
697 1.0
702 1.0
707 1.3010299956639813
708 1.0
711 1.0
719 1.0
722 1.0
744 1.0
749 1.0
773 1.3010299956639813
781 1.0
790 1.0
791 1.0
797 1.0
834 1.0
835 1.0
839 1.0
840 1.0
845 1.0
848 1.9030899869919435
851 1.3010299956639813
855 1.3010299956639813
865 1.0
925 1.0
929 1.0
933 1.0
940 1.6020599913279625
943 1.0
944 1.0
947 1.0
952 1.0
954 1.0
956 1.0
965 1.4771212547196624
988 1.0
996 1.0
1009 1.3010299956639813
1013 1.0
1031 1.0
1036 1.0
1037 1.0
1042 1.0
1053 1.3010299956639813
1055 1.0
1066 1.0
1072 1.0
1107 1.0
1129 1.0
1130 1.0
1161 1.0
1170 1.3010299956639813
1185 1.0
1232 1.0
1241 1.4771212547196624
1276 1.0
1277 1.0
1292 1.0
1297 1.0
1305 1.0
1318 1.0
