7 1.0
56 1.0
62 1.0
69 1.0
93 1.0
94 1.0
110 1.0
113 1.0
114 1.0
145 1.3010299956639813
170 1.0
189 1.0
209 1.0
222 1.0
237 1.0
241 1.0
265 1.3010299956639813
274 1.0
298 1.0
409 1.0
424 1.0
429 1.3010299956639813
455 1.0
478 1.0
498 1.0
601 1.0
631 1.0
644 1.3010299956639813
677 1.0
680 1.3010299956639813
685 1.0
769 1.0
789 1.0
802 1.0
803 1.0
926 1.4771212547196624
973 1.0
1006 1.0
1054 1.0
1074 1.0
1075 1.0
1080 1.3010299956639813
1087 1.0
1091 1.0
1119 1.3010299956639813
1127 1.0
1128 1.0
1129 1.0
1130 1.0
1167 1.0
1183 1.0
1194 1.0
1204 1.0
1239 1.0
1241 1.0
1245 1.0
1259 1.0
1302 1.0
1315 1.0
1321 1.0
