5 1.4771212547196624
8 1.0
15 1.0
35 1.0
41 1.3010299956639813
43 1.4771212547196624
59 1.0
60 1.0
64 1.3010299956639813
74 1.0
81 1.0
93 1.7781512503836436
110 1.0
142 1.0
144 1.0
152 1.0
153 1.0
187 1.0
192 1.3010299956639813
197 1.0
204 1.0
244 1.0
277 1.0
294 1.0
298 1.3010299956639813
301 1.0
311 1.3010299956639813
312 1.0
314 1.0
323 1.4771212547196624
353 1.0
357 1.0
379 1.0
384 1.0
388 1.3010299956639813
400 1.0
417 1.0
423 1.0
429 1.0
474 1.3010299956639813
521 1.3010299956639813
531 1.0
575 1.0
588 1.0
596 1.0
639 1.3010299956639813
640 1.3010299956639813
644 1.3010299956639813
656 1.3010299956639813
671 1.0
687 1.0
693 1.0
699 1.0
705 1.0
723 1.0
730 1.0
769 1.0
779 1.0
781 1.0
807 1.0
824 1.0
825 1.0
850 1.0
866 1.0
889 1.0
890 1.0
897 1.0
902 1.0
950 1.0
1006 1.0
1037 1.0
1043 1.0
1054 1.0
1107 1.0
1127 1.3010299956639813
1128 1.3010299956639813
1129 1.7781512503836436
1130 1.7781512503836436
1151 1.3010299956639813
1161 1.0
1162 1.4771212547196624
1163 1.0
1166 1.0
1178 1.0
1181 1.0
1187 1.0
1198 1.0
1214 1.0
1222 1.3010299956639813
1229 1.3010299956639813
1250 1.0
1265 1.0
1266 1.0
1284 1.0
1303 1.0
