3 1.0
49 1.0
54 1.4771212547196624
81 1.0
118 1.0
174 1.3010299956639813
175 1.0
196 1.6020599913279625
216 1.4771212547196624
217 1.3010299956639813
230 1.0
233 1.0
247 1.0
253 1.0
261 1.0
301 1.0
305 1.6989700043360187
386 1.0
390 1.3010299956639813
401 1.0
402 1.3010299956639813
403 1.3010299956639813
409 1.0
417 1.6989700043360187
421 1.0
441 1.3010299956639813
478 1.0
482 1.3010299956639813
484 1.6020599913279625
487 1.3010299956639813
496 1.0
498 1.0
506 1.0
522 1.4771212547196624
543 1.0
544 1.0
545 1.0
550 1.845098040014257
586 1.0
589 1.3010299956639813
631 1.0
649 1.0
679 1.0
686 1.0
688 1.0
702 1.0
714 1.0
720 1.0
754 1.0
768 1.0
782 1.6989700043360187
794 1.4771212547196624
811 1.0
812 1.0
845 1.4771212547196624
851 1.0
893 1.4771212547196624
895 1.0
896 1.0
902 1.3010299956639813
929 1.7781512503836436
939 1.0
988 1.0
990 1.0
1042 1.0
1043 1.0
1065 1.3010299956639813
1090 1.0
1120 1.0
1141 1.0
1142 1.0
1194 1.3010299956639813
1200 1.0
1245 1.3010299956639813
1257 1.0
1259 1.4771212547196624
1293 1.6989700043360187
1301 1.0
1307 1.0
