28 1.0
84 1.0
208 1.0
308 1.0
310 1.0
370 1.0
394 1.0
412 1.3010299956639813
426 1.0
451 1.6020599913279625
452 1.0
459 1.3010299956639813
464 1.0
486 1.4771212547196624
492 1.0
495 1.0
506 1.6020599913279625
515 1.0
527 1.0
530 1.0
538 1.0
542 1.3010299956639813
543 1.0
544 1.0
546 1.0
551 1.4771212547196624
552 1.0
567 2.3222192947339195
570 1.0
589 1.0
664 1.0
665 1.0
695 1.0
707 1.0
754 1.0
765 1.0
796 1.0
807 1.3010299956639813
897 1.0
915 1.0
929 1.0
1212 1.0
1285 1.0
1304 1.0
1309 1.0
1320 1.0
