0 1.3010299956639813
9 1.0
11 1.0
24 1.0
27 1.0
29 1.0
34 1.3010299956639813
40 1.3010299956639813
41 1.0
48 1.0
59 1.0
60 1.0
62 1.0
64 1.0
74 1.9542425094393248
75 1.4771212547196624
79 1.0
81 1.3010299956639813
86 1.0
90 1.6020599913279625
99 1.0
107 1.0
117 1.0
123 1.0
124 1.0
132 1.0
134 1.0
137 1.0
139 1.4771212547196624
157 1.0
171 1.0
172 1.0
192 1.0
196 1.0
200 1.0
201 1.3010299956639813
207 1.3010299956639813
213 1.4771212547196624
218 1.0
221 1.4771212547196624
223 1.0
233 1.0
238 1.0
244 1.3010299956639813
247 1.0
253 1.0
259 1.0
270 1.0
272 1.3010299956639813
277 1.0
278 1.0
287 1.0
296 1.3010299956639813
314 1.0
319 1.0
336 1.0
341 1.0
353 1.0
364 1.0
372 1.0
376 1.4771212547196624
385 1.3010299956639813
386 1.0
392 1.6020599913279625
393 1.0
394 1.3010299956639813
395 1.0
396 1.0
400 1.0
401 1.0
402 1.0
410 1.4771212547196624
412 1.0
417 1.0
425 1.0
427 1.6020599913279625
429 1.0
432 1.0
440 1.3010299956639813
444 1.3010299956639813
451 1.0
454 1.0
457 1.0
469 1.0
479 1.0
491 1.0
496 1.0
498 1.0
500 1.0
503 1.0
506 1.3010299956639813
510 1.0
524 1.0
531 1.3010299956639813
539 1.0
541 1.6989700043360187
543 1.4771212547196624
544 1.4771212547196624
548 1.3010299956639813
550 1.0
553 1.0
555 1.3010299956639813
561 1.0
562 1.0
563 1.0
564 1.3010299956639813
565 1.0
566 1.3010299956639813
570 1.4771212547196624
571 1.3010299956639813
572 1.0
573 1.0
574 1.0
576 1.0
578 1.0
581 1.0
584 1.0
585 1.0
591 1.0
593 1.0
596 1.3010299956639813
597 1.4771212547196624
598 1.4771212547196624
599 1.3010299956639813
602 1.3010299956639813
603 1.3010299956639813
605 1.0
606 1.0
609 1.3010299956639813
615 1.0
622 1.3010299956639813
626 1.0
627 1.4771212547196624
629 1.6020599913279625
634 1.0
640 1.0
642 1.0
657 1.0
659 1.3010299956639813
664 1.0
669 1.3010299956639813
670 1.3010299956639813
678 1.3010299956639813
689 1.0
693 1.3010299956639813
696 1.0
699 1.0
700 1.6020599913279625
718 1.0
720 1.3010299956639813
721 1.0
723 1.3010299956639813
724 1.4771212547196624
732 1.0
742 1.3010299956639813
748 1.3010299956639813
751 1.0
755 1.0
756 1.3010299956639813
762 1.0
764 1.0
772 1.3010299956639813
775 1.0
779 1.6020599913279625
780 1.0
788 1.4771212547196624
793 1.0
795 1.0
821 1.0
843 1.0
844 1.3010299956639813
848 1.6020599913279625
859 1.0
861 1.0
867 1.0
878 1.3010299956639813
881 1.3010299956639813
885 1.4771212547196624
889 1.3010299956639813
890 1.3010299956639813
896 1.0
897 1.4771212547196624
903 1.3010299956639813
906 1.0
908 1.0
909 1.0
913 1.0
931 1.0
933 1.3010299956639813
969 1.3010299956639813
977 1.0
983 1.0
991 1.3010299956639813
996 1.0
1009 1.3010299956639813
1025 1.3010299956639813
1028 1.0
1032 1.3010299956639813
1040 1.0
1056 1.0
1064 1.6020599913279625
1066 1.3010299956639813
1068 1.0
1070 1.0
1072 1.0
1073 1.4771212547196624
1078 1.0
1080 1.0
1081 1.0
1085 1.0
1090 1.3010299956639813
1091 1.0
1098 1.0
1104 1.0
1105 1.0
1106 1.0
1119 1.3010299956639813
1122 1.0
1129 1.3010299956639813
1130 1.3010299956639813
1139 1.0
1140 1.0
1141 1.3010299956639813
1142 1.3010299956639813
1143 1.0
1144 1.0
1147 1.0
1148 1.0
1156 1.0
1161 1.3010299956639813
1165 1.4771212547196624
1170 1.0
1173 1.0
1175 1.3010299956639813
1179 1.0
1190 1.0
1193 1.0
1198 1.0
1199 1.4771212547196624
1213 1.0
1214 1.0
1222 1.3010299956639813
1226 1.3010299956639813
1228 1.6989700043360187
1231 1.6020599913279625
1232 1.3010299956639813
1236 1.0
1241 1.0
1266 1.4771212547196624
1268 1.0
1277 1.4771212547196624
1281 1.0
1285 1.3010299956639813
1286 1.3010299956639813
1293 1.0
1298 1.0
1302 1.3010299956639813
1309 1.0
1310 1.0
1311 1.0
1314 1.0
1315 1.0
