21 1.0
32 1.7781512503836436
47 1.3010299956639813
56 1.0
83 1.0
111 1.6020599913279625
119 1.0
142 1.4771212547196624
261 1.0
274 1.0
304 1.0
314 1.0
316 1.0
343 1.0
346 1.0
465 1.0
498 1.4771212547196624
500 1.0
501 1.3010299956639813
541 1.0
634 1.0
695 1.0
765 1.0
771 1.3010299956639813
851 1.0
855 1.6020599913279625
903 1.0
913 1.0
929 1.0
936 1.0
940 1.0
958 1.3010299956639813
959 1.0
973 1.3010299956639813
982 1.3010299956639813
996 1.3010299956639813
1016 1.0
1036 1.0
1089 1.0
1127 1.0
1128 1.0
1129 1.0
1130 1.0
1139 1.3010299956639813
1140 1.4771212547196624
1145 1.4771212547196624
1146 1.4771212547196624
1150 1.0
1188 1.0
1235 1.0
