5 1.0
14 1.3010299956639813
15 1.0
22 1.9030899869919435
23 1.0
41 1.3010299956639813
59 1.0
60 1.0
69 1.3010299956639813
70 1.0
75 1.0
93 1.0
94 1.0
98 1.3010299956639813
100 1.3010299956639813
107 1.4771212547196624
110 1.0
113 1.0
114 1.0
130 1.0
132 1.6989700043360187
133 1.0
138 1.0
141 1.0
157 1.6020599913279625
168 1.0
176 1.0
179 1.6020599913279625
183 1.0
207 1.0
210 1.0
211 1.0
213 1.0
224 1.0
230 1.4771212547196624
237 1.0
242 1.0
244 1.0
245 1.0
252 1.0
254 1.0
258 1.0
259 1.0
270 1.0
274 1.0
288 1.0
289 1.0
290 1.0
298 1.0
301 1.3010299956639813
309 1.0
310 1.0
327 1.4771212547196624
329 1.3010299956639813
334 1.0
368 1.0
388 1.0
396 1.6020599913279625
400 1.4771212547196624
401 1.0
403 1.0
415 1.0
437 1.0
445 1.0
450 1.0
455 1.0
460 1.0
468 1.0
492 1.0
495 1.0
497 1.3010299956639813
498 1.0
518 1.0
523 1.0
525 1.4771212547196624
549 1.0
565 1.3010299956639813
571 1.6020599913279625
578 1.0
586 1.9542425094393248
591 1.0
593 1.0
596 1.3010299956639813
605 1.0
606 1.0
609 1.3010299956639813
615 1.0
622 1.4771212547196624
633 1.0
645 1.0
650 1.0
656 1.3010299956639813
657 1.0
668 1.0
689 1.0
690 1.0
694 1.0
695 1.0
696 1.3010299956639813
697 1.0
703 1.0
711 1.0
735 1.6989700043360187
765 1.0
781 1.3010299956639813
783 1.0
787 1.6989700043360187
790 1.0
792 1.0
794 1.0
797 1.0
802 1.0
803 1.0
819 1.0
820 1.0
829 1.0
838 1.0
889 1.0
890 1.0
899 1.0
902 1.0
909 1.0
914 1.0
924 1.0
926 1.6020599913279625
968 1.0
976 1.0
993 1.0
1006 1.0
1019 1.0
1020 1.0
1026 1.3010299956639813
1034 1.0
1041 1.0
1044 1.0
1055 1.4771212547196624
1074 1.3010299956639813
1075 1.3010299956639813
1083 1.6989700043360187
1095 1.0
1104 1.0
1105 1.3010299956639813
1106 1.3010299956639813
1109 1.0
1113 1.0
1115 1.0
1116 1.0
1135 1.0
1136 1.0
1143 1.0
1144 1.0
1147 1.6020599913279625
1148 1.6020599913279625
1155 1.0
1156 1.3010299956639813
1173 1.0
1190 1.4771212547196624
1197 1.0
1202 1.0
1214 1.0
1227 1.0
1228 1.3010299956639813
1232 1.3010299956639813
1236 1.0
1244 1.0
1259 1.0
1266 1.3010299956639813
1277 1.0
1300 1.0
1318 1.0
