3 1.3010299956639813
34 1.0
91 1.0
102 1.0
118 1.3010299956639813
121 1.0
137 1.0
216 1.0
277 1.0
310 1.0
314 1.0
390 1.0
394 1.0
403 1.3010299956639813
409 1.0
437 1.0
446 1.3010299956639813
448 1.0
451 1.0
462 1.0
472 1.0
476 1.0
481 1.3010299956639813
482 1.0
487 1.0
506 1.4771212547196624
510 1.0
532 1.0
533 1.0
572 1.0
581 1.0
584 1.3010299956639813
585 1.3010299956639813
601 1.0
664 1.0
679 1.3010299956639813
685 1.0
686 1.0
693 1.0
701 1.0
705 1.0
716 1.0
720 1.0
749 1.0
855 1.0
897 1.4771212547196624
951 1.0
1048 1.3010299956639813
1092 1.0
1191 1.0
1245 1.0
1259 1.0
1263 1.3010299956639813
1289 1.0
1309 1.3010299956639813
1311 1.0
1314 1.0
1318 1.3010299956639813
