0 1.0
6 1.3010299956639813
7 1.7781512503836436
11 1.3010299956639813
12 1.0
18 1.0
41 1.0
43 1.0
45 1.3010299956639813
47 1.6020599913279625
70 1.3010299956639813
75 1.0
77 1.4771212547196624
91 1.0
94 1.0
97 1.3010299956639813
100 1.0
102 1.3010299956639813
103 1.3010299956639813
108 1.3010299956639813
118 1.0
121 1.3010299956639813
131 1.0
140 1.0
159 1.0
162 1.0
169 1.3010299956639813
173 1.0
178 1.0
179 1.4771212547196624
192 1.0
195 1.3010299956639813
233 1.0
236 1.0
245 1.845098040014257
258 1.0
268 1.0
275 1.0
279 1.0
285 1.0
304 1.6020599913279625
309 2.255272505103306
319 1.0
320 1.0
330 1.0
335 1.4771212547196624
344 1.0
350 1.0
351 1.6020599913279625
355 1.0
358 1.0
361 1.0
378 1.3010299956639813
386 1.0
388 2.204119982655925
393 1.0
430 1.3010299956639813
437 1.0
442 1.4771212547196624
473 1.0
474 1.0
496 1.0
497 1.0
499 1.3010299956639813
500 1.0
503 1.4771212547196624
510 1.3010299956639813
518 1.6989700043360187
550 1.0
554 1.0
565 1.0
566 1.0
568 1.0
569 1.0
570 1.0
572 1.0
582 1.0
583 1.0
584 1.3010299956639813
585 1.3010299956639813
592 1.0
599 1.0
608 1.0
613 1.9542425094393248
618 1.0
620 1.3010299956639813
629 1.0
630 1.4771212547196624
664 1.0
670 1.0
676 1.0
677 1.0
678 1.0
680 1.0
684 1.7781512503836436
692 1.0
693 1.3010299956639813
699 1.3010299956639813
704 1.0
705 1.3010299956639813
706 1.0
711 1.3010299956639813
712 1.0
715 1.845098040014257
717 1.0
720 1.0
731 1.0
751 1.6989700043360187
764 1.3010299956639813
772 1.0
775 1.0
781 1.0
783 1.4771212547196624
799 1.0
802 1.0
803 1.0
828 1.3010299956639813
842 1.6020599913279625
852 1.0
859 1.4771212547196624
867 1.0
868 1.0
869 1.0
878 1.0
884 1.4771212547196624
891 1.0
897 1.0
913 1.3010299956639813
920 1.3010299956639813
928 1.0
929 1.0
933 1.0
935 1.0
936 1.0
940 1.3010299956639813
947 1.0
951 1.3010299956639813
959 1.0
968 1.0
969 1.0
971 1.3010299956639813
972 1.0
975 1.0
977 1.3010299956639813
986 1.0
992 1.0
996 1.0
1005 1.0
1006 1.0
1044 1.0
1072 1.0
1084 1.0
1085 1.0
1091 1.6020599913279625
1109 1.6020599913279625
1110 1.3010299956639813
1111 1.0
1112 1.0
1119 1.0
1129 1.0
1130 1.0
1143 1.3010299956639813
1144 1.3010299956639813
1147 1.3010299956639813
1148 1.3010299956639813
1149 1.4771212547196624
1150 1.4771212547196624
1155 1.0
1163 2.0413926851582254
1165 1.0
1169 1.0
1172 1.0
1184 1.0
1192 1.0
1196 1.0
1198 1.0
1208 1.0
1217 1.0
1239 1.0
1257 1.0
1276 1.0
1281 1.0
1286 1.0
1317 1.0
1318 1.0
