5 1.0
21 1.0
24 1.0
43 1.9030899869919435
47 1.3010299956639813
75 1.0
93 1.0
104 1.0
217 1.0
255 1.0
276 1.0
277 1.0
314 1.0
330 1.0
361 1.0
384 1.0
398 1.0
421 1.0
432 1.4771212547196624
442 1.4771212547196624
496 1.0
518 1.0
534 1.3010299956639813
543 1.3010299956639813
544 1.3010299956639813
588 1.0
589 1.0
599 1.0
624 1.0
659 1.0
677 1.0
692 1.0
708 1.0
754 1.0
755 1.0
763 1.0
837 1.4771212547196624
851 1.0
856 1.0
878 1.0
914 1.0
915 1.0
935 1.0
1005 1.0
1065 1.0
1090 1.0
1114 1.0
1129 1.0
1130 1.0
1139 1.0
1140 1.0
1166 1.845098040014257
1177 1.0
1188 1.3010299956639813
