7 1.0
11 1.0
30 1.0
70 1.3010299956639813
75 1.3010299956639813
91 1.0
127 1.3010299956639813
148 1.4771212547196624
158 1.0
161 1.3010299956639813
171 1.0
173 1.0
175 1.0
179 1.0
197 1.0
207 1.0
210 1.3010299956639813
213 1.0
231 1.0
248 1.0
258 1.0
287 1.0
288 1.0
293 1.0
319 1.3010299956639813
323 1.0
349 1.0
362 1.0
429 1.3010299956639813
466 1.0
486 1.0
494 1.0
496 1.4771212547196624
500 1.3010299956639813
501 1.3010299956639813
519 1.0
527 1.0
537 1.0
543 1.3010299956639813
544 1.3010299956639813
556 1.0
566 1.3010299956639813
568 1.0
569 1.0
576 1.3010299956639813
640 1.3010299956639813
656 1.3010299956639813
658 1.3010299956639813
669 1.9542425094393248
670 1.9030899869919435
677 1.6989700043360187
692 1.0
715 1.7781512503836436
721 1.4771212547196624
739 1.4771212547196624
749 1.3010299956639813
751 1.0
781 1.0
788 1.3010299956639813
790 1.3010299956639813
797 1.0
809 1.0
838 1.0
845 1.0
850 1.3010299956639813
864 1.0
870 1.7781512503836436
871 1.0
876 1.4771212547196624
885 1.4771212547196624
908 1.0
948 1.0
999 1.0
1036 1.0
1103 1.0
1107 1.0
1117 1.0
1118 1.0
1183 1.3010299956639813
1202 1.0
1207 1.4771212547196624
1218 1.0
1228 1.0
1230 1.0
1238 1.3010299956639813
1248 1.0
1254 1.0
1271 1.3010299956639813
1297 1.3010299956639813
1298 1.3010299956639813
1299 1.0
1319 1.3010299956639813
