1 1.4771212547196624
2 1.7781512503836436
13 1.0
15 1.4771212547196624
17 1.6989700043360187
32 1.3010299956639813
45 1.3010299956639813
52 1.4771212547196624
54 1.3010299956639813
55 1.7781512503836436
61 1.0
63 1.6020599913279625
65 1.0
67 1.0
68 1.4771212547196624
73 1.0
83 1.4771212547196624
89 1.0
92 1.4771212547196624
94 1.7781512503836436
110 1.0
115 1.0
119 1.0
135 1.0
137 1.0
138 1.4771212547196624
142 1.0
144 1.0
145 1.0
148 1.3010299956639813
160 1.0
161 1.0
176 1.0
189 1.3010299956639813
190 1.0
194 1.0
200 1.6989700043360187
201 1.6989700043360187
210 1.0
220 1.0
226 1.0
243 1.0
244 1.0
247 1.0
273 1.3010299956639813
274 1.6020599913279625
275 2.113943352306837
277 1.3010299956639813
285 1.0
289 1.3010299956639813
314 1.0
318 1.0
327 1.3010299956639813
329 1.6020599913279625
346 1.6020599913279625
350 1.0
354 1.3010299956639813
390 1.0
398 1.0
400 1.3010299956639813
403 1.0
420 2.113943352306837
429 1.0
433 1.0
453 1.0
454 1.0
482 1.0
496 1.3010299956639813
499 1.0
501 1.0
511 1.0
535 1.0
543 1.0
544 1.0
558 1.0
565 1.0
566 1.0
567 1.3010299956639813
570 1.0
577 1.6020599913279625
580 1.0
587 1.3010299956639813
588 1.0
592 1.6989700043360187
601 1.0
624 1.0
625 1.0
640 1.0
643 1.3010299956639813
652 1.0
658 1.0
669 1.4771212547196624
677 1.0
679 1.0
681 1.0
682 1.0
685 1.0
686 1.3010299956639813
694 1.3010299956639813
708 1.0
709 1.0
715 1.0
716 1.0
727 1.3010299956639813
736 1.0
740 1.0
743 1.9542425094393248
749 1.0
760 1.0
769 1.9542425094393248
801 1.3010299956639813
805 1.3010299956639813
822 1.0
823 1.6020599913279625
824 1.0
825 1.0
837 1.0
850 1.0
855 1.6020599913279625
861 1.3010299956639813
868 1.0
869 1.0
870 1.6989700043360187
878 1.0
892 1.0
895 1.3010299956639813
920 1.0
922 1.3010299956639813
924 1.4771212547196624
926 1.0
940 1.4771212547196624
941 1.3010299956639813
951 1.0
952 1.0
959 1.3010299956639813
960 1.4771212547196624
962 1.0
963 1.6020599913279625
964 1.0
977 1.4771212547196624
980 1.3010299956639813
982 1.6020599913279625
989 1.6020599913279625
995 1.0
996 1.3010299956639813
1017 1.0
1033 1.0
1038 1.0
1046 1.0
1060 1.0
1061 1.0
1065 1.0
1071 1.0
1072 1.0
1076 1.0
1089 1.0
1090 1.3010299956639813
1095 1.0
1105 1.0
1106 1.0
1109 1.0
1119 1.0
1121 1.3010299956639813
1153 1.3010299956639813
1154 1.0
1158 1.3010299956639813
1163 1.0
1170 1.0
1177 1.0
1183 1.0
1208 1.0
1211 1.3010299956639813
1221 1.0
1238 1.0
1252 1.0
1303 1.0
1323 1.0
