3 1.3010299956639813
19 1.0
69 1.0
80 1.0
84 1.0
122 1.0
147 1.0
171 1.4771212547196624
176 1.3010299956639813
209 1.0
210 1.0
213 1.0
219 1.0
220 1.0
221 1.3010299956639813
224 1.0
230 1.3010299956639813
235 1.3010299956639813
246 1.0
247 1.0
252 1.3010299956639813
271 1.0
287 1.0
313 1.0
353 1.0
354 1.0
370 1.0
409 1.0
414 1.0
437 1.0
442 1.0
455 1.0
472 1.0
481 1.0
487 1.0
492 1.0
493 1.0
523 1.4771212547196624
531 1.0
538 1.4771212547196624
541 1.0
542 1.4771212547196624
551 1.0
564 1.0
601 1.0
685 1.0
699 1.0
707 1.0
710 1.0
721 1.0
751 1.0
773 1.0
782 1.0
790 1.6020599913279625
815 1.0
851 1.0
915 1.0
1022 1.0
1030 1.3010299956639813
1033 1.0
1084 1.0
1085 1.0
1121 1.0
1185 1.3010299956639813
1206 1.0
1239 1.3010299956639813
1243 1.3010299956639813
1255 1.0
1256 1.0
1286 1.0
1293 1.3010299956639813
1297 1.3010299956639813
1301 1.4771212547196624
1303 1.4771212547196624
1304 1.0
1310 1.0
1315 1.3010299956639813
1319 1.3010299956639813
