2 1.0
13 1.0
17 1.0
18 1.4771212547196624
21 1.0
34 1.0
37 1.0
43 1.3010299956639813
49 1.3010299956639813
50 1.0
51 1.0
58 1.0
64 1.3010299956639813
65 1.6020599913279625
72 1.0
73 1.0
81 1.0
84 1.0
90 1.0
105 1.6020599913279625
107 1.0
112 1.0
113 1.0
114 1.0
117 1.0
118 1.3010299956639813
120 1.3010299956639813
121 1.0
123 1.6989700043360187
124 1.6989700043360187
136 1.6020599913279625
138 1.4771212547196624
142 1.0
144 1.0
149 1.0
158 1.0
163 1.0
171 1.6989700043360187
172 1.0
176 1.0
177 1.0
181 1.0
189 1.0
193 1.0
194 1.0
203 1.3010299956639813
205 1.0
209 1.3010299956639813
210 1.6989700043360187
211 1.0
214 1.0
216 1.0
217 1.0
220 1.0
221 1.0
222 1.0
229 1.0
235 1.0
242 1.0
243 1.0
244 1.4771212547196624
252 1.3010299956639813
255 1.0
265 1.0
271 1.4771212547196624
273 1.0
277 1.4771212547196624
278 1.0
297 1.0
299 1.0
310 1.0
315 1.0
328 1.0
339 1.3010299956639813
344 1.0
354 1.3010299956639813
364 1.0
367 1.3010299956639813
370 1.3010299956639813
376 1.0
379 1.0
388 1.3010299956639813
389 1.0
391 1.3010299956639813
400 1.3010299956639813
406 1.3010299956639813
425 1.6989700043360187
428 1.0
447 1.0
451 1.0
459 1.0
468 1.0
469 1.0
472 1.4771212547196624
484 1.0
486 1.0
487 1.3010299956639813
491 1.0
493 1.3010299956639813
494 1.0
496 1.0
500 1.0
501 1.0
504 1.0
506 1.3010299956639813
517 1.3010299956639813
520 1.0
522 1.0
523 1.0
527 1.3010299956639813
530 1.3010299956639813
532 1.3010299956639813
533 1.0
535 1.3010299956639813
540 1.0
542 1.0
543 1.4771212547196624
544 1.4771212547196624
545 1.0
549 1.0
551 1.6020599913279625
552 1.6020599913279625
553 1.0
556 1.0
560 1.4771212547196624
566 1.0
568 1.0
569 1.0
572 1.0
575 1.0
581 1.0
582 1.3010299956639813
583 1.3010299956639813
592 1.0
599 1.4771212547196624
601 1.0
602 1.3010299956639813
603 1.3010299956639813
611 1.0
614 1.0
615 1.0
625 1.0
630 1.4771212547196624
631 1.0
637 1.0
638 1.3010299956639813
645 1.3010299956639813
649 1.0
651 1.0
658 1.3010299956639813
676 1.0
677 1.0
681 1.0
689 1.4771212547196624
692 1.3010299956639813
693 1.0
694 1.0
707 1.0
713 1.0
714 1.0
716 1.0
720 1.3010299956639813
721 1.0
723 1.0
730 1.3010299956639813
733 1.0
745 1.0
751 1.4771212547196624
752 1.0
755 1.3010299956639813
761 1.0
763 1.0
764 1.3010299956639813
768 1.0
773 1.0
775 1.0
781 1.3010299956639813
782 1.4771212547196624
786 1.0
788 1.9030899869919435
790 1.3010299956639813
794 1.0
807 1.0
812 1.0
814 1.0
815 1.7781512503836436
826 1.0
829 1.0
838 1.0
843 1.0
845 1.0
851 1.3010299956639813
855 1.3010299956639813
859 1.0
864 1.0
867 1.0
870 1.3010299956639813
878 1.0
889 1.0
890 1.0
893 1.3010299956639813
895 1.6020599913279625
898 1.0
901 1.845098040014257
906 1.4771212547196624
907 1.0
924 1.4771212547196624
930 1.0
931 1.3010299956639813
941 1.0
942 1.0
943 1.3010299956639813
944 1.3010299956639813
950 1.0
961 1.0
968 1.3010299956639813
969 1.0
979 1.0
990 1.4771212547196624
994 1.3010299956639813
998 1.0
1001 1.0
1005 1.0
1006 1.0
1011 1.0
1012 1.0
1013 1.4771212547196624
1016 1.0
1019 1.0
1023 1.0
1033 1.0
1038 1.0
1054 1.0
1055 1.3010299956639813
1065 1.0
1072 1.0
1077 1.0
1081 1.0
1084 1.0
1085 1.3010299956639813
1090 1.0
1091 1.3010299956639813
1095 1.0
1096 1.3010299956639813
1121 1.4771212547196624
1122 1.0
1123 1.0
1139 1.0
1140 1.0
1149 1.0
1150 1.3010299956639813
1161 1.4771212547196624
1181 1.4771212547196624
1182 1.0
1183 1.0
1187 1.3010299956639813
1190 1.0
1192 1.0
1193 1.0
1197 1.0
1200 1.0
1202 1.0
1204 1.3010299956639813
1207 1.0
1211 1.0
1212 1.0
1219 1.0
1220 1.0
1224 1.0
1228 1.0
1229 1.0
1235 1.0
1236 1.0
1246 1.0
1250 1.0
1252 1.3010299956639813
1256 1.0
1263 1.3010299956639813
1265 1.3010299956639813
1268 1.0
1270 1.0
1272 1.0
1275 1.0
1277 1.0
1286 1.0
1288 1.0
1294 1.3010299956639813
1296 1.0
1298 1.0
1301 1.0
1302 1.0
1307 1.0
1308 1.3010299956639813
1309 1.0
1312 1.0
1313 1.0
1318 1.3010299956639813
1320 1.0
1322 1.0
1324 1.0
