47 1.0
54 1.3010299956639813
146 1.0
166 1.0
168 1.0
188 1.3010299956639813
190 1.0
254 1.0
282 1.0
400 1.0
411 1.0
444 1.3010299956639813
550 1.0
555 1.0
612 1.0
617 1.0
629 1.0
643 1.0
736 1.4771212547196624
772 1.3010299956639813
775 1.3010299956639813
791 1.3010299956639813
797 1.4771212547196624
799 1.3010299956639813
815 1.0
846 1.0
847 1.0
855 1.0
888 1.0
891 1.4771212547196624
899 1.3010299956639813
910 1.0
913 1.3010299956639813
919 1.3010299956639813
921 1.6989700043360187
923 1.0
925 1.3010299956639813
937 1.3010299956639813
940 1.7781512503836436
941 1.0
943 1.0
944 1.0
954 1.0
975 1.0
986 1.0
989 1.3010299956639813
993 1.3010299956639813
999 1.0
1039 1.0
1047 1.0
1071 1.3010299956639813
1126 1.3010299956639813
1153 1.0
1238 1.3010299956639813
