0 1.6989700043360187
7 2.113943352306837
8 1.4771212547196624
9 1.0
11 1.9542425094393248
12 1.4771212547196624
13 1.4771212547196624
17 1.4771212547196624
24 1.0
25 1.6020599913279625
33 1.4771212547196624
34 1.3010299956639813
40 1.0
42 1.4771212547196624
43 1.6020599913279625
45 1.845098040014257
46 1.3010299956639813
47 1.845098040014257
56 1.6020599913279625
63 1.7781512503836436
64 1.6989700043360187
65 1.4771212547196624
69 1.3010299956639813
70 1.0
71 1.845098040014257
73 1.6989700043360187
84 1.6989700043360187
106 1.4771212547196624
113 1.3010299956639813
114 1.3010299956639813
119 1.3010299956639813
130 1.6989700043360187
154 1.3010299956639813
160 1.0
177 1.0
183 2.0
209 2.079181246047625
221 1.3010299956639813
241 1.3010299956639813
249 1.6020599913279625
273 1.4771212547196624
304 1.6020599913279625
306 1.7781512503836436
310 1.3010299956639813
325 1.9030899869919435
335 1.0
338 1.3010299956639813
343 1.4771212547196624
358 1.0
363 1.4771212547196624
372 1.7781512503836436
377 1.0
379 1.6020599913279625
388 1.0
391 1.0
401 1.3010299956639813
406 1.3010299956639813
410 1.6989700043360187
412 2.079181246047625
415 1.845098040014257
432 1.4771212547196624
451 1.0
453 1.3010299956639813
474 1.4771212547196624
478 1.7781512503836436
480 1.7781512503836436
504 1.4771212547196624
527 1.4771212547196624
528 1.3010299956639813
543 1.3010299956639813
544 1.3010299956639813
555 1.0
557 1.3010299956639813
587 1.0
588 1.845098040014257
592 1.6989700043360187
593 1.3010299956639813
608 1.0
614 1.845098040014257
615 1.0
619 1.4771212547196624
645 2.230448921378274
651 1.6989700043360187
654 1.3010299956639813
656 1.4771212547196624
661 2.1760912590556813
667 1.0
680 2.079181246047625
693 1.3010299956639813
708 1.3010299956639813
723 1.3010299956639813
727 1.0
741 1.6989700043360187
765 1.0
769 1.4771212547196624
789 1.3010299956639813
805 1.0
806 1.0
813 1.845098040014257
817 1.0
818 1.0
828 1.0
831 1.4771212547196624
842 1.6020599913279625
870 1.4771212547196624
881 1.6020599913279625
893 1.9030899869919435
896 1.0
906 2.361727836017593
910 1.0
912 1.0
924 1.4771212547196624
925 1.3010299956639813
926 1.0
929 1.6020599913279625
967 1.0
995 1.0
1002 1.0
1006 1.4771212547196624
1020 1.6989700043360187
1025 1.4771212547196624
1035 1.6020599913279625
1038 1.0
1056 1.0
1091 1.4771212547196624
1124 1.7781512503836436
1156 1.0
1161 1.0
1162 1.845098040014257
1167 1.3010299956639813
1177 1.3010299956639813
1180 1.3010299956639813
1183 1.4771212547196624
1196 1.4771212547196624
1198 1.6989700043360187
1207 1.4771212547196624
1225 1.0
1262 1.0
1267 1.7781512503836436
1269 1.6989700043360187
1282 1.0
1287 1.0
1290 1.0
1298 1.3010299956639813
1300 1.9030899869919435
1309 1.4771212547196624
