1 1.0
2 1.0
3 1.3010299956639813
7 1.0
12 1.0
13 1.0
15 1.0
21 1.0
34 1.0
37 1.0
41 1.4771212547196624
43 1.0
54 1.0
56 1.3010299956639813
61 1.0
63 1.0
64 1.0
77 1.0
90 1.0
94 1.3010299956639813
97 1.0
103 1.0
109 1.3010299956639813
111 1.3010299956639813
119 1.0
126 1.3010299956639813
132 1.0
153 1.0
158 1.0
163 1.0
168 1.0
176 1.4771212547196624
180 1.0
181 1.0
183 1.0
189 1.3010299956639813
190 1.0
192 1.3010299956639813
202 1.0
210 1.0
211 1.0
217 1.0
222 1.0
223 1.0
226 1.0
229 1.0
231 1.3010299956639813
236 1.6020599913279625
237 1.0
243 1.0
253 1.0
259 1.0
263 1.6989700043360187
265 1.4771212547196624
267 1.0
268 1.0
269 1.0
270 1.0
271 1.0
273 1.0
276 1.0
280 1.0
284 1.3010299956639813
290 1.3010299956639813
303 1.3010299956639813
314 1.0
317 1.0
319 1.0
324 1.3010299956639813
326 1.0
327 1.0
340 1.0
344 1.3010299956639813
349 1.3010299956639813
354 1.3010299956639813
359 1.3010299956639813
361 1.0
365 1.3010299956639813
379 1.0
380 1.0
394 1.0
400 1.0
406 1.0
409 1.0
410 1.0
411 1.0
412 1.0
418 1.0
420 1.0
423 1.3010299956639813
425 1.0
429 1.0
440 1.3010299956639813
452 1.0
453 1.0
457 1.0
464 1.0
467 1.3010299956639813
470 1.0
474 1.3010299956639813
475 1.0
479 1.0
480 1.0
481 1.0
487 1.0
489 1.0
490 1.0
493 1.0
504 1.0
509 1.3010299956639813
521 1.3010299956639813
524 1.0
528 1.0
538 1.3010299956639813
554 1.0
566 1.0
568 1.0
569 1.0
572 1.0
579 1.3010299956639813
592 1.0
605 1.0
606 1.0
613 1.0
620 1.3010299956639813
622 1.0
624 1.3010299956639813
626 1.0
631 1.0
637 1.6020599913279625
639 1.0
645 1.3010299956639813
647 1.0
656 1.3010299956639813
658 1.0
659 1.0
665 1.3010299956639813
669 1.0
670 1.3010299956639813
671 1.0
673 1.3010299956639813
676 1.6020599913279625
677 1.0
679 1.3010299956639813
686 1.0
687 1.3010299956639813
695 1.3010299956639813
697 1.0
704 1.0
705 1.4771212547196624
706 1.3010299956639813
708 1.0
710 1.0
714 1.4771212547196624
716 1.0
721 1.0
723 1.0
729 1.3010299956639813
731 1.0
742 1.0
750 1.3010299956639813
768 1.0
769 1.0
771 1.0
781 1.0
783 1.6020599913279625
788 1.0
815 1.0
820 1.0
826 1.0
838 1.0
850 1.0
868 1.4771212547196624
869 1.4771212547196624
870 1.3010299956639813
872 1.0
874 1.0
893 1.0
897 1.0
898 1.4771212547196624
906 1.3010299956639813
915 1.3010299956639813
924 1.0
929 1.0
932 1.0
935 1.0
938 1.3010299956639813
1006 1.0
1008 1.0
1009 1.0
1010 1.0
1018 1.3010299956639813
1019 1.0
1023 1.0
1030 1.0
1033 1.0
1035 1.4771212547196624
1047 1.0
1048 1.4771212547196624
1049 1.4771212547196624
1050 1.0
1051 1.0
1054 1.0
1062 1.0
1069 1.4771212547196624
1093 1.3010299956639813
1098 1.0
1100 1.0
1107 1.3010299956639813
1111 1.0
1112 1.0
1113 1.3010299956639813
1117 1.4771212547196624
1118 1.4771212547196624
1127 1.4771212547196624
1128 1.4771212547196624
1129 1.845098040014257
1130 1.845098040014257
1131 1.0
1132 1.0
1140 1.0
1145 1.0
1146 1.0
1149 1.0
1150 1.0
1151 1.0
1173 1.3010299956639813
1198 1.3010299956639813
1200 1.0
1202 1.0
1210 1.0
1218 1.3010299956639813
1220 1.0
1227 1.0
1230 1.0
1234 1.0
1235 1.0
1238 1.0
1240 1.0
1242 1.0
1253 1.0
1254 1.4771212547196624
1263 1.0
1265 1.0
1266 1.0
1271 1.0
1273 1.0
1284 1.4771212547196624
1292 1.0
1302 1.0
1308 1.0
1309 1.0
1314 1.0
1315 1.0
1323 1.0
