3 1.3010299956639813
19 1.0
29 1.3010299956639813
36 1.0
37 1.3010299956639813
39 1.6020599913279625
41 1.0
42 1.0
43 1.0
48 1.0
50 1.4771212547196624
59 1.3010299956639813
60 1.3010299956639813
65 1.0
67 1.3010299956639813
68 1.0
71 1.6989700043360187
75 1.4771212547196624
79 1.0
84 1.6020599913279625
88 1.0
89 1.0
90 1.0
91 1.4771212547196624
93 1.7781512503836436
103 1.0
107 1.0
108 1.0
111 1.0
118 1.3010299956639813
122 1.0
128 1.6020599913279625
136 1.0
144 1.4771212547196624
147 1.0
149 1.3010299956639813
156 1.0
165 1.0
166 1.0
171 1.0
173 1.3010299956639813
175 1.0
176 1.0
183 1.0
194 1.0
196 1.0
208 1.0
211 1.0
213 1.0
217 1.4771212547196624
219 1.0
220 1.4771212547196624
222 1.6020599913279625
223 1.0
225 1.3010299956639813
229 1.0
231 1.4771212547196624
233 1.0
236 1.3010299956639813
237 1.0
238 1.0
243 1.4771212547196624
246 1.0
249 1.3010299956639813
261 1.0
263 1.6989700043360187
268 1.0
271 1.0
274 1.0
276 1.4771212547196624
277 1.0
278 1.0
289 1.3010299956639813
291 1.0
297 1.3010299956639813
300 1.4771212547196624
301 1.0
308 1.0
310 1.0
314 1.6989700043360187
319 1.4771212547196624
323 1.3010299956639813
327 1.0
330 1.0
333 1.0
341 1.0
344 1.0
347 1.0
351 1.3010299956639813
352 1.6989700043360187
362 1.0
369 1.0
392 1.0
393 1.0
394 1.0
401 1.0
403 1.3010299956639813
409 1.3010299956639813
412 1.0
427 1.6020599913279625
431 1.6020599913279625
434 1.0
436 1.6020599913279625
440 1.0
446 1.3010299956639813
448 1.3010299956639813
449 1.0
455 1.0
457 1.0
478 1.0
479 1.4771212547196624
484 1.3010299956639813
485 1.4771212547196624
487 1.0
491 1.4771212547196624
492 1.6020599913279625
493 1.6989700043360187
497 1.0
501 1.0
504 1.0
506 1.3010299956639813
509 1.4771212547196624
510 1.3010299956639813
520 1.3010299956639813
521 1.0
525 1.3010299956639813
527 1.0
533 1.0
538 1.6989700043360187
542 1.0
546 1.3010299956639813
547 1.3010299956639813
550 1.0
551 1.0
552 1.0
557 1.0
572 1.0
575 1.3010299956639813
582 1.0
583 1.0
586 1.0
588 1.6989700043360187
592 1.0
593 1.0
601 1.0
611 1.0
616 1.0
622 1.6020599913279625
624 2.079181246047625
626 1.6020599913279625
627 1.6020599913279625
631 1.0
638 1.0
642 1.0
643 1.6989700043360187
644 1.845098040014257
645 1.845098040014257
646 1.0
651 1.0
654 1.0
657 2.146128035678238
658 1.6989700043360187
659 1.6989700043360187
660 1.0
661 1.9030899869919435
662 1.4771212547196624
665 1.0
668 1.0
677 1.0
681 1.0
682 1.0
686 1.0
693 1.0
694 1.6989700043360187
695 1.4771212547196624
706 2.0
710 1.0
720 1.0
721 1.0
722 1.3010299956639813
739 1.3010299956639813
741 1.3010299956639813
742 1.4771212547196624
746 1.3010299956639813
747 1.4771212547196624
748 1.4771212547196624
749 2.0
753 1.0
754 2.278753600952829
755 2.255272505103306
756 1.6020599913279625
757 1.4771212547196624
758 1.6020599913279625
759 1.3010299956639813
761 1.4771212547196624
762 1.0
781 1.0
786 1.0
788 1.3010299956639813
789 1.0
794 1.0
795 1.6020599913279625
810 1.0
812 1.0
813 1.6989700043360187
814 2.079181246047625
815 1.6020599913279625
819 1.0
821 1.0
822 1.0
824 1.0
825 1.0
826 1.0
831 1.0
837 1.0
842 1.0
843 1.0
845 1.6989700043360187
851 2.3010299956639813
854 1.3010299956639813
864 1.6020599913279625
876 1.0
885 1.6020599913279625
893 1.7781512503836436
895 1.7781512503836436
901 1.845098040014257
905 1.3010299956639813
906 1.4771212547196624
907 1.4771212547196624
908 1.7781512503836436
914 1.3010299956639813
918 1.4771212547196624
935 1.0
938 1.0
941 1.0
943 1.0
944 1.0
953 1.0
973 1.3010299956639813
982 1.4771212547196624
986 1.0
988 1.0
996 1.3010299956639813
1006 1.0
1008 1.0
1010 1.6989700043360187
1013 1.0
1019 1.0
1020 1.6020599913279625
1031 1.3010299956639813
1042 1.6020599913279625
1045 1.3010299956639813
1053 1.0
1062 1.9030899869919435
1064 2.0413926851582254
1065 2.0413926851582254
1066 1.3010299956639813
1068 1.6989700043360187
1070 1.3010299956639813
1071 1.6989700043360187
1072 1.0
1073 1.6989700043360187
1077 1.7781512503836436
1081 1.0
1083 1.4771212547196624
1084 1.0
1085 2.0413926851582254
1087 1.3010299956639813
1088 1.0
1089 2.0413926851582254
1096 1.3010299956639813
1099 1.0
1102 1.0
1104 1.4771212547196624
1107 1.3010299956639813
1108 1.3010299956639813
1110 1.0
1111 1.0
1112 1.0
1114 1.0
1115 1.0
1116 1.0
1121 1.6989700043360187
1122 1.6989700043360187
1123 1.845098040014257
1124 1.6989700043360187
1125 1.0
1131 1.3010299956639813
1132 1.3010299956639813
1139 1.3010299956639813
1140 1.3010299956639813
1153 1.6020599913279625
1160 1.0
1162 1.3010299956639813
1163 1.0
1172 1.0
1173 1.0
1174 1.0
1182 1.3010299956639813
1183 1.0
1190 1.0
1194 1.0
1198 1.0
1199 1.7781512503836436
1203 1.0
1204 1.9542425094393248
1207 1.3010299956639813
1210 1.0
1211 1.0
1212 1.0
1213 1.6989700043360187
1214 1.3010299956639813
1219 1.6020599913279625
1221 1.9030899869919435
1222 2.0
1226 1.0
1228 1.0
1237 1.0
1238 1.4771212547196624
1243 1.0
1244 1.7781512503836436
1246 1.0
1247 1.0
1252 1.3010299956639813
1253 1.0
1257 1.0
1259 1.3010299956639813
1269 1.0
1277 1.0
1279 1.4771212547196624
1280 1.0
1281 1.0
1283 1.0
1284 1.0
1285 1.0
1286 1.0
1293 1.3010299956639813
1301 1.3010299956639813
1304 1.0
1309 1.0
1310 1.0
1318 1.0
1320 1.0
