5 1.9030899869919435
20 1.3010299956639813
77 2.380211241711606
82 1.7781512503836436
86 2.230448921378274
88 2.230448921378274
109 1.3010299956639813
127 2.146128035678238
142 2.079181246047625
150 1.0
162 1.7781512503836436
189 2.079181246047625
192 1.9030899869919435
236 1.845098040014257
237 1.3010299956639813
239 1.3010299956639813
299 1.6989700043360187
315 2.0
318 2.0
339 1.6020599913279625
341 2.4471580313422194
350 1.7781512503836436
383 1.9030899869919435
411 2.0413926851582254
630 1.4771212547196624
676 1.0
696 1.0
871 1.6989700043360187
1026 1.0
