4 1.0
5 1.4771212547196624
9 1.0
11 1.0
12 1.4771212547196624
13 1.3010299956639813
14 1.0
15 1.845098040014257
16 1.3010299956639813
17 2.414973347970818
20 1.4771212547196624
21 1.6989700043360187
25 1.0
36 1.7781512503836436
38 1.3010299956639813
41 1.0
42 1.3010299956639813
45 1.7781512503836436
47 1.3010299956639813
51 1.0
52 1.3010299956639813
58 1.845098040014257
62 1.0
63 1.7781512503836436
65 1.3010299956639813
69 2.0
74 1.0
75 1.3010299956639813
77 1.6020599913279625
81 1.0
82 1.0
86 1.3010299956639813
88 1.0
93 1.0
94 1.6989700043360187
95 1.4771212547196624
96 1.4771212547196624
97 1.3010299956639813
98 2.146128035678238
100 1.3010299956639813
101 1.0
103 1.0
107 1.4771212547196624
109 1.3010299956639813
110 1.4771212547196624
111 1.6989700043360187
112 1.9030899869919435
117 2.255272505103306
126 1.6020599913279625
127 1.4771212547196624
130 1.0
132 1.3010299956639813
134 1.3010299956639813
139 1.3010299956639813
140 1.0
142 1.3010299956639813
145 1.4771212547196624
146 1.3010299956639813
148 1.3010299956639813
150 1.0
153 1.6020599913279625
154 1.0
157 1.3010299956639813
166 1.4771212547196624
170 1.0
176 1.0
178 1.0
185 1.0
189 1.845098040014257
192 2.0413926851582254
195 1.6989700043360187
197 1.845098040014257
200 1.845098040014257
201 1.9542425094393248
236 1.4771212547196624
237 1.4771212547196624
251 2.113943352306837
252 1.0
254 1.9030899869919435
258 1.4771212547196624
261 1.0
263 2.1760912590556813
267 1.3010299956639813
268 1.3010299956639813
275 1.3010299956639813
276 1.0
280 1.0
284 1.9030899869919435
285 1.0
288 1.4771212547196624
291 2.230448921378274
292 1.6020599913279625
296 1.0
299 1.4771212547196624
303 1.4771212547196624
306 1.3010299956639813
317 1.0
318 1.3010299956639813
322 2.0
325 1.0
326 1.0
328 1.0
329 1.0
334 1.0
337 1.3010299956639813
339 1.3010299956639813
341 1.6989700043360187
344 1.845098040014257
349 2.414973347970818
350 1.4771212547196624
353 1.6020599913279625
362 1.3010299956639813
363 1.6020599913279625
364 1.0
367 1.6020599913279625
368 2.361727836017593
369 1.4771212547196624
371 1.6020599913279625
375 1.4771212547196624
378 1.3010299956639813
381 1.4771212547196624
383 1.0
389 1.0
391 2.0413926851582254
396 1.4771212547196624
397 1.4771212547196624
400 2.568201724066995
401 1.3010299956639813
404 1.3010299956639813
406 1.9030899869919435
407 1.0
408 1.0
410 1.3010299956639813
411 1.4771212547196624
415 1.3010299956639813
419 1.3010299956639813
420 1.0
422 1.4771212547196624
429 1.0
442 1.4771212547196624
443 1.0
444 1.0
461 1.0
465 1.3010299956639813
482 1.0
497 1.845098040014257
499 1.0
507 1.7781512503836436
508 1.4771212547196624
511 1.0
513 1.0
514 1.0
518 1.9030899869919435
525 1.0
531 1.0
554 1.3010299956639813
577 1.0
588 1.6020599913279625
593 1.0
595 1.6020599913279625
599 1.0
602 1.0
603 1.0
604 1.0
612 1.0
630 1.0
656 1.0
664 1.4771212547196624
671 1.6020599913279625
676 1.845098040014257
677 1.3010299956639813
682 1.7781512503836436
687 1.845098040014257
688 1.0
689 1.9030899869919435
690 1.4771212547196624
694 1.4771212547196624
696 1.6020599913279625
697 1.0
703 1.3010299956639813
704 1.9542425094393248
705 1.4771212547196624
715 1.3010299956639813
717 1.0
723 1.3010299956639813
724 2.146128035678238
725 1.3010299956639813
727 1.0
729 1.6020599913279625
731 1.0
732 1.0
740 1.6989700043360187
743 1.0
748 1.0
750 1.0
755 1.4771212547196624
764 1.0
765 1.0
771 1.6989700043360187
773 1.0
781 1.0
782 1.0
787 1.3010299956639813
790 1.0
793 1.0
794 1.6020599913279625
824 1.3010299956639813
825 1.3010299956639813
826 1.3010299956639813
836 1.0
841 1.0
848 1.0
850 1.4771212547196624
854 1.0
856 1.0
862 2.079181246047625
863 1.3010299956639813
866 1.0
868 2.079181246047625
869 2.079181246047625
871 1.4771212547196624
872 1.0
874 1.6989700043360187
883 1.0
889 1.4771212547196624
890 1.4771212547196624
893 1.4771212547196624
895 1.0
901 1.3010299956639813
902 1.0
903 1.845098040014257
917 1.0
924 1.0
927 1.0
929 1.0
941 1.3010299956639813
950 1.0
963 1.0
990 1.6989700043360187
1015 1.0
1016 1.4771212547196624
1019 1.7781512503836436
1020 1.845098040014257
1021 1.4771212547196624
1022 1.0
1023 1.4771212547196624
1026 2.079181246047625
1027 1.6020599913279625
1028 1.3010299956639813
1030 1.0
1048 1.0
1049 1.0
1052 1.3010299956639813
1054 1.4771212547196624
1055 1.6989700043360187
1057 1.0
1058 1.0
1071 1.0
1093 1.0
1095 1.9542425094393248
1096 1.845098040014257
1097 1.3010299956639813
1114 1.0
1115 1.0
1116 1.0
1117 1.0
1118 1.0
1125 1.3010299956639813
1127 1.7781512503836436
1128 1.7781512503836436
1129 1.6020599913279625
1130 1.6020599913279625
1140 1.3010299956639813
1150 1.3010299956639813
1151 1.0
1153 1.4771212547196624
1155 1.0
1158 1.0
1160 1.845098040014257
1162 1.0
1173 1.0
1174 1.4771212547196624
1176 2.0
1179 1.3010299956639813
1198 1.4771212547196624
1225 1.0
1227 1.0
1228 1.0
1233 1.7781512503836436
1260 1.0
1266 1.0
1268 1.4771212547196624
1277 1.0
