2 1.0
5 1.3010299956639813
18 1.3010299956639813
21 1.6989700043360187
42 1.4771212547196624
47 1.3010299956639813
49 1.3010299956639813
56 1.0
61 1.3010299956639813
67 1.0
70 1.3010299956639813
74 1.3010299956639813
77 1.0
81 1.0
82 1.3010299956639813
106 1.3010299956639813
107 1.0
131 1.0
140 1.0
141 1.0
144 1.4771212547196624
155 1.0
157 1.0
163 1.0
170 1.0
175 1.3010299956639813
185 1.3010299956639813
196 1.0
202 1.3010299956639813
218 1.0
229 1.3010299956639813
230 1.0
234 1.3010299956639813
235 1.0
246 1.0
262 1.4771212547196624
270 1.0
274 1.0
293 1.3010299956639813
300 1.0
305 1.0
307 1.9542425094393248
310 1.0
312 1.0
314 1.0
316 1.0
319 2.113943352306837
334 1.0
340 1.0
344 1.0
353 1.0
364 1.0
377 1.0
384 1.0
391 1.0
394 1.0
399 1.3010299956639813
409 1.0
415 1.0
420 1.0
429 1.0
442 1.0
471 1.0
496 1.0
515 1.0
525 1.3010299956639813
542 1.3010299956639813
550 1.0
554 1.0
559 1.0
568 2.342422680822206
569 2.342422680822206
570 1.845098040014257
573 1.0
574 1.0
587 1.0
596 1.0
602 1.0
603 1.0
609 1.3010299956639813
614 1.0
633 1.0
637 1.4771212547196624
639 1.3010299956639813
640 1.0
644 1.0
645 1.0
654 1.0
657 1.0
664 1.0
669 1.3010299956639813
670 1.0
671 1.3010299956639813
694 1.0
700 1.0
706 1.3010299956639813
723 1.0
727 1.0
749 1.0
756 1.0
771 1.7781512503836436
781 1.0
796 1.0
847 1.0
848 1.0
861 1.0
864 1.0
874 1.3010299956639813
881 1.0
883 1.0
902 1.0
908 1.0
918 1.0
978 1.0
1020 1.3010299956639813
1028 1.0
1029 1.0
1034 1.0
1041 1.3010299956639813
1047 1.0
1065 1.4771212547196624
1068 1.3010299956639813
1072 1.3010299956639813
1092 1.0
1095 1.0
1103 1.0
1104 1.0
1122 1.0
1124 1.4771212547196624
1129 1.3010299956639813
1130 1.3010299956639813
1145 1.0
1146 1.0
1162 1.0
1165 1.0
1170 1.0
1177 1.6020599913279625
1181 1.6020599913279625
1182 1.3010299956639813
1183 1.0
1190 1.9030899869919435
1197 1.3010299956639813
1198 1.0
1206 1.0
1219 1.0
1227 1.0
1228 1.4771212547196624
1238 1.0
1241 1.0
1242 1.3010299956639813
1264 1.9030899869919435
1265 1.0
1266 1.0
1277 1.4771212547196624
1279 2.0
1294 1.0
1301 1.0
1304 1.0
1306 1.3010299956639813
1307 1.4771212547196624
1314 1.3010299956639813
