28 1.0
34 1.0
61 1.0
246 1.0
351 1.3010299956639813
374 1.0
392 1.0
402 1.0
420 1.3010299956639813
421 1.0
428 1.0
434 1.0
453 1.0
487 1.0
493 1.0
540 1.4771212547196624
568 1.0
569 1.0
645 1.0
682 1.0
707 1.0
731 1.0
742 1.3010299956639813
748 1.3010299956639813
754 1.3010299956639813
765 1.0
768 1.0
824 1.0
825 1.0
827 1.0
839 1.0
840 1.0
851 1.0
914 1.0
924 1.0
941 1.0
959 1.0
989 1.0
1040 1.0
1059 1.0
1068 1.0
1070 1.0
1119 1.3010299956639813
1120 1.3010299956639813
1199 1.0
1210 1.0
1221 1.0
1226 1.3010299956639813
1268 1.0
1293 1.0
1316 1.0
