2 1.0
3 1.0
7 1.0
27 1.0
48 1.0
51 1.0
57 1.0
69 1.0
100 1.0
118 1.0
121 1.3010299956639813
122 1.0
131 1.0
141 1.0
145 1.0
149 1.0
200 1.0
201 1.0
211 1.0
216 1.0
221 1.0
222 1.0
229 1.0
260 1.3010299956639813
265 1.0
271 1.0
278 1.3010299956639813
316 1.0
322 1.0
337 1.0
349 1.0
379 1.4771212547196624
380 1.0
384 1.0
393 1.0
398 1.0
409 1.0
424 1.0
429 1.3010299956639813
430 1.3010299956639813
434 1.3010299956639813
442 1.3010299956639813
446 1.0
455 1.0
457 1.0
463 1.3010299956639813
466 1.4771212547196624
486 1.0
488 1.0
503 1.0
510 1.0
527 1.0
536 1.0
538 1.3010299956639813
541 1.0
542 1.4771212547196624
548 1.3010299956639813
549 1.0
564 1.0
572 1.0
581 1.0
593 1.0
599 1.0
614 1.0
615 1.0
631 1.0
640 1.0
652 1.0
685 1.3010299956639813
687 1.0
692 1.0
698 1.0
710 1.0
714 1.3010299956639813
716 1.0
718 1.0
719 1.0
720 1.0
724 1.0
742 1.0
743 1.0
745 1.0
757 1.0
765 1.0
781 1.0
790 1.0
815 1.3010299956639813
826 1.0
903 1.0
929 1.0
1007 1.0
1031 1.0
1039 1.3010299956639813
1043 1.3010299956639813
1051 1.0
1071 1.0
1074 1.0
1075 1.0
1082 1.0
1085 1.0
1114 1.0
1124 1.0
1143 1.0
1144 1.0
1145 1.3010299956639813
1146 1.3010299956639813
1147 1.3010299956639813
1148 1.3010299956639813
1174 1.0
1190 1.3010299956639813
1201 1.0
1204 1.0
1221 1.0
1224 1.0
1262 1.0
1271 1.0
1306 1.0
1307 1.0
1308 1.0
1312 1.0
1321 1.0
