15 1.0
61 1.0
121 1.3010299956639813
174 1.0
216 1.0
223 1.0
232 1.0
253 1.0
256 1.3010299956639813
293 1.3010299956639813
310 1.0
318 1.0
361 1.0
362 1.4771212547196624
386 1.0
402 1.0
403 1.0
417 1.4771212547196624
444 1.0
479 1.0
496 1.0
518 1.0
547 1.0
550 1.0
558 1.0
567 1.0
577 1.0
587 1.0
589 1.0
611 1.0
615 1.4771212547196624
639 1.3010299956639813
664 1.0
688 1.0
695 1.0
742 1.0
761 1.0
769 1.0
839 1.0
840 1.0
861 1.0
867 1.3010299956639813
872 1.0
878 1.0
895 1.3010299956639813
897 1.0
914 1.0
1019 1.0
1040 1.0
1054 1.0
1065 1.4771212547196624
1068 1.0
1080 1.0
1105 1.0
1106 1.0
1285 1.0
1292 1.0
1302 1.3010299956639813
1313 1.0
1320 1.3010299956639813
1324 1.0
