7 1.3010299956639813
11 1.6989700043360187
13 1.3010299956639813
26 1.3010299956639813
31 1.0
32 1.3010299956639813
33 1.0
46 1.0
61 1.0
116 1.0
123 1.0
124 1.0
171 1.0
200 1.0
201 1.0
211 1.0
273 1.3010299956639813
274 1.0
280 1.0
289 1.0
306 1.0
307 1.0
310 1.3010299956639813
316 1.0
329 1.0
349 1.0
374 1.6989700043360187
379 1.4771212547196624
388 1.0
392 1.3010299956639813
402 1.3010299956639813
420 1.0
424 1.0
431 1.0
434 1.0
440 1.0
449 1.3010299956639813
453 1.0
456 1.0
506 1.3010299956639813
537 1.0
540 1.0
541 1.3010299956639813
566 1.0
657 1.0
668 1.0
677 1.0
690 1.0
694 1.0
715 1.3010299956639813
721 1.0
743 1.0
750 1.3010299956639813
754 1.0
761 1.0
765 1.0
795 1.0
824 1.0
825 1.0
845 1.6020599913279625
848 1.0
849 1.0
851 1.7781512503836436
872 1.0
878 1.0
893 1.0
901 1.0
903 1.0
914 1.0
915 1.0
943 1.0
944 1.0
1014 1.0
1068 1.0
1070 1.0
1072 1.0
1086 1.0
1113 1.6020599913279625
1167 1.3010299956639813
1170 1.4771212547196624
1183 1.0
1210 1.0
1221 1.0
1222 1.0
1225 1.0
1226 1.0
1240 1.0
1290 1.0
1302 1.3010299956639813
1324 1.3010299956639813
