21 1.6020599913279625
30 1.3010299956639813
32 1.3010299956639813
33 1.0
38 1.3010299956639813
44 1.0
45 1.4771212547196624
50 1.0
61 1.3010299956639813
62 1.0
65 1.3010299956639813
68 1.0
69 1.7781512503836436
71 1.6020599913279625
72 1.3010299956639813
73 1.6020599913279625
74 1.7781512503836436
75 1.4771212547196624
80 1.0
81 1.3010299956639813
87 1.3010299956639813
88 1.3010299956639813
92 1.3010299956639813
93 1.4771212547196624
100 1.4771212547196624
101 1.0
102 1.0
103 1.0
104 1.0
107 1.7781512503836436
108 1.0
110 1.4771212547196624
111 1.9542425094393248
113 1.6989700043360187
114 1.6989700043360187
116 1.9030899869919435
121 1.4771212547196624
128 1.0
132 1.6989700043360187
139 1.0
143 1.0
145 1.0
152 1.0
157 1.3010299956639813
163 1.7781512503836436
165 1.0
177 1.0
180 1.0
181 1.0
184 1.0
185 1.4771212547196624
186 1.0
187 1.3010299956639813
189 1.0
190 1.0
191 1.3010299956639813
195 1.4771212547196624
199 1.3010299956639813
207 1.6989700043360187
208 1.3010299956639813
220 1.0
227 1.0
228 1.0
230 1.9030899869919435
236 1.3010299956639813
237 1.0
239 1.0
243 1.0
245 1.0
251 1.4771212547196624
256 1.4771212547196624
258 1.7781512503836436
261 1.3010299956639813
262 1.0
266 1.0
270 1.3010299956639813
272 1.0
273 1.0
274 1.4771212547196624
276 1.3010299956639813
277 1.0
281 1.0
282 1.0
283 1.0
284 1.3010299956639813
285 1.0
289 1.0
295 1.0
296 1.0
297 1.3010299956639813
301 1.0
302 1.3010299956639813
305 1.3010299956639813
306 1.4771212547196624
307 1.6020599913279625
309 1.0
311 1.0
314 1.0
316 1.0
319 1.9030899869919435
323 1.6020599913279625
325 1.0
327 1.0
329 1.6020599913279625
331 1.0
332 1.3010299956639813
334 1.4771212547196624
336 1.0
342 1.0
343 1.0
346 1.9542425094393248
347 1.3010299956639813
348 1.3010299956639813
350 1.6020599913279625
351 1.3010299956639813
352 1.0
354 1.9542425094393248
355 1.7781512503836436
361 1.6020599913279625
362 1.4771212547196624
365 1.0
368 1.3010299956639813
369 1.0
373 1.0
375 1.0
378 1.0
379 1.0
388 1.0
400 1.0
401 1.3010299956639813
404 1.0
408 1.3010299956639813
409 1.3010299956639813
420 1.7781512503836436
422 1.0
424 1.6020599913279625
435 1.0
438 1.3010299956639813
443 1.0
445 1.3010299956639813
449 1.6989700043360187
455 1.0
474 2.146128035678238
482 1.845098040014257
497 1.0
499 2.146128035678238
506 1.0
511 1.0
517 1.0
518 1.3010299956639813
522 1.0
529 1.0
537 2.146128035678238
541 1.0
545 1.3010299956639813
550 1.0
555 1.4771212547196624
556 1.3010299956639813
557 1.4771212547196624
558 1.0
559 1.0
561 1.0
565 1.9030899869919435
567 1.845098040014257
571 1.6020599913279625
575 1.3010299956639813
577 1.4771212547196624
579 1.4771212547196624
584 1.0
585 1.0
586 1.7781512503836436
587 1.0
589 1.845098040014257
592 1.3010299956639813
593 1.0
594 1.4771212547196624
595 1.6020599913279625
596 1.6020599913279625
602 1.4771212547196624
603 1.4771212547196624
607 1.3010299956639813
609 1.0
610 1.4771212547196624
615 1.4771212547196624
617 1.0
620 1.0
622 1.4771212547196624
628 1.0
632 1.0
640 2.0413926851582254
641 1.3010299956639813
651 1.0
652 1.0
656 1.845098040014257
657 1.0
658 1.0
664 1.3010299956639813
669 2.342422680822206
670 1.3010299956639813
671 1.6020599913279625
672 1.0
677 1.0
680 1.0
688 1.3010299956639813
690 1.0
695 1.6020599913279625
696 1.3010299956639813
697 1.6020599913279625
698 1.0
703 1.0
704 1.0
706 1.0
715 1.3010299956639813
725 1.0
727 1.0
730 1.0
736 1.6989700043360187
737 1.3010299956639813
740 1.0
743 1.0
749 1.0
756 1.845098040014257
760 1.0
761 1.9030899869919435
764 1.0
765 1.0
769 1.7781512503836436
770 1.3010299956639813
772 1.3010299956639813
776 1.6020599913279625
781 1.0
783 1.0
784 1.0
785 1.0
789 1.0
793 1.0
794 1.0
797 1.0
802 1.3010299956639813
803 1.3010299956639813
804 1.0
807 1.0
809 2.0
812 1.0
819 1.3010299956639813
820 1.0
824 1.4771212547196624
825 1.4771212547196624
828 1.0
832 1.3010299956639813
833 1.3010299956639813
838 1.0
839 1.4771212547196624
840 1.4771212547196624
847 1.0
849 1.3010299956639813
850 1.3010299956639813
851 1.0
855 1.0
856 1.0
858 1.9542425094393248
859 1.4771212547196624
865 1.4771212547196624
867 1.4771212547196624
872 1.0
878 1.845098040014257
880 1.3010299956639813
882 1.0
885 1.0
886 1.3010299956639813
888 1.4771212547196624
889 1.0
890 1.0
893 1.0
897 2.0
898 1.0
899 1.0
900 1.0
901 1.0
903 1.3010299956639813
904 1.0
911 1.0
922 1.3010299956639813
925 1.3010299956639813
926 1.0
929 1.3010299956639813
932 1.0
940 1.0
941 1.4771212547196624
943 1.4771212547196624
944 1.4771212547196624
945 1.4771212547196624
948 1.0
950 1.0
954 1.0
958 1.0
963 1.4771212547196624
964 1.0
968 1.3010299956639813
974 1.0
978 1.6989700043360187
979 1.7781512503836436
980 1.3010299956639813
981 1.3010299956639813
982 1.0
984 1.6989700043360187
985 1.0
986 1.3010299956639813
988 1.9542425094393248
989 1.4771212547196624
990 1.845098040014257
991 1.0
995 1.0
996 1.4771212547196624
1002 1.0
1003 1.0
1005 1.0
1006 2.146128035678238
1007 1.3010299956639813
1009 1.3010299956639813
1020 1.9542425094393248
1021 1.0
1027 1.6020599913279625
1029 1.0
1031 1.0
1032 1.0
1035 1.0
1036 1.0
1041 1.0
1052 1.0
1053 1.4771212547196624
1054 1.3010299956639813
1056 1.0
1060 1.4771212547196624
1061 1.3010299956639813
1062 1.3010299956639813
1068 1.4771212547196624
1069 1.0
1072 1.3010299956639813
1073 1.0
1074 1.0
1075 1.0
1080 1.0
1081 1.4771212547196624
1086 1.0
1091 1.0
1096 1.6020599913279625
1098 1.0
1099 1.4771212547196624
1104 1.0
1117 1.4771212547196624
1118 1.4771212547196624
1119 1.3010299956639813
1123 1.3010299956639813
1127 1.0
1128 1.0
1129 1.7781512503836436
1130 1.7781512503836436
1139 1.3010299956639813
1140 1.4771212547196624
1149 1.6989700043360187
1150 1.6989700043360187
1151 1.6989700043360187
1152 1.4771212547196624
1153 1.4771212547196624
1155 1.3010299956639813
1156 1.0
1159 1.9542425094393248
1160 1.0
1161 1.0
1165 1.6020599913279625
1168 1.0
1183 1.0
1193 1.0
1198 1.0
1202 1.3010299956639813
1205 1.0
1206 1.0
1208 1.0
1215 1.3010299956639813
1219 1.0
1227 1.4771212547196624
1228 1.7781512503836436
1231 1.3010299956639813
1232 1.3010299956639813
1235 1.9542425094393248
1237 1.0
1238 1.7781512503836436
1239 1.0
1240 1.3010299956639813
1241 1.3010299956639813
1244 1.0
1247 1.3010299956639813
1253 1.0
1254 1.0
1255 1.0
1265 1.0
1266 1.845098040014257
1267 1.0
1270 1.0
1271 1.0
1273 1.0
1277 2.0413926851582254
1283 1.4771212547196624
1285 1.0
1302 1.0
1305 1.0
1318 1.0
