5 1.6020599913279625
9 1.4771212547196624
12 1.0
13 1.0
21 1.0
34 1.0
43 1.0
70 1.4771212547196624
81 1.0
82 1.3010299956639813
93 1.7781512503836436
113 1.0
114 1.0
129 1.0
143 1.4771212547196624
150 1.0
155 1.0
165 1.0
208 1.0
234 1.0
265 1.0
273 1.0
274 1.6989700043360187
281 1.0
289 1.0
311 1.4771212547196624
316 1.0
329 1.3010299956639813
330 1.0
337 1.0
344 1.4771212547196624
349 1.3010299956639813
364 1.0
372 1.4771212547196624
379 1.3010299956639813
386 1.0
410 1.3010299956639813
442 1.4771212547196624
459 1.0
463 1.0
498 1.0
513 1.0
518 1.0
577 1.0
580 1.0
592 1.0
611 1.0
615 1.0
617 1.0
630 1.0
640 1.0
641 1.0
644 1.0
652 1.6020599913279625
680 1.3010299956639813
690 1.0
709 1.0
738 1.0
787 1.0
789 1.0
797 1.0
798 1.3010299956639813
802 1.4771212547196624
803 1.4771212547196624
806 1.6020599913279625
824 1.0
825 1.0
838 1.0
843 1.0
847 1.9030899869919435
861 1.0
870 1.4771212547196624
886 1.3010299956639813
897 1.6020599913279625
901 1.0
921 1.3010299956639813
926 1.4771212547196624
935 1.3010299956639813
941 1.3010299956639813
943 1.0
944 1.0
954 1.3010299956639813
970 1.0
984 1.4771212547196624
989 1.6020599913279625
993 1.0
999 1.3010299956639813
1027 1.3010299956639813
1065 1.0
1102 1.3010299956639813
1161 1.6020599913279625
1168 1.0
1169 1.0
1180 1.0
1182 1.0
1183 1.6020599913279625
1210 1.0
1281 1.4771212547196624
1285 1.0
1290 1.0
1311 1.0
1318 1.4771212547196624
