5 1.6020599913279625
11 1.0
18 1.0
24 1.0
32 1.0
33 1.7781512503836436
45 1.0
56 1.6020599913279625
57 1.3010299956639813
64 1.0
73 1.3010299956639813
74 1.3010299956639813
93 1.0
107 1.3010299956639813
116 1.6020599913279625
119 1.3010299956639813
132 1.0
135 1.3010299956639813
136 1.0
138 1.0
184 1.0
185 1.0
222 1.4771212547196624
225 1.0
226 1.0
228 1.4771212547196624
229 1.0
230 1.6020599913279625
234 1.0
238 1.0
243 1.0
247 1.3010299956639813
253 1.0
265 1.0
272 1.3010299956639813
275 1.0
306 1.6020599913279625
310 1.0
312 1.0
316 1.0
329 1.3010299956639813
332 1.0
351 1.0
355 1.9542425094393248
359 1.6020599913279625
379 1.0
380 1.0
393 1.3010299956639813
400 1.3010299956639813
408 1.4771212547196624
409 1.0
420 1.0
424 1.845098040014257
429 1.0
431 1.3010299956639813
482 1.0
498 1.0
541 1.0
546 1.0
551 1.0
561 1.0
571 1.0
580 1.0
592 1.0
596 1.0
601 1.3010299956639813
615 1.0
637 1.0
655 1.0
657 1.0
663 1.0
707 1.4771212547196624
714 1.0
725 1.6989700043360187
731 1.0
736 1.0
739 1.0
755 1.0
761 1.3010299956639813
788 1.0
794 1.0
821 2.0413926851582254
824 1.0
825 1.0
827 1.3010299956639813
849 1.3010299956639813
850 1.0
889 1.0
890 1.0
896 1.0
901 1.0
903 1.0
918 1.0
922 1.3010299956639813
939 1.0
982 1.0
1007 1.3010299956639813
1013 1.0
1020 1.0
1037 1.0
1073 1.6020599913279625
1083 1.4771212547196624
1088 1.0
1090 1.4771212547196624
1104 1.0
1117 1.0
1118 1.0
1119 1.6020599913279625
1170 1.3010299956639813
1177 1.0
1190 1.0
1196 1.0
1209 1.0
1228 1.0
1230 1.3010299956639813
1237 1.0
1266 1.0
1277 1.0
