3 1.0
14 1.0
75 1.0
125 1.0
128 1.4771212547196624
249 1.0
276 1.0
310 1.0
319 1.3010299956639813
330 1.0
422 1.4771212547196624
451 1.3010299956639813
465 1.0
492 1.0
496 1.0
522 1.0
532 1.0
555 1.0
561 1.0
618 1.3010299956639813
669 1.0
681 1.0
789 1.0
795 1.0
802 1.0
803 1.0
814 1.0
831 1.0
896 1.0
918 1.0
926 1.4771212547196624
938 1.3010299956639813
996 1.0
1036 1.0
1065 1.0
1127 1.0
1128 1.0
1129 1.0
1130 1.0
1156 1.0
1162 1.0
1163 1.3010299956639813
1196 1.0
1197 1.0
1204 1.0
1289 1.0
1290 1.0
1311 1.0
