3 1.0
34 1.3010299956639813
41 1.0
50 1.0
83 1.0
90 1.0
91 1.0
93 1.7781512503836436
118 1.3010299956639813
127 1.0
136 1.3010299956639813
158 1.0
184 1.0
185 1.0
209 1.3010299956639813
211 1.0
214 1.0
224 1.0
233 1.0
335 1.0
337 1.0
352 1.0
387 1.3010299956639813
391 1.0
406 1.0
442 1.0
459 1.0
472 1.0
482 1.0
487 1.3010299956639813
495 1.0
510 1.0
530 1.0
534 1.0
535 1.0
540 1.0
565 1.0
652 1.0
653 1.0
658 1.0
682 1.0
748 1.3010299956639813
751 1.0
753 1.0
758 1.0
778 1.6020599913279625
789 1.9542425094393248
794 1.6989700043360187
837 2.1760912590556813
864 1.0
878 1.0
891 1.0
895 1.0
896 1.3010299956639813
912 1.0
915 1.7781512503836436
927 1.0
943 1.0
944 1.0
966 1.0
984 1.0
996 1.3010299956639813
1005 1.0
1013 1.4771212547196624
1014 1.0
1029 1.3010299956639813
1068 1.0
1081 1.0
1090 1.6020599913279625
1104 1.4771212547196624
1120 1.7781512503836436
1140 1.0
1173 1.0
1185 1.0
1195 1.0
1204 1.0
1214 1.6989700043360187
1226 1.0
1228 1.0
1234 1.0
1238 1.0
1259 1.0
1263 1.3010299956639813
1293 1.0
1298 1.0
1313 1.6989700043360187
