1 1.0
3 1.0
34 2.0413926851582254
37 1.0
45 1.0
50 1.3010299956639813
59 1.3010299956639813
60 1.3010299956639813
69 1.0
79 1.0
84 1.0
90 2.0413926851582254
99 1.0
107 1.4771212547196624
115 1.3010299956639813
118 2.113943352306837
123 1.7781512503836436
124 1.7781512503836436
128 1.0
135 1.4771212547196624
136 1.6989700043360187
137 1.3010299956639813
139 1.0
163 1.4771212547196624
193 1.0
230 1.0
234 1.0
237 1.0
247 1.0
261 1.4771212547196624
268 1.3010299956639813
273 1.0
274 1.3010299956639813
277 2.0413926851582254
279 1.0
286 1.0
305 1.3010299956639813
314 1.0
315 1.0
330 1.0
332 1.0
350 1.0
376 1.0
400 1.3010299956639813
411 1.0
422 1.3010299956639813
425 1.0
436 1.0
438 1.3010299956639813
441 1.0
443 1.0
448 1.3010299956639813
456 1.0
459 1.0
479 1.6020599913279625
487 1.4771212547196624
498 1.0
528 1.4771212547196624
568 1.0
569 1.0
571 1.0
580 1.6020599913279625
587 1.0
589 1.0
596 1.4771212547196624
597 1.3010299956639813
598 1.3010299956639813
600 1.0
610 1.0
616 1.0
619 1.0
633 1.0
634 1.0
650 1.0
652 1.0
662 1.6020599913279625
666 1.0
677 1.3010299956639813
682 1.0
688 1.0
689 1.0
692 1.3010299956639813
697 1.0
707 1.4771212547196624
716 1.0
724 1.0
730 1.0
731 1.0
747 1.0
756 1.0
759 1.3010299956639813
764 1.0
779 1.0
789 1.3010299956639813
792 1.6020599913279625
799 1.0
813 1.0
829 1.0
838 1.6020599913279625
839 1.0
840 1.0
847 1.3010299956639813
848 1.6989700043360187
855 1.3010299956639813
886 1.0
895 1.4771212547196624
907 1.0
914 1.0
924 1.0
927 1.0
929 1.3010299956639813
938 1.0
941 1.0
943 1.3010299956639813
944 1.3010299956639813
963 1.0
972 1.0
975 1.0
1000 1.0
1003 1.6989700043360187
1026 1.0
1028 1.0
1030 1.0
1053 1.3010299956639813
1054 1.6020599913279625
1092 1.0
1093 1.0
1104 1.3010299956639813
1140 1.0
1165 1.3010299956639813
1173 1.4771212547196624
1190 1.4771212547196624
1191 1.0
1193 1.0
1195 1.3010299956639813
1201 1.0
1213 2.0
1221 1.0
1227 1.0
1230 1.3010299956639813
1235 1.0
1243 1.6989700043360187
1245 1.7781512503836436
1259 2.0
1266 1.0
1268 1.0
1284 1.0
1293 1.6020599913279625
1308 1.0
1321 1.9030899869919435
