46 1.0
50 1.3010299956639813
77 1.0
100 1.3010299956639813
121 1.0
123 1.0
124 1.0
165 1.0
216 1.0
218 1.0
226 1.0
229 1.0
241 1.0
253 1.0
265 1.0
310 1.4771212547196624
314 1.0
382 1.0
393 1.0
414 1.0
550 1.3010299956639813
557 1.0
567 1.0
584 1.0
585 1.0
645 1.0
651 1.0
659 1.0
665 1.0
676 1.0
679 1.3010299956639813
723 1.0
811 1.0
815 1.0
824 1.0
825 1.0
837 1.0
850 1.0
909 1.0
929 1.3010299956639813
943 1.0
944 1.0
1028 1.0
1038 1.0
1043 1.3010299956639813
1055 1.3010299956639813
1071 1.0
1073 1.0
1079 1.0
1119 1.3010299956639813
1121 1.0
1156 1.3010299956639813
1205 1.3010299956639813
1207 1.0
1214 1.0
1283 1.0
1289 1.0
1310 1.0
1324 1.0
