102 1.0
107 1.0
121 1.3010299956639813
127 1.0
132 1.4771212547196624
142 1.0
157 1.3010299956639813
163 1.3010299956639813
187 1.0
199 1.0
221 1.0
242 1.0
244 1.0
264 1.0
355 1.0
388 1.0
418 1.0
430 1.0
440 1.0
447 1.0
459 1.0
496 1.0
565 1.0
573 1.0
574 1.0
575 1.0
589 1.0
600 1.0
631 1.0
651 1.0
674 1.0
675 1.0
713 1.0
720 1.0
735 1.3010299956639813
739 1.0
745 1.3010299956639813
761 1.0
786 1.0
828 1.0
889 1.0
890 1.0
914 1.0
961 1.4771212547196624
1029 1.3010299956639813
1032 1.0
1044 1.0
1045 1.0
1091 1.0
1105 1.0
1106 1.0
1119 1.0
1149 1.4771212547196624
1150 1.4771212547196624
1161 1.3010299956639813
1165 1.6020599913279625
1277 1.0
1304 1.3010299956639813
1324 1.0
