11 1.0
12 1.0
14 1.0
19 1.0
21 1.0
22 1.6020599913279625
24 1.0
35 1.0
43 1.6020599913279625
47 1.0
53 1.3010299956639813
62 1.0
65 1.0
70 1.3010299956639813
92 1.0
123 1.0
124 1.0
132 1.0
137 1.0
142 1.0
211 1.0
232 1.3010299956639813
234 1.0
279 1.0
289 1.3010299956639813
314 1.0
316 1.3010299956639813
343 1.0
361 1.0
364 1.0
382 1.0
397 1.0
419 1.0
424 1.0
434 1.0
442 1.3010299956639813
449 1.0
473 1.0
488 1.0
497 1.3010299956639813
502 1.0
508 1.0
554 1.3010299956639813
565 1.0
567 1.3010299956639813
577 1.0
578 1.4771212547196624
611 1.0
657 1.0
677 1.0
679 1.0
698 1.0
712 1.0
726 1.0
764 1.0
772 1.0
808 1.0
850 1.0
861 1.0
888 1.0
896 1.0
906 1.0
922 1.0
933 1.0
948 1.0
996 1.3010299956639813
1015 1.0
1016 1.0
1020 1.0
1028 1.0
1043 1.0
1044 1.0
1048 1.0
1049 1.3010299956639813
1052 1.0
1055 1.0
1057 1.0
1058 1.0
1072 1.0
1074 1.0
1075 1.0
1083 1.0
1092 1.0
1095 1.0
1111 1.0
1112 1.0
1127 1.3010299956639813
1128 1.3010299956639813
1129 1.4771212547196624
1130 1.4771212547196624
1135 1.3010299956639813
1136 1.3010299956639813
1149 1.0
1150 1.0
1153 1.0
1155 1.0
1172 1.0
1183 1.3010299956639813
1187 1.3010299956639813
1234 1.0
1266 1.0
1277 1.0
