53 1.0
75 1.0
107 1.3010299956639813
113 1.0
114 1.0
152 1.3010299956639813
157 1.4771212547196624
163 1.0
179 1.0
190 1.0
193 1.3010299956639813
204 1.4771212547196624
230 1.3010299956639813
242 1.0
256 1.9030899869919435
295 1.3010299956639813
302 1.3010299956639813
312 1.0
376 1.3010299956639813
384 1.3010299956639813
385 1.4771212547196624
387 1.0
401 1.0
402 1.0
412 1.0
418 1.0
429 1.0
430 1.0
432 1.3010299956639813
444 2.079181246047625
454 1.0
496 1.4771212547196624
503 1.0
505 1.0
537 1.4771212547196624
539 1.0
543 1.3010299956639813
544 1.3010299956639813
559 1.0
566 1.0
568 1.0
569 1.0
570 1.0
571 1.0
573 1.7781512503836436
574 1.7781512503836436
584 1.4771212547196624
585 1.4771212547196624
595 1.0
605 1.3010299956639813
606 1.3010299956639813
608 1.3010299956639813
609 1.3010299956639813
623 1.0
650 1.0
653 1.3010299956639813
661 1.0
677 1.0
680 1.0
682 1.0
689 1.3010299956639813
693 1.0
699 1.3010299956639813
702 1.0
704 1.6020599913279625
715 1.0
731 1.0
740 1.3010299956639813
742 1.0
751 1.6020599913279625
765 1.6989700043360187
779 1.3010299956639813
795 1.3010299956639813
821 1.0
845 1.4771212547196624
851 1.0
867 1.4771212547196624
889 1.3010299956639813
890 1.3010299956639813
895 1.0
924 1.0
948 1.0
956 1.3010299956639813
963 1.0
996 1.3010299956639813
1019 1.0
1022 1.0
1029 1.4771212547196624
1030 1.0
1032 1.3010299956639813
1037 1.6020599913279625
1041 1.845098040014257
1061 1.7781512503836436
1062 1.3010299956639813
1080 1.3010299956639813
1081 1.9030899869919435
1083 1.0
1085 1.0
1086 1.0
1091 1.9030899869919435
1111 1.0
1112 1.0
1129 1.3010299956639813
1130 1.3010299956639813
1147 1.0
1148 1.0
1205 1.0
1213 1.3010299956639813
1217 1.0
1223 1.3010299956639813
1227 1.0
1232 1.0
1235 1.3010299956639813
1236 1.0
1266 1.0
1274 1.0
1276 1.0
1285 1.0
1302 1.0
1304 1.0
