6 1.0
11 1.0
12 1.0
23 1.3010299956639813
34 1.0
41 1.0
43 1.4771212547196624
45 1.0
49 1.0
50 1.0
58 1.0
61 1.0
113 1.3010299956639813
114 1.3010299956639813
118 1.0
127 1.0
165 1.0
192 1.0
216 1.3010299956639813
217 1.0
219 1.0
222 1.0
235 1.0
249 1.0
264 1.0
267 1.0
274 1.0
289 1.0
307 1.0
309 1.0
329 1.0
330 1.3010299956639813
337 1.3010299956639813
354 1.0
362 1.0
405 1.0
420 1.0
421 1.0
432 1.0
436 1.0
455 1.0
459 1.0
472 1.0
474 1.0
480 1.0
486 1.0
488 1.0
491 1.0
498 1.4771212547196624
507 1.4771212547196624
510 1.0
533 1.3010299956639813
540 1.6020599913279625
541 1.0
543 1.0
544 1.0
546 1.0
547 1.0
562 1.0
563 1.0
572 1.0
587 1.0
627 1.0
630 1.0
644 1.0
645 1.0
651 1.0
655 1.3010299956639813
664 1.0
668 1.0
679 1.0
681 1.3010299956639813
686 1.0
688 1.3010299956639813
690 1.0
692 1.0
704 1.0
733 1.0
749 1.0
763 1.0
768 1.0
771 1.0
772 1.0
784 1.0
788 1.0
793 1.0
794 1.3010299956639813
810 1.3010299956639813
811 1.0
821 1.0
824 1.3010299956639813
825 1.3010299956639813
829 1.0
838 1.0
839 1.0
840 1.0
847 1.0
848 1.0
876 1.0
879 1.0
926 1.0
929 1.0
930 1.0
935 1.0
942 1.0
969 1.3010299956639813
1002 1.0
1014 1.0
1019 1.0
1043 1.0
1053 1.0
1064 1.0
1090 1.0
1097 1.0
1101 1.0
1119 1.0
1162 1.0
1190 1.0
1245 1.0
1266 1.0
1281 1.0
1285 1.0
1294 1.3010299956639813
1298 1.0
1309 1.0
1311 1.3010299956639813
1316 1.0
1318 1.6020599913279625
1319 1.0
