34 1.0
69 1.0
75 1.0
113 1.0
114 1.0
210 1.0
214 1.0
221 1.0
247 1.0
256 1.0
272 1.0
277 1.0
278 1.3010299956639813
387 1.0
418 1.3010299956639813
453 1.0
498 1.0
499 1.0
500 1.0
543 1.0
544 1.0
550 1.3010299956639813
565 1.3010299956639813
567 1.0
587 1.0
593 1.0
613 1.0
682 1.0
685 1.0
703 1.0
761 1.0
769 1.0
770 1.0
772 1.0
790 1.0
837 1.3010299956639813
870 1.3010299956639813
897 1.0
904 1.0
935 1.0
940 1.3010299956639813
1005 1.0
1029 1.0
1032 1.3010299956639813
1034 1.0
1038 1.0
1065 1.0
1072 1.0
1084 1.0
1105 1.0
1106 1.0
1173 1.0
1199 1.0
1204 1.3010299956639813
1266 1.3010299956639813
1317 1.0
