5 1.6020599913279625
8 1.845098040014257
9 1.6989700043360187
10 1.0
12 1.3010299956639813
14 1.0
15 1.0
17 1.845098040014257
18 1.6020599913279625
20 1.845098040014257
21 2.0413926851582254
22 1.0
35 1.3010299956639813
41 1.4771212547196624
42 1.6989700043360187
43 1.0
45 1.0
47 1.0
52 1.3010299956639813
57 1.0
62 1.6020599913279625
64 1.0
68 1.0
69 2.0413926851582254
70 1.0
78 1.0
80 1.0
81 1.0
89 1.3010299956639813
94 1.3010299956639813
96 1.0
106 1.4771212547196624
109 1.0
125 1.845098040014257
129 1.9030899869919435
130 1.0
131 1.0
138 1.3010299956639813
139 1.9542425094393248
142 1.6020599913279625
143 1.0
144 1.0
148 1.3010299956639813
149 1.6989700043360187
150 1.3010299956639813
161 1.0
162 1.6020599913279625
167 1.6989700043360187
170 1.3010299956639813
180 1.0
190 1.3010299956639813
194 1.0
197 1.0
198 1.0
207 1.0
242 1.0
250 1.0
251 1.3010299956639813
254 1.0
265 1.3010299956639813
267 1.0
268 1.3010299956639813
269 1.4771212547196624
284 1.0
285 1.0
288 1.0
290 1.4771212547196624
291 1.6020599913279625
292 1.0
294 2.0413926851582254
297 1.0
300 2.079181246047625
305 1.0
306 1.0
311 1.0
314 1.0
319 1.0
322 1.6020599913279625
325 2.0413926851582254
326 1.0
329 1.0
330 1.845098040014257
337 1.6989700043360187
341 1.6989700043360187
344 1.4771212547196624
349 1.845098040014257
352 1.0
353 1.0
358 1.3010299956639813
375 1.845098040014257
377 1.3010299956639813
378 1.0
379 1.3010299956639813
380 1.3010299956639813
383 1.0
390 1.0
391 1.6989700043360187
396 1.9030899869919435
400 1.0
404 1.3010299956639813
406 1.7781512503836436
410 2.1760912590556813
415 1.3010299956639813
416 1.0
420 1.0
422 1.4771212547196624
423 1.0
424 1.0
439 1.0
450 1.3010299956639813
461 1.0
468 1.0
473 1.6020599913279625
474 1.3010299956639813
497 1.845098040014257
499 1.6020599913279625
501 1.0
512 1.4771212547196624
518 1.4771212547196624
520 1.0
528 1.0
538 1.0
540 1.0
553 1.0
572 1.0
591 1.0
592 1.6989700043360187
595 1.3010299956639813
601 1.0
611 1.0
614 1.4771212547196624
618 1.0
631 1.0
633 1.0
638 1.0
639 1.3010299956639813
640 1.3010299956639813
644 1.0
655 1.0
656 1.0
657 1.0
669 1.0
674 1.0
675 1.0
677 1.0
681 1.0
687 1.3010299956639813
688 1.0
693 1.0
697 1.0
703 1.4771212547196624
704 1.0
714 1.0
723 1.0
724 1.0
725 1.0
727 1.6020599913279625
732 1.0
761 1.3010299956639813
764 1.0
769 1.3010299956639813
770 1.4771212547196624
771 1.3010299956639813
788 1.0
815 1.6020599913279625
819 1.9030899869919435
829 1.0
837 1.0
844 1.0
848 1.4771212547196624
850 1.6020599913279625
862 1.845098040014257
868 1.3010299956639813
869 1.3010299956639813
871 1.0
875 1.3010299956639813
881 1.0
889 1.0
890 1.0
901 1.3010299956639813
917 1.3010299956639813
931 1.0
935 1.4771212547196624
941 1.0
950 1.4771212547196624
1007 1.0
1020 1.0
1025 1.4771212547196624
1028 1.0
1030 1.0
1042 1.0
1047 1.845098040014257
1048 1.0
1049 1.4771212547196624
1051 1.845098040014257
1052 1.0
1053 1.3010299956639813
1055 1.6020599913279625
1066 1.4771212547196624
1084 1.0
1095 1.0
1096 1.4771212547196624
1097 1.0
1127 1.3010299956639813
1128 1.3010299956639813
1145 1.0
1146 1.0
1157 1.0
1158 1.0
1162 1.6020599913279625
1167 1.3010299956639813
1173 1.0
1176 1.0
1178 1.9542425094393248
1179 1.0
1181 1.7781512503836436
1193 1.0
1196 1.0
1197 1.0
1198 1.6020599913279625
1211 1.0
1221 1.0
1235 1.0
1237 1.0
1239 1.0
1243 1.0
1245 1.0
1259 1.0
1260 1.0
1268 1.3010299956639813
1289 1.0
1290 1.0
1313 1.0
