0 1.0
23 1.3010299956639813
41 1.3010299956639813
69 1.0
107 1.0
132 1.0
152 1.4771212547196624
168 1.0
179 1.3010299956639813
185 1.0
186 1.4771212547196624
187 1.6989700043360187
190 1.0
193 1.6020599913279625
199 1.3010299956639813
204 1.3010299956639813
242 1.0
247 1.0
258 1.0
266 1.3010299956639813
270 1.3010299956639813
289 1.0
301 1.0
305 1.6020599913279625
347 1.0
384 1.3010299956639813
386 1.6989700043360187
387 1.0
401 1.0
417 1.4771212547196624
418 1.0
444 1.0
445 1.0
454 1.0
491 1.0
494 1.3010299956639813
497 1.4771212547196624
500 1.6989700043360187
503 1.6020599913279625
537 1.4771212547196624
550 1.0
568 1.0
569 1.0
571 1.0
576 1.0
577 1.0
582 1.0
583 1.0
586 1.0
587 1.0
594 1.0
596 1.4771212547196624
608 1.3010299956639813
609 1.0
610 1.0
645 1.0
650 1.0
674 1.0
675 1.0
702 1.0
715 1.3010299956639813
717 1.3010299956639813
721 1.0
765 1.6989700043360187
770 1.3010299956639813
776 1.0
779 1.0
783 1.0
823 1.0
845 1.0
856 1.0
868 1.0
869 1.0
889 1.0
890 1.0
929 1.0
938 1.0
939 1.0
940 1.3010299956639813
941 1.0
948 1.3010299956639813
956 1.0
996 1.4771212547196624
1001 1.3010299956639813
1002 1.6020599913279625
1009 1.0
1015 1.0
1016 1.3010299956639813
1033 1.0
1036 1.3010299956639813
1044 1.7781512503836436
1045 1.4771212547196624
1057 1.0
1058 1.0
1067 1.0
1098 1.0
1111 1.6989700043360187
1112 1.6989700043360187
1129 1.7781512503836436
1130 1.7781512503836436
1147 1.4771212547196624
1148 1.4771212547196624
1149 1.0
1150 1.3010299956639813
1151 1.6020599913279625
1173 1.3010299956639813
1190 1.3010299956639813
1193 1.0
1213 1.0
1217 1.0
1218 1.0
1227 1.3010299956639813
1228 1.6989700043360187
1229 1.0
1231 1.6020599913279625
1234 1.6020599913279625
1235 1.9030899869919435
1236 1.3010299956639813
1242 1.3010299956639813
1244 1.0
1246 1.0
1258 1.3010299956639813
1265 2.230448921378274
1266 1.7781512503836436
1272 1.0
1274 1.3010299956639813
1276 1.0
1277 1.9030899869919435
1285 1.3010299956639813
1313 1.0
1314 1.0
1322 1.3010299956639813
