6 1.0
37 1.0
81 1.0
118 1.4771212547196624
130 1.0
209 1.0
222 1.3010299956639813
233 1.3010299956639813
247 1.0
277 1.3010299956639813
293 1.0
299 1.0
307 1.0
309 1.0
317 1.0
350 1.0
351 1.0
371 1.0
401 1.0
412 1.3010299956639813
417 1.0
428 1.3010299956639813
431 1.0
446 1.4771212547196624
462 1.0
478 1.0
480 1.0
493 1.0
494 1.0
506 1.3010299956639813
509 1.0
521 1.0
524 1.0
537 1.0
539 1.0
551 1.3010299956639813
581 1.0
587 1.0
631 1.0
637 1.0
647 1.0
656 1.0
681 1.3010299956639813
685 1.3010299956639813
687 1.0
693 1.3010299956639813
714 1.0
719 1.4771212547196624
720 1.4771212547196624
745 1.0
810 1.0
843 1.0
855 1.0
870 1.0
938 1.0
941 1.0
1001 1.0
1013 1.0
1263 1.3010299956639813
1285 1.0
1295 1.0
1302 1.0
1317 1.0
1321 1.0
