36 1.0
38 1.0
48 1.0
65 1.3010299956639813
69 1.0
90 1.3010299956639813
102 1.0
136 1.0
143 1.0
147 1.0
202 1.0
221 1.0
229 1.0
234 1.0
244 1.0
249 1.0
253 1.0
265 1.0
272 1.0
274 1.0
278 1.0
297 1.6020599913279625
309 1.0
314 1.0
352 1.0
367 1.0
368 1.0
388 1.0
420 1.0
425 1.0
436 1.0
459 1.3010299956639813
493 1.0
498 1.0
522 1.0
541 1.0
549 1.0
551 1.0
586 1.0
589 1.0
613 1.3010299956639813
630 1.3010299956639813
634 1.0
637 1.0
657 1.3010299956639813
674 1.0
675 1.0
676 1.0
687 1.0
688 1.0
692 1.0
709 1.0
716 1.0
720 1.0
782 1.0
789 1.0
790 1.0
811 1.0
865 1.0
867 1.0
868 1.0
869 1.0
889 1.0
890 1.0
894 1.6989700043360187
921 1.0
924 1.0
927 1.0
942 1.0
943 1.0
944 1.0
959 1.3010299956639813
964 1.0
966 1.3010299956639813
977 1.0
993 1.0
994 1.0
1005 1.3010299956639813
1017 1.0
1019 1.0
1041 1.0
1053 1.0
1096 1.0
1099 1.0
1129 1.0
1130 1.0
1143 1.0
1144 1.0
1159 1.0
1166 1.0
1245 1.0
1249 1.0
1252 1.0
1264 1.0
1268 1.0
1283 1.3010299956639813
1304 1.3010299956639813
1318 1.0
