15 1.0
20 1.3010299956639813
32 1.4771212547196624
41 1.0
44 1.3010299956639813
45 1.4771212547196624
47 1.3010299956639813
65 1.0
68 1.0
74 1.6989700043360187
75 1.3010299956639813
81 1.0
94 1.0
96 1.3010299956639813
97 1.0
103 1.0
107 2.146128035678238
109 1.0
110 1.0
113 1.3010299956639813
114 1.3010299956639813
117 1.0
126 1.3010299956639813
127 2.079181246047625
132 1.6020599913279625
133 1.0
140 1.3010299956639813
145 1.7781512503836436
146 1.6020599913279625
148 1.3010299956639813
152 1.0
153 1.0
157 1.4771212547196624
160 1.0
163 1.4771212547196624
179 1.0
184 1.0
185 1.3010299956639813
186 1.0
187 1.0
197 1.0
200 1.0
201 1.0
207 1.6020599913279625
208 1.0
214 1.0
230 1.9030899869919435
245 1.0
253 1.0
256 1.6020599913279625
261 1.0
266 1.0
267 1.6020599913279625
270 1.6020599913279625
279 1.0
283 1.0
288 1.0
290 1.0
292 1.0
296 1.4771212547196624
297 1.4771212547196624
301 1.0
303 1.3010299956639813
319 1.9542425094393248
321 1.0
322 1.0
324 1.4771212547196624
331 1.4771212547196624
332 1.0
337 1.3010299956639813
342 1.0
346 1.4771212547196624
349 1.6020599913279625
353 1.0
354 1.9030899869919435
355 1.0
361 1.0
362 1.7781512503836436
364 2.079181246047625
371 1.0
373 1.0
378 1.0
381 1.3010299956639813
388 1.845098040014257
407 1.3010299956639813
408 1.0
410 1.3010299956639813
420 1.0
430 1.4771212547196624
440 1.0
442 1.0
443 1.4771212547196624
445 1.3010299956639813
471 1.0
482 1.3010299956639813
511 1.0
529 1.3010299956639813
531 1.0
534 1.0
554 2.146128035678238
557 1.0
558 1.3010299956639813
559 1.6020599913279625
565 1.0
571 1.6020599913279625
572 1.3010299956639813
577 1.0
578 1.0
582 1.0
583 1.0
584 1.0
585 1.0
586 1.0
587 1.6989700043360187
595 1.3010299956639813
596 1.9542425094393248
597 1.0
598 1.0
605 1.4771212547196624
606 1.4771212547196624
609 1.4771212547196624
610 1.0
615 1.0
620 1.7781512503836436
630 1.3010299956639813
635 1.0
636 1.0
642 1.0
644 1.3010299956639813
648 1.7781512503836436
656 1.7781512503836436
662 1.0
664 1.0
666 1.3010299956639813
669 1.0
671 1.6020599913279625
676 1.0
678 1.0
682 1.0
690 1.4771212547196624
692 1.0
696 1.4771212547196624
698 1.0
699 1.3010299956639813
703 1.3010299956639813
704 1.6020599913279625
712 1.9542425094393248
715 1.4771212547196624
731 1.845098040014257
742 1.3010299956639813
761 1.4771212547196624
769 1.6020599913279625
781 1.0
787 1.0
788 1.0
793 1.0
807 1.0
809 1.0
810 1.0
824 1.3010299956639813
825 1.3010299956639813
830 1.3010299956639813
837 1.0
841 1.3010299956639813
851 1.0
863 1.3010299956639813
866 1.0
868 1.6989700043360187
869 1.6989700043360187
872 1.6020599913279625
874 1.3010299956639813
895 1.0
901 1.0
903 1.0
904 1.0
917 1.3010299956639813
927 1.0
928 1.3010299956639813
929 1.6020599913279625
943 1.0
944 1.0
989 1.0
990 1.0
995 1.3010299956639813
1005 1.0
1019 1.0
1021 1.4771212547196624
1027 1.0
1028 1.6020599913279625
1030 1.3010299956639813
1032 1.0
1035 1.0
1048 1.0
1050 1.0
1053 1.4771212547196624
1054 1.9542425094393248
1055 1.0
1057 1.0
1058 1.0
1067 1.3010299956639813
1072 1.3010299956639813
1078 1.0
1099 1.0
1101 1.0
1109 1.0
1111 1.4771212547196624
1112 1.4771212547196624
1113 1.0
1126 1.0
1127 1.3010299956639813
1128 1.3010299956639813
1129 1.9542425094393248
1130 1.9542425094393248
1139 1.0
1140 1.0
1143 1.0
1144 1.0
1145 1.0
1146 1.0
1147 1.845098040014257
1148 1.845098040014257
1149 1.4771212547196624
1150 1.4771212547196624
1151 1.845098040014257
1162 1.0
1164 1.0
1165 1.7781512503836436
1173 1.3010299956639813
1176 1.0
1177 1.3010299956639813
1193 1.4771212547196624
1198 1.0
1206 1.0
1214 1.0
1227 1.6020599913279625
1228 2.0
1230 1.0
1231 1.3010299956639813
1233 1.6989700043360187
1234 1.3010299956639813
1235 2.0
1241 1.3010299956639813
1254 1.0
1265 1.6020599913279625
1266 1.845098040014257
1276 1.4771212547196624
1277 2.113943352306837
1302 1.0
1309 1.0
