0 1.3010299956639813
11 1.0
12 1.0
24 1.0
25 1.0
36 1.0
38 1.3010299956639813
45 1.7781512503836436
47 1.4771212547196624
49 1.0
53 1.0
57 1.0
58 1.6020599913279625
65 1.3010299956639813
69 1.6020599913279625
70 1.6989700043360187
71 1.0
72 1.0
74 1.7781512503836436
75 1.845098040014257
79 1.0
81 1.3010299956639813
82 1.0
84 1.0
85 1.3010299956639813
88 1.3010299956639813
89 1.3010299956639813
94 1.3010299956639813
95 1.0
96 2.146128035678238
97 1.3010299956639813
100 1.0
101 1.4771212547196624
103 1.3010299956639813
104 1.0
106 1.3010299956639813
108 1.6020599913279625
117 1.6020599913279625
118 1.3010299956639813
123 1.0
124 1.0
126 1.845098040014257
128 1.0
132 1.6989700043360187
134 1.0
136 1.0
139 1.3010299956639813
143 1.0
144 1.4771212547196624
145 2.278753600952829
146 1.7781512503836436
152 1.3010299956639813
155 1.0
157 1.6020599913279625
158 1.6989700043360187
161 1.0
165 1.7781512503836436
166 1.3010299956639813
167 1.0
171 1.9030899869919435
173 1.6020599913279625
174 1.0
175 1.0
176 1.0
177 1.0
179 1.6989700043360187
180 1.0
183 1.6020599913279625
185 1.4771212547196624
187 1.4771212547196624
189 1.6020599913279625
191 1.6989700043360187
192 1.6989700043360187
193 1.6989700043360187
197 1.7781512503836436
199 1.0
200 1.3010299956639813
201 1.3010299956639813
204 1.3010299956639813
206 1.0
207 1.7781512503836436
209 1.4771212547196624
211 1.0
216 1.0
217 1.4771212547196624
219 1.3010299956639813
221 1.3010299956639813
222 1.0
223 1.0
226 1.0
229 1.0
231 2.0
236 1.7781512503836436
237 1.6989700043360187
242 1.0
243 1.6020599913279625
251 1.3010299956639813
254 1.0
256 1.6989700043360187
259 1.9030899869919435
261 1.4771212547196624
262 1.4771212547196624
263 1.4771212547196624
266 1.3010299956639813
267 2.0
268 1.0
275 1.0
276 1.6020599913279625
277 1.0
278 1.3010299956639813
280 1.6989700043360187
283 1.3010299956639813
284 1.0
286 1.0
291 1.4771212547196624
294 1.4771212547196624
301 1.3010299956639813
303 1.4771212547196624
304 1.6989700043360187
308 1.0
313 1.6989700043360187
319 2.079181246047625
320 1.3010299956639813
321 1.4771212547196624
322 1.845098040014257
323 1.845098040014257
325 1.4771212547196624
328 1.3010299956639813
329 1.0
331 1.6020599913279625
333 1.3010299956639813
334 1.0
336 1.0
338 1.0
342 1.4771212547196624
349 1.6989700043360187
355 1.3010299956639813
359 1.3010299956639813
360 1.3010299956639813
361 1.3010299956639813
362 1.9542425094393248
364 2.5314789170422554
366 1.0
368 1.6989700043360187
369 1.0
370 1.6020599913279625
371 1.6989700043360187
372 1.4771212547196624
373 1.4771212547196624
375 1.3010299956639813
378 1.9030899869919435
380 1.0
388 2.146128035678238
389 1.0
390 1.0
394 1.0
395 1.0
396 1.3010299956639813
397 1.4771212547196624
403 1.3010299956639813
407 2.0413926851582254
409 1.0
411 1.3010299956639813
415 1.0
425 1.6989700043360187
427 1.0
429 1.6989700043360187
436 1.0
437 1.0
440 1.4771212547196624
442 1.3010299956639813
443 1.6989700043360187
445 1.4771212547196624
447 1.0
448 1.3010299956639813
452 1.3010299956639813
463 1.4771212547196624
465 1.0
467 1.0
468 1.6989700043360187
469 1.0
471 1.3010299956639813
472 1.3010299956639813
473 1.0
485 1.0
486 1.0
489 1.0
491 1.0
492 1.0
497 1.3010299956639813
499 1.0
500 1.0
501 1.4771212547196624
504 1.0
505 1.0
506 1.0
510 1.3010299956639813
513 1.7781512503836436
514 1.0
516 1.0
518 1.3010299956639813
519 1.0
520 1.3010299956639813
526 1.0
529 1.6989700043360187
533 1.0
534 2.342422680822206
537 1.0
539 1.0
540 1.0
546 1.3010299956639813
547 1.0
552 1.0
554 2.255272505103306
560 1.4771212547196624
564 1.0
566 1.6020599913279625
568 1.6020599913279625
569 1.6020599913279625
572 1.6989700043360187
573 1.0
574 1.0
576 1.0
578 1.3010299956639813
581 1.6020599913279625
582 1.9030899869919435
583 1.9030899869919435
586 1.3010299956639813
594 1.0
596 2.0
597 1.6989700043360187
598 1.6989700043360187
599 1.0
602 1.4771212547196624
603 1.4771212547196624
604 1.4771212547196624
605 1.6020599913279625
606 1.6020599913279625
608 1.0
618 1.0
620 1.845098040014257
622 1.3010299956639813
627 1.4771212547196624
630 1.6989700043360187
631 1.0
635 1.3010299956639813
637 1.6020599913279625
640 1.4771212547196624
643 1.0
651 1.0
656 1.9030899869919435
657 1.6989700043360187
664 1.6020599913279625
666 1.4771212547196624
667 1.0
669 1.4771212547196624
671 1.7781512503836436
673 1.6989700043360187
674 1.0
675 1.0
676 1.6020599913279625
677 1.0
678 1.6020599913279625
679 1.3010299956639813
680 1.0
684 1.3010299956639813
686 1.0
687 1.3010299956639813
689 1.3010299956639813
690 1.6020599913279625
691 1.4771212547196624
693 1.6020599913279625
694 1.0
695 1.0
696 2.204119982655925
697 1.0
698 1.845098040014257
703 1.6020599913279625
704 1.6989700043360187
705 1.0
706 1.3010299956639813
707 1.3010299956639813
710 1.3010299956639813
711 1.3010299956639813
714 1.0
715 1.7781512503836436
720 1.3010299956639813
721 2.0
723 1.6989700043360187
724 1.3010299956639813
725 1.0
727 1.0
728 1.4771212547196624
731 1.9542425094393248
733 1.845098040014257
735 1.0
736 1.0
739 1.4771212547196624
742 1.6020599913279625
743 1.3010299956639813
748 1.6020599913279625
749 1.3010299956639813
751 1.4771212547196624
752 1.0
755 1.3010299956639813
759 1.3010299956639813
762 1.0
763 1.9030899869919435
764 1.4771212547196624
769 1.6989700043360187
770 1.0
779 1.0
781 1.6020599913279625
788 1.3010299956639813
790 1.0
793 1.4771212547196624
794 1.0
810 1.4771212547196624
814 1.0
819 1.0
820 1.0
821 1.0
826 1.4771212547196624
827 1.0
830 1.4771212547196624
831 1.3010299956639813
841 1.6989700043360187
842 1.0
843 1.0
848 1.3010299956639813
851 1.6020599913279625
855 1.3010299956639813
856 1.6989700043360187
864 1.6020599913279625
866 1.4771212547196624
867 1.3010299956639813
868 1.9542425094393248
869 1.9542425094393248
872 2.146128035678238
873 1.0
879 1.0
881 1.0
883 1.0
885 1.0
895 1.6020599913279625
898 1.3010299956639813
901 1.4771212547196624
905 1.0
906 1.3010299956639813
907 1.0
908 1.4771212547196624
917 1.4771212547196624
918 1.4771212547196624
927 1.6020599913279625
932 1.4771212547196624
979 1.0
983 1.0
990 1.4771212547196624
996 1.0
1001 1.3010299956639813
1004 1.4771212547196624
1005 1.845098040014257
1011 1.4771212547196624
1012 1.4771212547196624
1015 1.6020599913279625
1016 1.6020599913279625
1018 1.0
1020 1.3010299956639813
1021 2.0413926851582254
1027 1.6020599913279625
1032 1.4771212547196624
1036 1.4771212547196624
1038 1.0
1040 1.0
1047 1.0
1049 1.0
1052 1.6020599913279625
1053 1.6989700043360187
1054 2.204119982655925
1055 1.845098040014257
1057 1.4771212547196624
1058 1.4771212547196624
1062 1.4771212547196624
1063 1.3010299956639813
1067 1.4771212547196624
1068 1.3010299956639813
1070 1.0
1079 1.3010299956639813
1080 1.0
1084 1.0
1095 1.0
1097 1.0
1099 1.3010299956639813
1108 1.0
1109 1.3010299956639813
1110 1.0
1111 1.6020599913279625
1112 1.6020599913279625
1113 1.3010299956639813
1114 1.7781512503836436
1117 1.845098040014257
1118 1.845098040014257
1119 1.0
1121 1.0
1123 1.0
1125 1.3010299956639813
1127 1.7781512503836436
1128 1.7781512503836436
1129 2.146128035678238
1130 2.146128035678238
1135 1.7781512503836436
1136 1.7781512503836436
1137 1.0
1138 1.0
1139 1.6989700043360187
1140 1.7781512503836436
1143 1.6020599913279625
1144 1.6020599913279625
1145 1.3010299956639813
1146 1.3010299956639813
1147 1.9542425094393248
1148 1.9542425094393248
1149 1.9542425094393248
1150 1.9542425094393248
1151 1.9542425094393248
1153 1.4771212547196624
1154 1.0
1155 1.4771212547196624
1156 1.0
1158 1.0
1161 1.0
1162 1.3010299956639813
1168 1.0
1169 1.0
1173 1.6020599913279625
1174 1.0
1180 1.0
1183 1.3010299956639813
1186 1.3010299956639813
1187 1.0
1194 1.4771212547196624
1196 1.0
1198 1.6020599913279625
1213 1.0
1216 1.0
1227 1.7781512503836436
1228 2.079181246047625
1234 1.4771212547196624
1235 2.079181246047625
1238 1.9030899869919435
1241 1.4771212547196624
1242 1.3010299956639813
1243 1.3010299956639813
1244 1.0
1246 1.0
1248 1.0
1254 1.4771212547196624
1260 1.6020599913279625
1265 1.7781512503836436
1266 1.9030899869919435
1268 1.0
1274 2.0413926851582254
1276 1.6020599913279625
1277 2.146128035678238
1281 1.0
1285 1.0
1289 1.4771212547196624
1293 1.0
1294 1.0
1295 1.0
1298 1.0
1302 1.3010299956639813
1305 1.3010299956639813
1308 1.0
1309 1.3010299956639813
1311 1.0
1313 1.6020599913279625
1318 1.3010299956639813
1320 1.0
1321 1.3010299956639813
1322 1.0
1324 1.0
