5 1.0
7 1.3010299956639813
18 1.3010299956639813
29 1.0
37 1.3010299956639813
41 1.3010299956639813
59 1.0
60 1.0
62 1.0
70 1.3010299956639813
106 1.0
112 1.0
131 1.0
138 1.0
145 1.0
159 1.0
189 1.0
193 1.3010299956639813
197 1.4771212547196624
203 1.0
273 1.0
279 1.0
290 1.0
296 1.0
304 1.3010299956639813
325 1.0
333 1.0
343 1.0
383 1.0
402 1.0
403 1.0
431 1.0
434 1.0
463 1.0
468 1.0
497 1.0
503 1.0
508 1.3010299956639813
584 1.3010299956639813
585 1.3010299956639813
610 1.0
611 1.0
662 1.0
683 1.0
691 1.0
698 1.0
701 1.0
724 1.0
733 1.0
739 1.0
748 1.0
754 1.0
768 1.0
786 1.0
851 1.3010299956639813
855 1.0
872 1.3010299956639813
908 1.0
918 1.3010299956639813
931 1.0
939 1.0
1002 1.0
1034 1.0
1036 1.0
1043 1.0
1055 1.6020599913279625
1086 1.0
1092 1.0
1114 1.0
1127 1.3010299956639813
1128 1.3010299956639813
1129 1.0
1130 1.0
1143 1.0
1144 1.0
1147 1.0
1148 1.0
1160 1.0
1172 1.0
1181 1.0
1183 1.0
1185 1.0
1193 1.0
1198 1.0
1218 1.0
1235 1.0
1243 1.0
1258 1.0
1283 1.0
1305 1.0
1313 1.4771212547196624
