50 1.3010299956639813
221 1.0
388 1.0
459 1.0
477 1.0
532 1.3010299956639813
1062 1.0
1147 1.6989700043360187
1148 1.6989700043360187
1177 1.6020599913279625
1190 1.7781512503836436
1243 1.3010299956639813
1251 1.4771212547196624
1256 1.0
1270 1.3010299956639813
1272 1.3010299956639813
1275 1.0
1279 1.3010299956639813
1281 1.3010299956639813
1285 1.845098040014257
1287 1.0
1289 1.6020599913279625
1290 1.3010299956639813
1292 1.0
1294 1.6989700043360187
1296 1.4771212547196624
1304 1.3010299956639813
1305 1.6020599913279625
1307 1.0
1309 1.3010299956639813
1311 1.0
1313 1.4771212547196624
1316 1.0
1318 1.4771212547196624
1319 1.0
1320 1.0
1322 1.4771212547196624
1324 1.6020599913279625
