8 1.0
9 1.3010299956639813
13 1.0
18 1.0
34 1.0
37 1.3010299956639813
41 1.0
47 1.4771212547196624
65 1.0
77 1.0
83 1.0
84 1.3010299956639813
90 1.0
99 1.0
115 1.0
118 1.0
123 1.0
124 1.0
130 1.0
136 1.3010299956639813
145 1.0
148 1.0
183 1.0
193 1.4771212547196624
267 1.0
272 1.0
287 1.0
294 1.0
328 1.0
331 1.0
345 1.0
364 1.6989700043360187
400 1.0
401 1.0
434 1.0
457 1.0
488 1.0
494 1.0
496 1.0
528 1.0
533 1.0
539 1.3010299956639813
547 1.3010299956639813
551 1.0
564 1.0
648 1.3010299956639813
657 1.0
683 1.0
703 1.0
718 1.0
741 1.4771212547196624
756 1.0
759 1.0
779 1.3010299956639813
790 1.0
795 1.0
806 1.0
822 1.0
831 1.0
862 1.3010299956639813
864 1.0
868 1.0
869 1.0
875 1.4771212547196624
1005 1.0
1007 1.0
1027 1.0
1028 1.0
1035 1.0
1037 1.0
1044 1.0
1049 1.0
1051 1.0
1057 1.0
1058 1.0
1066 1.0
1072 1.3010299956639813
1073 1.3010299956639813
1078 1.0
1083 1.0
1099 1.0
1125 1.0
1127 1.3010299956639813
1128 1.3010299956639813
1194 1.0
1198 1.0
1221 1.0
1241 1.0
1262 1.0
1324 1.0
