252 1.6020599913279625
265 1.6989700043360187
305 1.0
333 1.4771212547196624
337 1.3010299956639813
353 1.0
367 1.0
454 1.0
501 1.0
615 1.3010299956639813
625 1.0
630 1.3010299956639813
688 1.3010299956639813
792 1.0
824 1.0
825 1.0
832 1.0
833 1.0
834 1.0
835 1.0
841 1.0
843 1.0
848 1.3010299956639813
852 1.0
877 1.0
926 1.0
933 1.3010299956639813
936 1.0
942 1.0
949 1.6020599913279625
968 1.6020599913279625
969 1.4771212547196624
976 1.0
978 1.3010299956639813
991 1.4771212547196624
993 1.0
998 1.0
999 1.3010299956639813
1285 1.0
