37 1.6020599913279625
90 1.3010299956639813
107 1.4771212547196624
110 1.0
118 1.0
123 1.0
124 1.0
132 1.0
136 1.0
155 1.0
157 1.3010299956639813
163 1.0
184 1.6989700043360187
185 1.6989700043360187
230 1.4771212547196624
247 1.0
253 1.0
270 1.845098040014257
276 1.3010299956639813
284 1.0
296 1.4771212547196624
297 1.0
332 1.6020599913279625
337 1.4771212547196624
345 1.0
351 1.0
352 1.0
361 1.3010299956639813
367 1.3010299956639813
375 1.0
382 1.0
398 1.0
420 1.0
433 1.3010299956639813
438 1.3010299956639813
443 1.4771212547196624
457 1.6989700043360187
496 1.0
517 1.0
558 1.3010299956639813
576 1.6989700043360187
577 1.0
609 1.3010299956639813
615 2.230448921378274
620 1.0
623 1.0
629 1.4771212547196624
651 1.3010299956639813
664 1.4771212547196624
697 1.4771212547196624
700 2.079181246047625
701 1.3010299956639813
765 1.0
789 1.0
797 1.0
808 1.3010299956639813
816 1.0
817 1.4771212547196624
818 1.4771212547196624
819 1.0
832 1.6989700043360187
833 1.6989700043360187
837 1.0
848 1.3010299956639813
849 1.7781512503836436
871 1.0
877 1.0
882 1.0
892 1.6989700043360187
914 1.0
919 1.3010299956639813
936 1.3010299956639813
954 1.0
957 1.0
958 1.0
963 1.0
964 1.0
977 1.3010299956639813
979 1.7781512503836436
984 1.3010299956639813
994 1.3010299956639813
1034 1.0
1041 1.4771212547196624
1045 1.0
1062 1.6020599913279625
1080 1.0
1105 1.0
1106 1.0
1121 1.0
1140 1.3010299956639813
1165 1.3010299956639813
1194 2.5563025007672873
1230 1.0
1232 1.0
1243 1.0
1259 1.0
1268 1.0
1272 1.0
1276 1.6989700043360187
1306 1.4771212547196624
1313 1.0
1321 1.0
