2 1.0
5 1.0
7 1.3010299956639813
10 1.0
16 1.0
20 1.845098040014257
22 1.0
41 1.3010299956639813
49 1.3010299956639813
52 1.0
54 1.0
56 1.3010299956639813
64 1.0
65 1.0
75 1.4771212547196624
77 1.0
78 1.0
81 1.4771212547196624
84 1.3010299956639813
86 1.4771212547196624
93 1.4771212547196624
94 1.0
96 1.0
97 1.0
101 1.7781512503836436
102 1.0
104 1.6020599913279625
112 1.845098040014257
120 1.0
121 1.0
123 1.0
124 1.0
125 1.7781512503836436
129 1.4771212547196624
132 1.3010299956639813
138 1.3010299956639813
139 1.845098040014257
142 1.3010299956639813
148 1.0
149 1.6989700043360187
150 1.3010299956639813
157 1.0
161 1.3010299956639813
162 1.3010299956639813
163 1.0
167 1.0
176 2.0413926851582254
180 1.3010299956639813
181 1.0
191 1.6020599913279625
192 1.0
197 1.0
198 1.0
200 1.0
201 1.0
202 1.0
207 1.6020599913279625
221 1.0
229 1.3010299956639813
230 1.0
234 1.0
236 1.6020599913279625
237 1.9542425094393248
239 1.4771212547196624
248 1.4771212547196624
249 1.3010299956639813
251 1.0
260 1.4771212547196624
262 1.0
264 1.0
265 1.0
267 1.0
270 1.0
272 1.0
274 1.0
276 1.845098040014257
277 1.0
278 1.0
284 1.3010299956639813
290 1.3010299956639813
291 1.6020599913279625
293 1.0
294 1.6020599913279625
299 1.0
300 2.0
303 1.0
305 1.3010299956639813
306 1.0
308 1.0
311 1.0
313 1.0
314 1.0
317 1.4771212547196624
321 1.3010299956639813
322 1.6989700043360187
327 1.0
332 1.0
334 1.0
337 1.6989700043360187
341 1.6989700043360187
342 1.0
345 1.4771212547196624
347 1.0
349 1.0
353 1.0
354 1.0
358 1.0
361 1.0
364 2.0413926851582254
367 1.3010299956639813
372 1.0
373 1.4771212547196624
378 1.0
380 1.0
383 1.0
388 1.3010299956639813
389 1.0
391 1.4771212547196624
395 1.0
400 1.0
404 1.0
406 1.6989700043360187
408 1.3010299956639813
422 1.4771212547196624
423 1.0
428 1.0
430 1.0
434 1.0
442 1.0
443 1.3010299956639813
444 1.0
445 1.4771212547196624
451 1.4771212547196624
465 1.0
476 1.0
479 1.0
482 1.0
486 1.4771212547196624
487 1.0
497 1.3010299956639813
498 1.3010299956639813
500 1.3010299956639813
501 1.4771212547196624
518 1.4771212547196624
521 1.0
527 1.7781512503836436
529 1.0
533 1.0
538 1.845098040014257
541 1.0
542 1.9542425094393248
546 1.3010299956639813
548 1.6020599913279625
549 1.3010299956639813
551 1.0
552 1.6989700043360187
554 1.0
565 1.3010299956639813
580 1.6020599913279625
586 1.4771212547196624
596 1.0
604 1.0
615 1.6989700043360187
630 1.6989700043360187
634 1.0
640 1.6020599913279625
656 1.0
669 1.0
670 1.0
676 1.0
677 1.0
679 1.3010299956639813
680 1.6989700043360187
687 1.3010299956639813
689 1.0
694 1.3010299956639813
695 1.0
698 1.9542425094393248
699 2.3010299956639813
704 1.3010299956639813
705 1.4771212547196624
706 1.3010299956639813
709 1.0
718 1.0
723 1.0
728 1.0
731 1.0
732 1.0
736 1.0
751 1.0
764 1.0
770 1.0
771 1.0
779 1.0
787 1.3010299956639813
789 1.0
790 1.0
800 1.0
813 1.0
822 1.0
829 1.0
830 1.3010299956639813
832 1.6020599913279625
833 1.6020599913279625
839 1.0
840 1.0
844 1.0
845 1.0
846 1.0
848 1.3010299956639813
850 1.6020599913279625
851 1.0
853 1.0
859 1.0
862 1.7781512503836436
866 1.0
867 1.0
868 1.0
869 1.0
870 1.3010299956639813
872 1.0
892 1.0
893 1.0
894 1.4771212547196624
895 1.0
901 1.4771212547196624
910 1.0
917 1.6989700043360187
918 1.0
924 1.0
926 1.6020599913279625
927 1.0
929 1.0
932 1.3010299956639813
936 1.6989700043360187
942 2.0
950 1.0
951 1.3010299956639813
955 1.0
961 1.0
972 1.4771212547196624
984 1.0
989 1.4771212547196624
994 1.3010299956639813
1000 1.0
1002 1.0
1004 1.4771212547196624
1015 1.0
1016 1.0
1020 1.0
1024 1.3010299956639813
1029 1.0
1034 1.3010299956639813
1036 1.0
1037 1.0
1045 1.0
1048 1.0
1051 1.7781512503836436
1055 1.4771212547196624
1057 1.0
1058 1.0
1062 1.0
1083 1.3010299956639813
1087 1.3010299956639813
1095 1.0
1097 1.0
1107 1.3010299956639813
1111 1.0
1112 1.0
1129 1.3010299956639813
1130 1.3010299956639813
1137 1.0
1138 1.0
1140 1.6020599913279625
1145 1.0
1146 1.0
1153 1.0
1158 1.0
1159 1.3010299956639813
1173 1.0
1178 1.0
1191 1.3010299956639813
1193 1.6989700043360187
1205 1.0
1206 1.0
1218 1.0
1233 1.0
1236 1.0
1238 1.0
1241 1.0
1254 1.6020599913279625
1269 1.0
1274 1.0
1275 1.0
1277 1.4771212547196624
1287 1.3010299956639813
1305 1.3010299956639813
1314 1.0
