14 1.0
15 1.0
34 1.0
54 1.0
100 1.3010299956639813
116 1.0
182 1.3010299956639813
201 1.0
209 1.4771212547196624
229 1.0
252 1.0
253 1.0
265 1.0
305 1.3010299956639813
310 1.0
388 1.0
449 1.3010299956639813
455 1.0
472 1.0
487 1.0
493 1.0
505 1.0
506 1.0
514 1.0
518 1.0
567 1.0
588 1.0
599 1.0
645 1.6020599913279625
677 1.4771212547196624
681 1.0
693 1.0
695 1.0
701 1.0
711 1.7781512503836436
731 1.0
773 1.0
788 1.0
794 1.0
808 1.4771212547196624
845 1.0
889 1.0
890 1.0
895 1.0
903 1.0
924 1.0
1044 1.0
1050 1.0
1053 1.0
1062 1.0
1065 1.0
1126 1.0
1160 1.0
1171 1.0
1219 1.0
1238 1.0
1243 1.0
1245 1.0
1269 1.0
1277 1.0
1278 1.0
1307 1.0
