43 1.0
47 1.3010299956639813
48 1.0
49 1.7781512503836436
84 1.3010299956639813
91 1.0
115 1.6020599913279625
118 1.6020599913279625
120 1.0
122 1.0
123 1.0
124 1.0
136 1.3010299956639813
147 1.6989700043360187
171 1.4771212547196624
182 1.0
183 1.845098040014257
202 1.0
203 1.0
205 1.0
209 1.0
211 1.3010299956639813
213 1.4771212547196624
214 1.6989700043360187
215 1.3010299956639813
220 1.9542425094393248
222 1.7781512503836436
223 1.0
224 1.7781512503836436
229 1.7781512503836436
231 1.0
235 1.3010299956639813
242 1.6020599913279625
243 1.0
246 1.4771212547196624
248 1.4771212547196624
249 1.6989700043360187
255 1.4771212547196624
259 1.4771212547196624
260 1.6989700043360187
271 1.3010299956639813
278 1.6020599913279625
308 1.0
313 1.3010299956639813
325 1.0
337 1.0
362 1.0
370 1.0
403 1.0
409 1.3010299956639813
414 1.0
425 1.0
427 1.9030899869919435
436 1.6020599913279625
437 1.3010299956639813
440 1.6020599913279625
441 1.0
446 1.3010299956639813
447 1.0
451 1.6020599913279625
455 1.0
457 1.0
458 1.3010299956639813
459 1.0
462 1.4771212547196624
463 1.6989700043360187
466 1.3010299956639813
468 1.0
469 1.0
472 1.0
480 1.0
486 1.3010299956639813
491 1.3010299956639813
493 1.0
494 1.0
504 1.0
506 1.3010299956639813
509 1.0
515 1.6020599913279625
524 1.3010299956639813
526 1.3010299956639813
527 1.6020599913279625
528 1.3010299956639813
538 1.4771212547196624
541 1.4771212547196624
542 1.7781512503836436
545 1.0
546 1.4771212547196624
548 1.0
549 1.4771212547196624
551 1.7781512503836436
552 1.4771212547196624
553 1.0
566 1.0
568 1.0
569 1.0
572 1.0
597 1.0
598 1.0
601 1.0
611 1.0
626 1.0
637 1.6020599913279625
679 1.4771212547196624
681 1.0
683 1.0
686 1.3010299956639813
691 1.0
692 1.0
699 1.0
707 1.4771212547196624
710 1.0
716 1.0
717 1.0
720 1.3010299956639813
721 1.3010299956639813
725 1.0
734 1.4771212547196624
739 1.0
741 1.0
768 1.4771212547196624
779 1.3010299956639813
788 1.0
790 1.3010299956639813
801 1.0
814 1.0
851 1.0
905 1.0
906 1.0
918 1.0
985 1.0
1019 1.3010299956639813
1033 1.0
1050 1.0
1065 1.0
1090 1.0
1092 1.0
1117 1.0
1118 1.0
1119 1.0
1129 1.0
1130 1.0
1133 1.0
1134 1.0
1137 1.3010299956639813
1138 1.3010299956639813
1139 1.3010299956639813
1140 1.3010299956639813
1147 1.3010299956639813
1148 1.3010299956639813
1156 1.3010299956639813
1161 1.3010299956639813
1190 1.3010299956639813
1202 1.4771212547196624
1203 1.0
1213 1.0
1218 1.0
1252 1.0
1257 1.0
1259 1.0
1262 1.0
1264 1.4771212547196624
1267 1.6989700043360187
1269 1.3010299956639813
1279 1.845098040014257
1281 1.0
1284 1.3010299956639813
1286 1.0
1288 1.0
1289 1.0
1295 1.0
1301 1.0
1307 1.6989700043360187
1308 1.0
1310 1.4771212547196624
1312 1.0
1317 1.3010299956639813
1323 1.0
