174 1.0
209 1.6989700043360187
217 1.3010299956639813
220 2.0
221 1.0
222 1.845098040014257
273 1.0
289 1.0
307 1.0
312 1.0
329 1.3010299956639813
346 1.0
356 1.0
398 1.3010299956639813
424 1.3010299956639813
428 1.0
464 1.3010299956639813
482 1.0
506 1.6989700043360187
537 1.0
540 1.0
545 1.3010299956639813
558 1.845098040014257
567 1.6020599913279625
570 1.4771212547196624
593 1.3010299956639813
622 1.0
677 1.6989700043360187
679 1.6020599913279625
704 1.0
713 1.0
735 1.0
750 1.3010299956639813
780 1.3010299956639813
781 1.0
790 1.4771212547196624
809 1.0
812 1.0
839 1.4771212547196624
840 1.4771212547196624
893 1.0
904 1.0
943 1.3010299956639813
944 1.3010299956639813
980 1.0
988 1.0
989 1.3010299956639813
1061 1.0
1070 1.0
1072 1.3010299956639813
1149 1.0
1150 1.0
1163 1.0
1198 1.0
1199 1.3010299956639813
1278 1.6020599913279625
1283 1.4771212547196624
1286 1.3010299956639813
1298 1.0
