0 1.3010299956639813
7 1.4771212547196624
30 1.0
41 1.3010299956639813
45 1.0
53 1.7781512503836436
69 1.6020599913279625
74 1.0
107 2.113943352306837
108 1.3010299956639813
149 1.0
152 1.4771212547196624
157 1.3010299956639813
161 1.3010299956639813
168 1.0
179 1.4771212547196624
185 1.0
186 1.4771212547196624
187 1.6989700043360187
190 1.0
193 1.6989700043360187
194 1.0
199 1.3010299956639813
200 1.0
201 1.0
204 1.3010299956639813
230 1.6989700043360187
242 1.3010299956639813
245 1.0
247 1.4771212547196624
256 2.113943352306837
258 1.3010299956639813
264 1.6989700043360187
265 1.0
266 1.3010299956639813
270 1.4771212547196624
272 1.0
296 1.6020599913279625
301 1.3010299956639813
305 1.6020599913279625
310 1.6989700043360187
312 1.0
352 1.0
357 1.0
384 1.845098040014257
386 1.0
387 1.0
401 1.0
402 1.0
418 1.0
432 1.0
443 1.0
444 1.0
445 1.0
454 1.0
488 1.0
491 1.0
494 1.3010299956639813
496 1.3010299956639813
497 1.6989700043360187
500 2.079181246047625
503 1.4771212547196624
518 1.3010299956639813
537 2.0
543 1.6020599913279625
544 1.6020599913279625
556 1.0
559 1.3010299956639813
566 1.4771212547196624
568 1.6020599913279625
569 1.6020599913279625
573 1.3010299956639813
574 1.3010299956639813
576 1.0
578 1.0
582 1.0
583 1.0
584 1.3010299956639813
585 1.3010299956639813
586 1.0
594 1.0
595 1.3010299956639813
596 1.6020599913279625
597 1.3010299956639813
598 1.3010299956639813
602 1.3010299956639813
603 1.3010299956639813
605 1.0
606 1.0
608 2.0413926851582254
609 1.0
610 1.3010299956639813
611 1.0
623 1.0
633 1.0
644 1.0
645 1.0
650 1.3010299956639813
656 1.0
670 1.0
673 1.0
674 1.0
675 1.0
684 1.0
688 1.3010299956639813
691 1.0
695 1.0
702 1.0
709 1.0
715 1.4771212547196624
717 1.6020599913279625
721 1.0
735 1.3010299956639813
741 1.0
751 1.9030899869919435
765 1.6989700043360187
770 1.3010299956639813
776 1.3010299956639813
779 1.0
795 1.0
823 1.3010299956639813
845 1.4771212547196624
856 1.0
867 1.845098040014257
895 1.0
924 1.0
938 1.0
948 1.0
956 1.0
968 1.0
996 1.4771212547196624
1001 2.0413926851582254
1002 1.6989700043360187
1005 1.0
1006 1.0
1009 1.0
1011 1.0
1012 1.0
1014 1.0
1015 1.3010299956639813
1016 1.4771212547196624
1018 1.0
1019 1.0
1022 1.0
1029 1.6989700043360187
1033 1.0
1034 1.0
1036 1.0
1037 1.3010299956639813
1041 1.4771212547196624
1050 1.0
1057 1.0
1058 1.0
1061 1.6020599913279625
1062 1.3010299956639813
1064 1.0
1080 1.3010299956639813
1081 1.6020599913279625
1085 1.0
1091 1.6989700043360187
1098 1.0
1109 1.0
1111 1.7781512503836436
1112 1.7781512503836436
1129 1.7781512503836436
1130 1.7781512503836436
1137 1.0
1138 1.0
1139 1.3010299956639813
1140 1.3010299956639813
1147 1.4771212547196624
1148 1.4771212547196624
1149 1.4771212547196624
1150 1.6020599913279625
1151 1.6020599913279625
1165 1.0
1169 1.0
1173 1.3010299956639813
1193 1.0
1213 1.0
1217 1.0
1218 1.0
1227 1.4771212547196624
1228 1.845098040014257
1229 1.0
1230 1.0
1231 1.6020599913279625
1232 1.3010299956639813
1234 1.6020599913279625
1235 1.9030899869919435
1236 1.3010299956639813
1239 2.0
1242 1.3010299956639813
1246 1.0
1258 1.3010299956639813
1261 1.0
1265 2.255272505103306
1266 1.845098040014257
1272 1.0
1274 1.6020599913279625
1276 1.0
1277 1.9030899869919435
1285 1.3010299956639813
1313 1.0
1314 1.3010299956639813
1322 1.3010299956639813
