0 1.0
4 1.0
11 1.3010299956639813
15 1.6989700043360187
16 1.0
18 1.0
25 1.0
30 1.0
38 1.3010299956639813
39 1.3010299956639813
40 1.0
46 1.0
47 1.3010299956639813
51 1.3010299956639813
54 1.0
58 1.0
59 1.4771212547196624
60 1.4771212547196624
62 1.0
69 1.0
72 1.0
75 1.4771212547196624
77 1.7781512503836436
84 1.0
86 1.0
88 1.0
92 1.0
97 1.0
101 1.4771212547196624
106 1.0
108 1.4771212547196624
109 1.0
110 1.3010299956639813
126 1.0
127 1.3010299956639813
129 1.0
130 1.0
138 1.0
139 1.6020599913279625
142 1.7781512503836436
145 1.6989700043360187
148 1.3010299956639813
153 1.0
154 1.0
157 1.3010299956639813
158 1.0
165 1.4771212547196624
171 1.0
177 1.0
180 1.0
188 1.0
189 1.6989700043360187
191 1.0
193 1.0
195 1.3010299956639813
198 1.0
199 1.0
223 1.3010299956639813
231 1.0
234 1.0
236 1.4771212547196624
237 1.3010299956639813
245 1.0
250 1.0
251 1.3010299956639813
255 1.0
258 1.0
259 1.0
263 1.0
264 1.0
265 1.0
266 1.3010299956639813
268 1.0
276 1.0
277 1.0
279 1.3010299956639813
281 1.0
284 1.3010299956639813
288 1.0
292 1.0
300 1.0
305 1.0
306 1.0
313 1.0
314 1.4771212547196624
322 1.4771212547196624
330 1.0
337 1.9542425094393248
344 1.0
348 1.0
349 1.9030899869919435
350 1.0
353 2.146128035678238
358 1.0
360 1.0
364 1.3010299956639813
367 1.6020599913279625
368 1.6020599913279625
369 1.0
395 1.3010299956639813
396 1.6020599913279625
400 1.6020599913279625
401 1.3010299956639813
411 1.0
417 1.0
422 1.6020599913279625
429 1.0
448 1.0
459 1.0
467 1.6020599913279625
468 1.0
482 1.0
485 1.0
499 1.0
500 1.0
501 1.3010299956639813
503 1.0
511 1.0
513 1.0
516 1.0
518 1.4771212547196624
539 1.0
554 1.0
555 1.0
575 1.0
580 1.0
594 1.0
607 1.3010299956639813
614 1.0
615 1.0
618 1.0
619 1.0
620 1.3010299956639813
629 1.3010299956639813
630 1.3010299956639813
635 1.6989700043360187
636 1.7781512503836436
641 1.0
650 1.0
654 1.3010299956639813
656 1.4771212547196624
664 1.3010299956639813
666 1.6020599913279625
669 1.0
670 1.0
671 1.0
673 1.845098040014257
676 1.0
677 1.6989700043360187
682 1.4771212547196624
687 1.6020599913279625
688 1.0
689 2.255272505103306
690 1.0
692 1.7781512503836436
694 1.0
695 1.0
696 1.0
698 1.3010299956639813
700 1.3010299956639813
704 1.6989700043360187
706 1.0
724 1.4771212547196624
731 1.0
734 1.0
740 1.7781512503836436
741 1.0
742 1.3010299956639813
748 1.3010299956639813
750 1.0
753 1.0
755 1.0
757 1.0
760 1.0
764 1.0
765 1.0
768 1.0
771 1.3010299956639813
787 1.6020599913279625
792 1.6989700043360187
809 1.0
810 1.0
811 1.0
824 1.0
825 1.0
830 1.0
832 1.9030899869919435
833 1.9030899869919435
834 1.6020599913279625
835 1.6020599913279625
838 1.0
841 1.0
843 1.9030899869919435
845 1.0
848 1.6989700043360187
849 1.0
850 1.0
851 1.0
856 1.3010299956639813
859 1.6989700043360187
867 1.6020599913279625
868 1.0
869 1.0
871 1.0
880 1.3010299956639813
881 1.3010299956639813
893 1.6989700043360187
896 1.0
901 1.3010299956639813
911 1.4771212547196624
924 1.0
926 1.0
927 1.4771212547196624
932 1.3010299956639813
933 1.0
935 1.0
938 1.6020599913279625
940 1.0
949 1.3010299956639813
950 1.0
957 1.0
962 1.0
963 1.3010299956639813
965 1.3010299956639813
969 1.0
978 1.0
979 1.0
982 1.3010299956639813
990 1.0
991 1.7781512503836436
996 1.0
1001 1.0
1005 1.3010299956639813
1009 1.0
1011 1.6989700043360187
1012 1.6989700043360187
1014 1.0
1015 1.0
1016 1.0
1019 1.3010299956639813
1020 1.0
1021 1.0
1026 1.0
1028 1.3010299956639813
1033 1.0
1041 1.0
1047 1.3010299956639813
1050 1.4771212547196624
1051 1.3010299956639813
1052 1.3010299956639813
1054 1.0
1055 1.3010299956639813
1057 1.4771212547196624
1058 1.4771212547196624
1065 1.0
1066 1.0
1097 1.0
1114 1.6020599913279625
1115 1.3010299956639813
1116 1.3010299956639813
1117 1.0
1118 1.0
1129 2.079181246047625
1130 2.079181246047625
1131 1.4771212547196624
1132 1.6020599913279625
1133 1.3010299956639813
1134 1.3010299956639813
1135 1.0
1136 1.0
1137 1.6020599913279625
1138 1.6020599913279625
1139 1.3010299956639813
1140 1.3010299956639813
1143 1.0
1144 1.0
1149 1.6020599913279625
1150 1.6020599913279625
1153 1.6989700043360187
1161 1.0
1162 1.0
1165 1.0
1167 1.0
1173 1.0
1174 1.0
1176 1.0
1184 1.0
1191 1.0
1198 1.4771212547196624
1208 1.0
1214 1.0
1218 1.0
1247 1.0
1265 1.0
1278 1.0
1297 1.4771212547196624
1304 1.0
1315 1.3010299956639813
1319 1.0
1323 1.0
1324 1.0
