6 1.0
8 1.0
12 1.0
42 1.4771212547196624
53 1.3010299956639813
56 1.0
65 1.0
159 1.0
192 1.0
225 1.0
233 1.0
260 1.0
278 1.0
309 1.0
316 1.0
338 1.6020599913279625
377 1.0
409 1.3010299956639813
412 1.3010299956639813
415 1.9030899869919435
436 1.0
509 1.0
522 1.0
581 1.0
608 1.0
632 1.0
644 1.0
661 1.0
681 1.0
687 1.4771212547196624
695 1.0
764 1.0
881 1.0
897 1.0
1039 1.0
1092 1.0
1129 1.0
1130 1.0
1141 1.0
1142 1.0
1143 1.0
1144 1.0
1157 1.0
1182 1.3010299956639813
1269 1.0
1307 1.3010299956639813
