1 1.0
65 1.0
73 1.0
102 1.0
116 1.0
127 1.0
137 1.6020599913279625
205 1.0
208 1.3010299956639813
243 1.0
244 1.0
256 1.6989700043360187
261 1.0
272 1.3010299956639813
273 1.0
277 1.3010299956639813
297 1.4771212547196624
310 1.4771212547196624
351 1.4771212547196624
353 1.0
399 1.0
408 1.0
409 1.3010299956639813
420 1.6989700043360187
432 1.0
436 1.0
444 1.0
446 1.0
466 1.0
540 1.0
541 1.6020599913279625
543 1.0
544 1.0
567 1.0
580 1.0
587 1.3010299956639813
593 1.0
645 1.3010299956639813
652 1.0
653 1.0
659 1.0
686 1.0
692 1.4771212547196624
739 1.3010299956639813
740 1.0
761 1.0
769 1.0
788 1.3010299956639813
807 1.3010299956639813
815 1.0
831 1.3010299956639813
837 1.6020599913279625
839 1.0
840 1.0
842 1.3010299956639813
885 1.0
886 1.0
897 1.0
1028 1.0
1039 1.0
1048 1.0
1070 1.0
1086 1.0
1090 1.0
1109 1.0
1177 1.0
1186 1.0
1214 1.0
1224 1.0
