2 1.4771212547196624
3 1.0
5 1.0
6 1.6020599913279625
13 1.3010299956639813
21 1.0
29 1.0
34 1.0
39 1.0
41 1.0
48 1.0
53 1.0
54 1.3010299956639813
62 1.0
69 1.0
74 1.0
75 1.6020599913279625
84 1.4771212547196624
90 1.0
92 1.0
93 1.3010299956639813
94 1.4771212547196624
101 1.3010299956639813
103 1.0
104 1.0
107 1.3010299956639813
109 1.0
113 1.0
114 1.0
115 1.0
118 1.3010299956639813
132 1.0
136 1.0
143 1.0
152 1.6989700043360187
161 1.0
170 1.0
173 1.0
176 1.0
180 1.0
185 1.0
189 1.0
191 1.0
200 1.3010299956639813
201 1.3010299956639813
202 1.0
203 1.3010299956639813
204 1.0
209 1.4771212547196624
210 1.0
211 1.3010299956639813
214 1.0
217 1.3010299956639813
221 1.0
222 1.0
223 1.0
226 1.3010299956639813
228 1.3010299956639813
231 1.3010299956639813
233 1.0
241 1.0
243 1.0
244 1.0
247 1.0
253 1.0
255 1.3010299956639813
256 1.0
258 1.0
263 1.0
264 1.3010299956639813
265 1.845098040014257
272 1.3010299956639813
278 1.3010299956639813
279 1.0
280 1.0
288 1.0
290 1.3010299956639813
305 1.0
307 1.0
310 1.4771212547196624
311 1.4771212547196624
312 1.0
313 1.0
322 1.0
323 1.0
329 1.4771212547196624
340 1.0
343 1.0
344 1.0
349 1.3010299956639813
363 1.0
373 1.0
380 1.0
387 1.845098040014257
388 1.0
390 1.0
393 1.0
396 1.3010299956639813
399 1.0
400 1.6020599913279625
401 1.0
402 1.0
403 1.0
409 1.7781512503836436
417 1.0
418 1.0
422 1.3010299956639813
424 1.0
427 1.0
429 1.4771212547196624
430 1.3010299956639813
431 1.0
432 1.0
433 1.4771212547196624
434 1.0
436 1.0
437 1.0
438 1.0
440 1.0
442 1.4771212547196624
444 1.6020599913279625
446 1.0
447 1.3010299956639813
449 1.3010299956639813
451 1.0
453 1.0
454 1.0
463 1.0
464 1.3010299956639813
478 1.0
480 1.0
485 1.0
486 1.0
488 1.0
494 1.0
496 1.0
499 1.0
500 1.0
501 1.3010299956639813
503 1.0
504 1.0
509 1.0
518 1.3010299956639813
521 1.3010299956639813
531 1.0
533 1.0
538 1.3010299956639813
540 1.0
541 1.0
542 1.6020599913279625
543 1.0
544 1.0
547 1.0
548 1.0
551 1.0
553 1.0
555 1.3010299956639813
559 1.3010299956639813
566 1.0
568 1.0
569 1.0
570 1.4771212547196624
572 1.0
573 1.0
574 1.0
578 1.3010299956639813
579 1.0
580 1.0
581 1.0
584 1.0
585 1.0
591 1.3010299956639813
594 1.0
601 1.3010299956639813
602 1.3010299956639813
603 1.3010299956639813
608 1.0
611 1.3010299956639813
622 1.0
623 1.6020599913279625
633 1.4771212547196624
642 1.3010299956639813
645 1.0
647 1.0
651 1.6020599913279625
663 1.3010299956639813
668 1.3010299956639813
674 1.7781512503836436
675 1.7781512503836436
676 1.3010299956639813
677 1.4771212547196624
680 1.4771212547196624
681 1.3010299956639813
682 1.0
684 1.0
685 1.0
686 1.0
690 1.0
695 1.0
698 1.6020599913279625
701 1.3010299956639813
705 1.0
707 1.3010299956639813
720 1.0
721 1.3010299956639813
724 1.4771212547196624
731 1.0
740 1.3010299956639813
741 1.0
742 1.7781512503836436
745 1.0
749 1.3010299956639813
751 1.3010299956639813
754 1.3010299956639813
764 1.0
765 1.4771212547196624
770 1.3010299956639813
771 1.4771212547196624
779 1.9030899869919435
781 1.3010299956639813
790 1.0
796 1.0
802 1.7781512503836436
803 1.7781512503836436
824 1.4771212547196624
825 1.4771212547196624
826 1.0
838 1.0
839 1.6020599913279625
840 1.6020599913279625
845 1.3010299956639813
850 1.0
870 1.6989700043360187
879 1.0
895 1.0
897 1.0
900 1.0
914 1.0
915 1.3010299956639813
930 1.0
932 1.4771212547196624
963 1.7781512503836436
995 1.0
999 1.3010299956639813
1006 1.0
1019 1.6989700043360187
1029 1.0
1037 1.3010299956639813
1041 1.3010299956639813
1044 1.6020599913279625
1046 1.0
1060 1.4771212547196624
1061 1.3010299956639813
1064 1.6989700043360187
1067 1.0
1074 1.3010299956639813
1075 1.3010299956639813
1078 1.0
1080 1.4771212547196624
1086 1.6020599913279625
1091 1.0
1092 1.0
1096 1.0
1105 1.0
1106 1.0
1110 1.0
1111 1.3010299956639813
1112 1.3010299956639813
1119 1.0
1120 1.0
1126 1.0
1127 1.3010299956639813
1128 1.3010299956639813
1152 1.0
1160 1.0
1163 1.0
1166 1.3010299956639813
1168 1.0
1170 1.0
1173 1.0
1175 1.0
1176 1.6020599913279625
1177 1.0
1183 1.0
1185 1.0
1187 1.0
1189 1.0
1190 1.0
1194 1.0
1202 1.4771212547196624
1208 1.0
1214 1.0
1219 1.0
1221 1.0
1226 1.0
1228 1.0
1233 1.3010299956639813
1238 1.0
1239 1.6989700043360187
1242 1.0
1245 1.0
1249 1.0
1251 1.0
1258 1.4771212547196624
1263 1.0
1264 1.0
1266 1.3010299956639813
1271 1.0
1272 1.0
1274 1.0
1277 1.6989700043360187
1284 1.0
1285 1.0
1294 1.3010299956639813
1297 1.0
1299 1.3010299956639813
1304 1.0
1310 1.4771212547196624
1313 1.0
