2 1.6020599913279625
5 1.3010299956639813
6 1.0
37 1.3010299956639813
41 1.0
48 1.0
73 1.0
75 1.0
81 1.0
82 1.3010299956639813
83 1.0
113 1.0
114 1.0
128 1.0
176 1.3010299956639813
192 1.0
195 1.0
214 1.0
217 1.0
222 1.0
233 1.0
234 1.0
238 1.3010299956639813
264 1.3010299956639813
302 1.3010299956639813
309 1.3010299956639813
312 1.0
340 1.0
346 1.0
361 1.0
363 1.0
379 1.0
388 1.3010299956639813
393 1.0
395 1.0
404 1.0
417 1.0
430 1.0
433 1.0
450 1.3010299956639813
452 1.0
454 1.0
455 1.0
456 1.0
459 1.0
474 1.0
476 1.0
486 1.0
494 1.0
498 1.3010299956639813
503 1.0
505 1.0
506 1.0
510 1.0
518 1.4771212547196624
520 1.3010299956639813
536 1.3010299956639813
548 1.0
552 1.0
554 1.0
577 1.0
589 1.0
590 1.0
592 1.0
597 1.3010299956639813
598 1.3010299956639813
621 1.0
622 1.0
644 1.0
645 1.0
650 1.0
652 1.0
659 1.0
661 1.3010299956639813
665 1.0
677 1.3010299956639813
682 1.6020599913279625
684 1.0
687 1.3010299956639813
688 1.3010299956639813
689 1.0
694 1.3010299956639813
698 1.0
704 1.6020599913279625
705 1.0
708 1.0
715 1.0
716 1.0
721 1.0
741 1.0
749 1.0
756 1.0
764 2.1760912590556813
765 1.0
779 1.3010299956639813
781 1.0
795 1.3010299956639813
802 1.0
803 1.0
812 1.0
821 1.3010299956639813
889 1.0
890 1.0
893 1.0
902 1.0
922 1.0
939 1.0
948 1.0
979 1.0
985 1.0
1027 1.0
1028 1.6020599913279625
1034 1.0
1047 1.0
1048 1.3010299956639813
1056 1.0
1062 1.3010299956639813
1068 1.0
1070 1.0
1072 1.3010299956639813
1074 1.4771212547196624
1075 1.4771212547196624
1080 1.0
1081 1.3010299956639813
1085 1.6020599913279625
1088 1.0
1096 1.0
1102 1.0
1104 1.0
1109 1.3010299956639813
1121 1.0
1129 1.4771212547196624
1130 1.4771212547196624
1147 1.0
1148 1.0
1156 1.3010299956639813
1174 1.0
1177 1.0
1180 1.0
1182 1.0
1194 1.0
1201 1.0
1204 1.3010299956639813
1206 1.0
1226 1.0
1257 1.0
