0 1.0
1 1.0
2 1.3010299956639813
3 1.4771212547196624
5 1.7781512503836436
6 1.7781512503836436
7 1.0
9 1.3010299956639813
11 1.3010299956639813
13 1.4771212547196624
21 1.0
27 1.4771212547196624
29 1.0
34 1.6020599913279625
36 1.0
41 1.0
42 1.0
43 1.3010299956639813
44 1.0
45 1.0
47 1.0
49 1.4771212547196624
50 1.6020599913279625
56 1.9542425094393248
58 1.6020599913279625
59 1.6989700043360187
60 1.6989700043360187
61 1.0
62 1.0
69 1.4771212547196624
71 1.0
72 1.4771212547196624
77 1.4771212547196624
79 1.0
80 1.3010299956639813
81 1.3010299956639813
82 1.0
88 1.0
90 1.3010299956639813
91 1.3010299956639813
93 1.3010299956639813
94 1.3010299956639813
99 1.3010299956639813
101 1.6989700043360187
103 1.6020599913279625
104 1.4771212547196624
105 1.0
107 1.0
108 1.4771212547196624
109 1.3010299956639813
110 1.0
111 1.3010299956639813
115 1.0
118 1.0
120 1.0
123 1.4771212547196624
124 1.4771212547196624
125 1.3010299956639813
127 1.3010299956639813
129 1.3010299956639813
130 1.0
136 1.0
137 1.0
139 1.0
141 1.4771212547196624
142 1.0
143 1.0
145 1.4771212547196624
147 1.0
148 1.3010299956639813
149 1.0
158 1.845098040014257
162 1.0
171 1.6020599913279625
172 1.0
173 1.3010299956639813
174 1.0
175 1.6989700043360187
176 1.0
182 1.4771212547196624
189 1.0
191 1.9030899869919435
192 1.0
195 1.3010299956639813
196 1.3010299956639813
197 1.0
202 1.4771212547196624
206 1.0
209 1.0
210 1.6020599913279625
213 1.6989700043360187
215 1.0
216 1.6020599913279625
217 1.0
219 1.3010299956639813
220 1.0
221 1.3010299956639813
222 1.6020599913279625
224 1.3010299956639813
225 1.0
229 1.0
231 1.7781512503836436
233 1.0
236 1.7781512503836436
237 1.0
240 1.0
242 1.6989700043360187
243 1.9542425094393248
244 1.0
245 2.0413926851582254
246 1.0
247 1.3010299956639813
248 1.3010299956639813
249 1.3010299956639813
254 1.3010299956639813
257 1.4771212547196624
259 1.9030899869919435
260 1.3010299956639813
261 1.0
263 1.3010299956639813
264 1.3010299956639813
265 1.0
267 1.0
268 1.3010299956639813
271 1.0
276 1.4771212547196624
277 1.3010299956639813
278 1.6989700043360187
293 1.0
297 1.3010299956639813
302 1.0
304 1.0
306 1.0
307 1.3010299956639813
308 1.6989700043360187
311 1.0
313 1.6989700043360187
314 1.0
316 1.0
318 1.0
319 1.3010299956639813
321 1.0
322 1.0
325 1.0
327 1.0
332 1.0
342 1.0
344 1.0
346 1.0
349 1.3010299956639813
350 1.3010299956639813
353 1.3010299956639813
354 1.0
361 1.0
362 1.6020599913279625
364 1.7781512503836436
368 1.0
369 1.0
370 1.3010299956639813
373 1.4771212547196624
374 1.0
375 1.0
376 1.0
378 1.0
379 1.4771212547196624
381 1.0
386 1.0
387 1.3010299956639813
388 1.6989700043360187
390 1.4771212547196624
391 1.0
396 1.3010299956639813
397 1.0
399 1.0
400 1.4771212547196624
401 1.0
405 1.0
417 1.0
418 1.3010299956639813
422 1.3010299956639813
425 1.4771212547196624
427 1.0
428 1.4771212547196624
429 1.0
430 1.3010299956639813
433 1.3010299956639813
434 1.3010299956639813
436 1.0
437 1.0
440 1.6020599913279625
442 1.3010299956639813
443 1.0
446 1.3010299956639813
451 1.4771212547196624
452 1.845098040014257
454 1.0
456 1.0
457 1.0
459 1.3010299956639813
461 1.845098040014257
462 1.6020599913279625
464 1.6020599913279625
465 1.0
466 1.3010299956639813
467 1.6020599913279625
468 1.3010299956639813
472 1.0
473 1.3010299956639813
474 1.4771212547196624
476 1.3010299956639813
477 1.0
478 1.3010299956639813
479 1.7781512503836436
486 1.6989700043360187
488 1.7781512503836436
491 1.9030899869919435
492 1.0
494 1.6989700043360187
496 1.3010299956639813
497 1.0
501 1.4771212547196624
502 1.0
504 1.6020599913279625
506 1.9030899869919435
510 1.3010299956639813
515 1.4771212547196624
517 1.3010299956639813
518 1.6989700043360187
521 1.6020599913279625
523 1.0
524 1.3010299956639813
525 1.845098040014257
526 1.3010299956639813
527 1.0
529 1.0
531 1.0
532 1.3010299956639813
533 1.0
534 2.0
535 1.4771212547196624
536 1.4771212547196624
538 1.3010299956639813
540 1.3010299956639813
541 1.3010299956639813
542 1.3010299956639813
545 1.4771212547196624
546 1.6989700043360187
547 1.3010299956639813
548 1.4771212547196624
549 1.0
551 1.4771212547196624
552 1.0
554 1.4771212547196624
558 1.0
560 1.6020599913279625
564 1.6020599913279625
565 1.0
566 1.0
568 1.6989700043360187
569 1.6989700043360187
578 1.845098040014257
581 1.0
584 1.3010299956639813
585 1.3010299956639813
586 1.3010299956639813
587 1.0
589 1.0
592 1.845098040014257
597 1.3010299956639813
598 1.3010299956639813
599 1.0
601 1.4771212547196624
602 1.3010299956639813
603 1.3010299956639813
608 1.0
611 1.0
614 1.0
615 1.0
622 1.0
624 1.3010299956639813
625 1.3010299956639813
626 1.0
632 1.0
637 1.9542425094393248
640 1.3010299956639813
643 1.0
644 1.4771212547196624
645 1.0
649 1.0
650 1.0
651 1.0
652 1.0
656 1.6989700043360187
658 1.0
659 1.6989700043360187
662 1.0
665 1.0
669 1.9030899869919435
670 1.9030899869919435
671 1.6020599913279625
674 1.0
675 1.0
677 1.3010299956639813
678 1.4771212547196624
679 1.6020599913279625
680 1.3010299956639813
681 1.3010299956639813
684 1.6020599913279625
685 1.0
686 1.0
687 1.0
688 1.0
690 1.4771212547196624
693 1.7781512503836436
694 1.3010299956639813
699 1.0
700 1.3010299956639813
703 1.4771212547196624
704 1.6020599913279625
705 1.0
706 1.0
707 2.079181246047625
708 1.0
710 1.3010299956639813
713 1.0
714 1.0
716 1.0
718 1.6020599913279625
720 1.3010299956639813
721 1.7781512503836436
723 1.3010299956639813
730 1.0
731 1.3010299956639813
734 1.6020599913279625
735 1.0
739 2.6020599913279625
744 1.3010299956639813
748 1.0
749 1.0
751 1.0
754 1.0
757 1.0
763 1.3010299956639813
764 1.3010299956639813
768 1.3010299956639813
770 2.0
771 1.4771212547196624
772 1.0
773 1.0
781 1.3010299956639813
782 1.3010299956639813
783 1.0
785 1.0
786 1.4771212547196624
787 1.0
788 2.146128035678238
790 1.9542425094393248
795 1.3010299956639813
809 1.0
812 1.0
813 1.4771212547196624
820 1.0
822 1.0
824 1.0
825 1.0
837 1.0
838 1.0
839 1.0
840 1.0
845 1.0
848 1.0
851 2.0413926851582254
852 1.4771212547196624
856 1.3010299956639813
861 1.0
862 1.0
864 2.414973347970818
868 1.6020599913279625
869 1.6020599913279625
870 1.0
871 1.0
872 1.3010299956639813
885 2.255272505103306
889 1.6020599913279625
890 1.6020599913279625
893 1.0
897 1.3010299956639813
901 1.3010299956639813
902 1.0
903 1.3010299956639813
905 1.845098040014257
906 1.0
907 2.0413926851582254
909 1.0
914 1.0
918 2.3979400086720375
926 1.0
927 1.0
932 1.4771212547196624
933 1.0
935 1.4771212547196624
941 1.0
942 1.0
943 1.0
944 1.0
950 1.4771212547196624
965 1.0
968 1.0
974 1.0
979 1.0
982 1.0
988 1.6020599913279625
989 1.0
996 1.0
1000 1.3010299956639813
1005 2.146128035678238
1006 1.0
1008 1.0
1011 1.845098040014257
1012 1.845098040014257
1013 2.0
1015 1.845098040014257
1016 2.0413926851582254
1019 1.0
1020 1.4771212547196624
1021 1.0
1024 1.3010299956639813
1027 1.6020599913279625
1028 1.4771212547196624
1029 1.0
1036 1.0
1044 1.6020599913279625
1048 1.3010299956639813
1050 1.0
1053 1.0
1054 2.3222192947339195
1057 1.845098040014257
1058 1.845098040014257
1059 1.6989700043360187
1062 1.0
1066 1.3010299956639813
1072 1.6020599913279625
1074 1.0
1075 1.0
1080 1.845098040014257
1081 1.0
1083 1.3010299956639813
1085 1.3010299956639813
1086 1.4771212547196624
1088 1.0
1092 1.6989700043360187
1093 1.3010299956639813
1096 1.0
1103 1.4771212547196624
1104 1.9030899869919435
1111 1.0
1112 1.0
1114 1.3010299956639813
1115 1.3010299956639813
1116 1.3010299956639813
1117 1.4771212547196624
1118 1.4771212547196624
1119 1.6989700043360187
1121 1.0
1123 1.0
1127 1.6989700043360187
1128 1.6989700043360187
1129 1.845098040014257
1130 1.845098040014257
1131 1.3010299956639813
1132 1.3010299956639813
1133 1.0
1134 1.0
1137 1.7781512503836436
1138 1.7781512503836436
1139 2.361727836017593
1140 2.568201724066995
1141 2.113943352306837
1142 2.113943352306837
1143 1.3010299956639813
1144 1.3010299956639813
1145 1.7781512503836436
1146 1.7781512503836436
1147 2.113943352306837
1148 2.113943352306837
1149 2.079181246047625
1150 2.204119982655925
1155 1.3010299956639813
1156 1.0
1159 1.0
1161 1.4771212547196624
1162 1.3010299956639813
1167 1.3010299956639813
1170 1.3010299956639813
1172 1.0
1173 1.4771212547196624
1176 1.6020599913279625
1180 1.0
1182 1.0
1189 1.4771212547196624
1191 1.0
1193 1.3010299956639813
1197 1.0
1198 1.0
1203 1.0
1204 1.3010299956639813
1206 1.0
1207 1.4771212547196624
1212 1.0
1213 2.0
1216 1.0
1225 1.0
1232 1.0
1236 1.3010299956639813
1237 1.0
1238 1.0
1243 2.230448921378274
1244 1.0
1245 1.0
1246 1.6020599913279625
1247 1.4771212547196624
1248 1.0
1250 1.3010299956639813
1251 1.0
1252 1.0
1254 1.3010299956639813
1256 1.3010299956639813
1257 1.3010299956639813
1258 1.0
1259 1.3010299956639813
1261 1.0
1262 1.0
1263 1.6020599913279625
1264 1.6020599913279625
1266 1.3010299956639813
1268 1.845098040014257
1271 1.0
1272 1.0
1275 1.0
1277 1.0
1279 1.6020599913279625
1281 1.0
1284 1.0
1285 1.3010299956639813
1286 1.6020599913279625
1288 1.6020599913279625
1289 1.3010299956639813
1293 1.3010299956639813
1295 1.3010299956639813
1297 1.0
1298 1.3010299956639813
1301 1.3010299956639813
1302 1.6020599913279625
1304 1.4771212547196624
1305 1.3010299956639813
1306 1.3010299956639813
1307 1.0
1308 1.0
1310 1.0
1312 1.0
1313 1.3010299956639813
1315 1.3010299956639813
1317 1.0
1318 1.0
1320 1.0
1321 1.7781512503836436
