15 1.0
20 1.0
32 1.0
54 1.0
62 1.4771212547196624
63 1.0
78 1.0
81 1.3010299956639813
110 1.0
117 1.6020599913279625
128 1.0
137 1.0
139 1.0
145 1.0
149 1.3010299956639813
176 1.0
179 1.0
190 1.4771212547196624
247 1.0
265 1.0
268 1.0
274 1.4771212547196624
301 1.0
334 1.0
340 1.0
344 1.4771212547196624
346 2.3010299956639813
352 1.0
353 1.3010299956639813
367 1.4771212547196624
371 1.6989700043360187
391 1.0
404 1.0
406 1.0
407 1.6989700043360187
444 1.0
450 1.0
474 2.079181246047625
482 1.0
498 1.4771212547196624
501 1.4771212547196624
503 1.0
507 1.0
508 1.0
517 1.9030899869919435
534 1.0
537 1.0
543 1.0
544 1.0
550 1.0
558 1.3010299956639813
567 1.0
576 1.3010299956639813
584 1.4771212547196624
585 1.4771212547196624
587 1.0
592 1.4771212547196624
611 1.0
615 1.0
622 1.3010299956639813
640 1.3010299956639813
656 1.0
688 1.3010299956639813
689 1.0
690 1.0
694 1.3010299956639813
696 1.6020599913279625
705 1.0
726 1.0
729 1.3010299956639813
780 1.0
784 1.0
796 1.0
802 1.0
803 1.0
811 1.0
829 1.3010299956639813
838 1.0
839 1.0
840 1.0
845 1.0
848 1.7781512503836436
855 1.4771212547196624
861 1.845098040014257
865 1.0
871 1.3010299956639813
872 1.0
889 1.0
890 1.0
897 1.0
901 1.3010299956639813
902 1.0
911 1.0
922 1.4771212547196624
924 1.0
927 1.0
929 1.3010299956639813
941 1.0
942 2.0413926851582254
948 1.0
950 1.0
952 1.0
954 1.6020599913279625
962 1.0
963 1.0
979 1.0
989 1.0
997 1.0
1006 1.0
1036 1.0
1038 1.0
1051 1.0
1056 1.0
1078 1.3010299956639813
1086 1.0
1094 1.0
1096 1.0
1105 1.845098040014257
1106 1.845098040014257
1109 1.0
1119 1.0
1126 1.0
1129 1.0
1130 1.0
1172 1.0
1193 1.0
1204 1.0
1260 1.6020599913279625
1302 1.0
1309 1.0
1311 1.3010299956639813
