15 1.3010299956639813
53 1.3010299956639813
163 1.0
179 1.3010299956639813
180 1.0
193 1.3010299956639813
200 1.0
201 1.0
230 1.3010299956639813
247 1.0
264 1.0
302 1.0
384 1.3010299956639813
388 1.0
401 1.0
442 1.0
496 1.6020599913279625
500 1.0
539 1.0
562 1.0
563 1.0
597 1.0
598 1.0
602 1.0
603 1.0
608 1.4771212547196624
609 1.0
611 1.0
677 1.0
680 1.0
682 1.4771212547196624
688 1.0
691 1.0
699 1.3010299956639813
700 1.0
704 1.4771212547196624
731 1.0
742 1.0
751 1.4771212547196624
764 2.146128035678238
779 1.0
794 1.0
795 1.0
821 1.0
838 1.0
851 1.0
867 1.3010299956639813
895 1.3010299956639813
910 1.0
1019 1.0
1022 1.0
1028 1.0
1032 1.0
1061 1.3010299956639813
1085 1.4771212547196624
1086 1.7781512503836436
1091 1.7781512503836436
1092 1.0
1109 1.0
1111 1.4771212547196624
1112 1.4771212547196624
1129 1.3010299956639813
1130 1.3010299956639813
1137 1.4771212547196624
1138 1.4771212547196624
1139 1.3010299956639813
1140 1.3010299956639813
1141 1.4771212547196624
1142 1.4771212547196624
1143 1.0
1144 1.0
1213 1.0
1223 1.3010299956639813
1235 1.0
1276 1.0
1314 1.0
