0 1.3010299956639813
1 1.0
5 1.3010299956639813
6 1.0
7 1.0
11 1.4771212547196624
12 1.4771212547196624
14 1.6989700043360187
15 1.3010299956639813
17 1.3010299956639813
19 1.0
23 1.0
26 1.3010299956639813
32 1.0
33 1.0
34 1.0
35 1.0
41 1.3010299956639813
45 1.4771212547196624
47 1.6020599913279625
51 1.4771212547196624
55 1.0
56 1.4771212547196624
58 1.3010299956639813
62 1.3010299956639813
64 1.3010299956639813
65 1.4771212547196624
69 1.0
73 1.0
75 1.4771212547196624
76 1.0
78 1.0
83 1.0
85 1.3010299956639813
89 1.0
93 1.4771212547196624
94 1.6989700043360187
99 1.0
100 1.3010299956639813
101 1.6020599913279625
104 1.0
105 1.6020599913279625
108 1.3010299956639813
113 1.6989700043360187
114 1.6989700043360187
116 1.0
123 1.0
124 1.0
126 1.4771212547196624
127 1.6020599913279625
131 1.0
135 1.3010299956639813
137 1.0
138 1.0
139 1.6020599913279625
141 1.6989700043360187
144 1.3010299956639813
147 1.4771212547196624
148 1.3010299956639813
149 1.4771212547196624
161 1.0
166 1.4771212547196624
168 1.0
173 1.0
175 1.6989700043360187
176 1.0
189 1.3010299956639813
193 1.4771212547196624
194 1.3010299956639813
195 1.6020599913279625
196 1.0
197 1.0
200 1.0
201 1.0
202 1.3010299956639813
203 1.3010299956639813
209 1.0
210 1.0
211 1.0
212 1.0
213 1.0
215 1.0
216 1.0
217 1.3010299956639813
219 1.0
220 1.3010299956639813
221 1.3010299956639813
225 1.0
226 1.0
229 1.0
231 1.4771212547196624
234 1.0
235 1.0
236 1.0
237 1.0
238 1.0
241 1.0
245 1.4771212547196624
246 1.6020599913279625
249 1.0
254 1.0
260 1.0
261 1.0
265 2.204119982655925
271 1.9542425094393248
274 2.0413926851582254
275 1.7781512503836436
276 1.0
281 1.4771212547196624
284 1.845098040014257
287 1.0
288 1.0
289 1.0
291 1.0
292 1.0
294 1.0
300 1.0
302 1.6020599913279625
303 1.0
305 1.0
306 1.3010299956639813
311 1.0
314 1.6020599913279625
319 1.0
321 1.0
325 1.0
327 1.0
328 1.4771212547196624
329 1.0
334 1.0
343 1.0
344 1.6020599913279625
353 1.9030899869919435
356 1.6020599913279625
365 1.0
367 1.0
368 1.0
370 1.3010299956639813
371 1.0
375 1.0
378 1.3010299956639813
379 1.4771212547196624
380 1.4771212547196624
381 1.0
383 1.0
386 1.4771212547196624
388 1.0
389 1.0
390 1.0
392 1.0
394 1.0
399 1.0
400 1.6020599913279625
402 1.0
403 1.3010299956639813
408 1.0
410 1.0
411 1.0
412 1.3010299956639813
417 2.0
420 1.3010299956639813
422 1.4771212547196624
423 1.0
424 1.0
427 1.0
436 1.0
437 1.3010299956639813
440 1.3010299956639813
443 1.0
444 1.0
447 1.0
451 1.3010299956639813
455 1.0
459 1.4771212547196624
460 1.4771212547196624
462 1.3010299956639813
463 1.0
468 1.3010299956639813
469 1.6989700043360187
473 1.3010299956639813
474 1.4771212547196624
478 1.0
481 1.0
482 1.0
488 1.3010299956639813
490 1.0
491 1.4771212547196624
492 1.0
493 1.0
496 1.3010299956639813
497 1.4771212547196624
499 1.0
500 1.0
506 1.9542425094393248
508 1.0
509 1.0
510 1.0
512 1.0
517 1.0
525 1.0
526 1.4771212547196624
527 1.3010299956639813
530 1.0
534 1.4771212547196624
535 1.0
536 1.0
538 1.0
539 1.0
540 2.0
541 1.4771212547196624
542 1.0
547 1.3010299956639813
548 1.0
549 1.0
550 1.6020599913279625
551 1.6989700043360187
552 1.0
557 1.0
560 1.0
566 1.0
567 1.3010299956639813
568 1.0
569 1.0
575 1.3010299956639813
577 1.3010299956639813
578 1.4771212547196624
582 1.4771212547196624
583 1.4771212547196624
588 1.6989700043360187
592 1.0
597 1.0
598 1.0
610 1.3010299956639813
612 1.0
622 1.0
627 1.0
633 1.0
637 1.6020599913279625
638 1.3010299956639813
639 1.3010299956639813
644 1.0
645 1.6020599913279625
647 1.4771212547196624
653 1.6020599913279625
657 1.6989700043360187
658 1.0
674 1.0
675 1.0
676 1.6020599913279625
677 1.3010299956639813
679 1.0
681 1.0
684 1.0
687 1.4771212547196624
689 1.0
690 1.3010299956639813
692 1.3010299956639813
694 1.6020599913279625
695 1.4771212547196624
697 1.0
704 1.3010299956639813
706 2.255272505103306
707 1.6989700043360187
709 1.0
711 1.3010299956639813
715 1.3010299956639813
717 1.3010299956639813
721 1.6020599913279625
725 1.4771212547196624
727 1.0
728 1.845098040014257
733 2.361727836017593
739 1.3010299956639813
742 1.0
743 1.0
744 1.0
749 1.0
750 1.0
751 1.845098040014257
759 1.4771212547196624
761 1.3010299956639813
764 1.0
770 1.3010299956639813
771 1.0
772 1.0
779 1.3010299956639813
781 1.4771212547196624
783 1.6989700043360187
787 1.3010299956639813
794 2.255272505103306
795 1.6020599913279625
802 1.6020599913279625
803 1.6020599913279625
807 1.0
811 1.0
812 1.0
813 1.0
814 1.4771212547196624
815 1.9030899869919435
819 1.845098040014257
822 1.0
824 1.4771212547196624
825 1.4771212547196624
826 1.0
839 1.0
840 1.0
841 1.0
845 2.0413926851582254
847 1.3010299956639813
850 1.6989700043360187
851 1.4771212547196624
854 1.0
858 1.3010299956639813
866 1.0
870 1.9030899869919435
874 1.0
877 1.0
879 1.4771212547196624
881 1.4771212547196624
888 1.0
889 1.6989700043360187
890 1.6989700043360187
893 1.845098040014257
895 1.7781512503836436
901 2.113943352306837
903 1.7781512503836436
904 1.3010299956639813
907 1.0
924 1.0
926 1.3010299956639813
929 1.0
931 1.0
935 1.0
943 1.3010299956639813
944 1.3010299956639813
948 1.0
963 1.0
968 1.3010299956639813
979 1.0
983 1.0
989 1.6020599913279625
1005 1.3010299956639813
1006 1.6020599913279625
1008 1.6020599913279625
1010 1.3010299956639813
1013 1.0
1014 1.0
1019 1.4771212547196624
1020 1.3010299956639813
1028 1.4771212547196624
1033 1.0
1042 1.0
1045 1.0
1049 1.0
1050 1.3010299956639813
1054 1.3010299956639813
1055 1.4771212547196624
1062 1.3010299956639813
1065 1.3010299956639813
1070 1.0
1071 1.4771212547196624
1072 1.0
1073 1.3010299956639813
1074 1.3010299956639813
1075 1.3010299956639813
1078 1.3010299956639813
1083 1.6020599913279625
1085 1.0
1088 1.0
1089 1.4771212547196624
1095 1.0
1096 1.6020599913279625
1101 1.0
1104 1.0
1113 1.3010299956639813
1114 1.0
1117 1.0
1118 1.0
1119 1.0
1121 1.845098040014257
1123 1.0
1124 1.0
1127 1.3010299956639813
1128 1.3010299956639813
1129 1.6020599913279625
1130 1.6020599913279625
1137 1.0
1138 1.0
1141 1.3010299956639813
1142 1.3010299956639813
1145 1.3010299956639813
1146 1.3010299956639813
1149 1.3010299956639813
1150 1.3010299956639813
1153 1.6020599913279625
1154 1.0
1158 1.4771212547196624
1160 1.7781512503836436
1161 1.4771212547196624
1162 1.4771212547196624
1168 1.3010299956639813
1171 1.3010299956639813
1172 1.3010299956639813
1177 1.4771212547196624
1181 1.0
1182 1.3010299956639813
1183 1.3010299956639813
1196 1.0
1197 1.0
1198 1.3010299956639813
1200 1.0
1202 1.845098040014257
1204 1.3010299956639813
1206 1.0
1209 1.0
1213 1.0
1214 1.0
1218 1.0
1226 1.0
1234 1.3010299956639813
1235 1.0
1239 1.0
1241 1.0
1244 1.0
1247 1.3010299956639813
1264 1.3010299956639813
1268 1.0
1270 1.6020599913279625
1271 1.0
1277 1.0
1279 1.6989700043360187
1280 1.0
1282 1.0
1284 1.0
1289 1.0
1294 1.4771212547196624
1298 1.6020599913279625
1301 1.845098040014257
1302 1.0
1306 1.0
1308 1.0
1312 1.0
1318 1.0
1319 1.0
1322 1.4771212547196624
