3 1.0
14 1.4771212547196624
74 1.0
93 1.0
107 1.0
152 1.0
169 1.0
176 1.0
177 1.0
178 1.0
185 1.0
199 1.0
216 1.0
218 1.0
219 1.0
227 1.3010299956639813
241 1.4771212547196624
245 1.0
255 1.0
257 1.4771212547196624
258 1.0
264 1.3010299956639813
270 1.0
295 1.0
302 1.0
352 1.0
356 1.0
376 1.4771212547196624
385 1.0
388 1.0
398 1.3010299956639813
400 1.0
401 1.0
412 1.0
431 1.0
433 1.3010299956639813
438 1.0
443 1.6989700043360187
447 1.0
449 1.0
459 1.0
462 1.0
496 1.0
503 1.4771212547196624
518 1.0
535 1.7781512503836436
537 1.0
541 1.0
543 1.4771212547196624
544 1.4771212547196624
552 1.0
559 1.0
561 1.0
566 1.3010299956639813
568 1.6989700043360187
569 1.6989700043360187
570 1.0
576 1.3010299956639813
579 1.0
584 1.0
585 1.0
588 1.0
594 1.0
595 1.3010299956639813
597 1.0
598 1.0
599 1.0
602 1.6020599913279625
603 1.6020599913279625
605 1.6020599913279625
606 1.6020599913279625
608 1.0
609 1.7781512503836436
610 1.0
611 1.3010299956639813
615 1.0
651 1.3010299956639813
664 1.0
669 1.0
672 1.0
674 1.6020599913279625
675 1.6020599913279625
676 1.0
677 1.3010299956639813
678 1.0
682 1.4771212547196624
687 1.0
691 1.0
692 1.4771212547196624
710 1.0
715 1.3010299956639813
717 1.0
721 1.0
731 1.3010299956639813
735 1.4771212547196624
742 1.0
748 1.0
749 1.0
751 1.4771212547196624
770 1.0
773 1.0
776 1.0
779 1.3010299956639813
781 1.0
824 1.0
825 1.0
837 1.0
870 1.0
914 1.0
1018 1.0
1019 1.0
1032 1.0
1035 1.3010299956639813
1038 1.0
1045 1.0
1050 1.3010299956639813
1059 1.6020599913279625
1061 1.0
1064 1.0
1080 1.0
1086 1.3010299956639813
1091 1.6020599913279625
1092 1.0
1098 1.0
1105 1.3010299956639813
1106 1.3010299956639813
1126 1.3010299956639813
1147 1.4771212547196624
1148 1.4771212547196624
1152 1.3010299956639813
1198 1.0
1214 1.0
1216 1.0
1230 1.6020599913279625
1239 1.0
1245 1.0
1266 1.0
1272 1.3010299956639813
1274 1.0
1285 1.0
1286 1.0
1314 1.3010299956639813
