5 1.0
43 1.0
45 1.0
59 1.0
60 1.0
70 1.6020599913279625
83 1.3010299956639813
253 1.0
264 1.0
265 1.0
274 1.0
277 1.0
297 1.0
311 1.3010299956639813
312 1.0
314 1.0
387 1.0
392 1.6020599913279625
398 1.0
408 1.0
420 1.0
430 1.0
454 1.3010299956639813
498 1.0
539 1.0
540 1.7781512503836436
567 1.0
575 1.4771212547196624
613 1.3010299956639813
657 1.0
659 1.3010299956639813
687 1.0
689 1.0
694 1.0
698 1.0
741 1.6020599913279625
745 1.0
759 1.6989700043360187
794 1.0
812 1.3010299956639813
814 1.3010299956639813
821 1.0
845 1.0
851 1.0
870 1.0
885 1.0
893 1.3010299956639813
914 1.0
954 1.0
964 1.0
979 1.0
1017 1.0
1034 1.0
1050 1.0
1068 1.9542425094393248
1070 1.0
1073 1.0
1104 1.7781512503836436
1120 1.0
1127 1.0
1128 1.0
1129 1.3010299956639813
1130 1.3010299956639813
1170 1.0
1214 1.0
1226 1.0
1313 1.0
