1 1.0
28 1.0
39 1.0
45 1.0
54 1.3010299956639813
75 1.4771212547196624
152 1.3010299956639813
174 1.3010299956639813
200 1.0
201 1.0
208 1.0
229 1.0
242 1.3010299956639813
247 1.0
261 1.4771212547196624
273 1.7781512503836436
274 1.3010299956639813
275 1.6989700043360187
280 1.0
293 1.7781512503836436
302 1.3010299956639813
305 1.4771212547196624
310 1.3010299956639813
329 1.0
330 1.0
340 1.0
351 1.0
352 1.0
356 1.0
374 1.3010299956639813
386 1.6020599913279625
387 1.4771212547196624
392 1.0
401 1.3010299956639813
402 1.4771212547196624
405 1.3010299956639813
408 1.0
420 1.3010299956639813
421 1.6020599913279625
431 1.0
433 1.0
434 1.0
444 1.0
453 1.7781512503836436
454 1.0
495 1.0
498 1.3010299956639813
504 1.0
520 1.4771212547196624
527 1.0
533 1.0
535 1.0
537 1.0
539 1.4771212547196624
540 1.0
543 1.3010299956639813
544 1.3010299956639813
546 1.0
547 1.9030899869919435
550 2.079181246047625
556 1.0
567 1.3010299956639813
568 1.3010299956639813
569 1.3010299956639813
573 1.0
574 1.0
575 1.6989700043360187
592 1.0
593 1.0
602 1.0
603 1.0
605 1.0
606 1.0
608 1.4771212547196624
613 1.6020599913279625
626 1.3010299956639813
644 1.9542425094393248
645 1.6020599913279625
650 1.0
651 1.4771212547196624
652 1.3010299956639813
655 1.0
657 1.0
659 1.0
663 1.0
676 1.3010299956639813
684 1.0
687 1.3010299956639813
688 1.3010299956639813
689 1.3010299956639813
691 1.3010299956639813
695 1.0
707 1.6020599913279625
713 1.4771212547196624
724 1.3010299956639813
731 1.7781512503836436
741 1.3010299956639813
742 1.0
748 1.6020599913279625
749 1.6020599913279625
754 1.4771212547196624
756 1.0
758 1.6989700043360187
759 1.0
765 1.7781512503836436
767 1.0
769 1.3010299956639813
778 1.0
780 1.0
781 1.0
795 1.0
797 1.0
812 1.0
814 1.6020599913279625
815 1.845098040014257
823 1.0
826 1.0
832 1.0
833 1.0
837 1.0
839 1.9030899869919435
840 1.9030899869919435
843 1.0
845 1.9030899869919435
851 1.7781512503836436
854 1.4771212547196624
865 1.0
870 2.0
877 1.0
889 1.0
890 1.0
893 1.6989700043360187
895 1.3010299956639813
899 1.0
901 1.4771212547196624
908 1.0
914 1.4771212547196624
915 1.3010299956639813
921 1.0
924 1.9542425094393248
926 1.0
927 1.0
929 1.7781512503836436
935 1.6989700043360187
939 2.146128035678238
940 1.3010299956639813
941 1.0
948 1.9542425094393248
953 1.7781512503836436
954 1.0
963 2.0413926851582254
964 1.3010299956639813
970 1.0
971 1.3010299956639813
983 1.3010299956639813
985 1.0
989 2.361727836017593
1000 1.3010299956639813
1008 1.3010299956639813
1017 1.0
1032 1.0
1039 1.3010299956639813
1040 1.4771212547196624
1056 1.6020599913279625
1064 1.0
1071 1.0
1072 1.3010299956639813
1073 1.0
1078 1.0
1082 1.3010299956639813
1085 1.3010299956639813
1088 1.0
1102 1.0
1103 1.0
1105 1.0
1106 1.0
1110 1.0
1189 1.3010299956639813
1194 1.4771212547196624
1201 1.0
1202 1.0
1204 1.3010299956639813
1206 1.4771212547196624
1209 1.0
1212 1.6989700043360187
1219 1.0
1220 1.0
1237 1.0
1264 1.0
1292 1.0
1305 1.0
