5 1.0
34 1.0
76 1.3010299956639813
84 1.0
86 1.0
100 1.0
123 1.0
124 1.0
142 1.4771212547196624
211 1.0
241 1.0
247 1.0
254 1.0
272 1.0
313 1.0
322 1.0
376 1.0
409 1.3010299956639813
411 1.4771212547196624
427 1.0
489 1.0
491 1.0
494 1.0
521 1.0
546 1.0
547 1.0
548 1.0
558 1.3010299956639813
570 1.7781512503836436
576 1.0
633 1.0
651 1.3010299956639813
659 1.0
661 1.0
702 1.0
809 1.0
870 1.4771212547196624
896 1.0
914 1.0
933 1.0
1055 1.4771212547196624
1092 1.0
1105 1.0
1106 1.0
1109 1.0
1232 1.4771212547196624
1238 1.0
