1 1.0
26 1.0
31 1.0
64 1.0
69 1.0
91 1.4771212547196624
110 1.0
121 1.0
137 1.0
138 1.0
209 1.0
274 1.3010299956639813
278 1.0
310 1.0
349 1.4771212547196624
364 1.0
387 1.0
393 1.0
394 1.3010299956639813
398 1.3010299956639813
408 1.0
409 1.0
412 1.0
446 1.0
454 1.0
478 1.0
493 1.6989700043360187
510 1.4771212547196624
545 1.0
554 1.0
572 1.0
580 1.0
587 1.0
592 1.0
601 1.3010299956639813
631 1.0
644 1.4771212547196624
651 1.0
652 1.0
659 1.4771212547196624
681 1.3010299956639813
687 1.3010299956639813
689 1.3010299956639813
693 1.3010299956639813
694 1.0
696 1.0
708 1.0
713 1.0
720 1.3010299956639813
754 1.0
764 1.0
769 1.0
897 1.6989700043360187
901 1.0
939 1.0
1008 1.0
1017 1.0
1036 1.0
1037 1.0
1047 1.0
1054 1.0
1065 1.0
1071 1.3010299956639813
1072 1.3010299956639813
1090 1.0
1107 1.0
1124 1.0
1126 1.0
1170 1.0
1177 1.0
1189 1.0
1197 1.0
1221 1.0
1222 1.0
1263 1.0
1269 1.3010299956639813
1293 1.0
1304 1.0
1317 1.0
