2 1.7781512503836436
21 1.845098040014257
32 1.0
68 1.0
69 1.0
96 1.0
110 1.0
116 1.0
272 1.0
274 1.6020599913279625
306 1.3010299956639813
310 1.0
349 1.0
364 1.4771212547196624
372 1.0
398 1.0
462 1.0
496 1.0
498 1.0
513 1.0
518 1.6020599913279625
543 1.0
544 1.0
567 1.6989700043360187
591 1.0
613 1.0
659 1.0
764 1.0
779 1.0
800 1.0
802 1.0
803 1.0
836 1.6020599913279625
855 1.4771212547196624
904 1.6020599913279625
925 1.3010299956639813
926 1.0
950 1.845098040014257
960 1.0
1000 1.3010299956639813
1022 1.4771212547196624
1042 1.0
1086 1.0
1097 1.0
1162 1.0
