6 1.0
34 1.0
41 1.0
62 1.0
69 1.0
74 1.0
77 1.0
84 1.0
93 1.0
96 1.6989700043360187
97 1.0
101 1.3010299956639813
104 1.4771212547196624
107 1.7781512503836436
123 1.0
124 1.0
126 1.0
144 1.0
145 1.0
152 1.7781512503836436
167 1.0
171 1.3010299956639813
175 1.0
176 1.0
182 1.0
183 1.0
185 1.6020599913279625
189 1.3010299956639813
209 1.0
211 1.0
214 1.0
217 1.0
219 1.3010299956639813
220 1.0
229 1.3010299956639813
230 1.4771212547196624
236 1.0
243 1.0
248 1.0
250 1.6989700043360187
251 1.3010299956639813
258 1.0
263 1.4771212547196624
266 1.0
270 1.0
271 1.0
276 1.0
278 1.0
283 1.0
287 1.0
290 1.3010299956639813
301 1.0
302 1.0
319 1.6989700043360187
323 1.0
327 1.3010299956639813
331 1.0
340 1.0
346 1.0
348 1.0
354 1.4771212547196624
359 1.0
364 1.0
370 1.0
378 1.0
380 1.6020599913279625
388 1.3010299956639813
398 1.0
399 1.0
400 1.3010299956639813
403 1.0
409 1.0
422 1.0
427 1.0
442 1.0
443 1.0
463 1.0
481 1.0
487 1.0
506 1.0
527 1.0
537 1.0
541 1.0
553 1.0
554 1.3010299956639813
556 1.0
577 1.0
586 1.0
588 1.0
595 1.3010299956639813
601 1.0
609 1.0
617 1.0
623 1.0
631 1.0
640 1.3010299956639813
641 1.0
648 1.4771212547196624
650 1.0
651 1.3010299956639813
669 1.0
670 1.4771212547196624
671 1.3010299956639813
676 1.0
679 1.0
681 1.0
685 1.0
686 1.0
687 1.3010299956639813
694 1.0
696 1.6020599913279625
697 1.3010299956639813
699 1.4771212547196624
705 1.0
706 1.3010299956639813
714 1.0
717 1.0
719 1.0
723 1.0
724 1.0
731 1.0
733 1.4771212547196624
756 1.3010299956639813
774 1.0
781 1.0
788 1.0
790 1.0
814 1.0
815 1.0
824 1.0
825 1.0
841 1.0
862 1.0
868 1.4771212547196624
869 1.4771212547196624
872 1.0
889 1.0
890 1.0
895 1.0
901 1.0
1005 1.3010299956639813
1006 1.0
1015 1.0
1016 1.0
1019 1.0
1020 1.0
1045 1.0
1049 1.0
1054 1.0
1057 1.0
1058 1.0
1060 1.0
1062 1.0
1080 1.0
1086 1.0
1097 1.0
1098 1.3010299956639813
1104 1.0
1110 1.0
1115 1.0
1116 1.0
1127 1.0
1128 1.0
1139 1.3010299956639813
1140 1.3010299956639813
1141 1.0
1142 1.0
1151 1.0
1152 1.0
1165 1.0
1173 1.0
1230 1.3010299956639813
1231 1.3010299956639813
1233 1.3010299956639813
1235 1.0
1241 1.4771212547196624
1243 1.3010299956639813
1251 1.0
1254 1.0
1265 1.6020599913279625
1266 1.4771212547196624
1277 1.845098040014257
1289 1.3010299956639813
1293 1.0
1295 1.0
1322 1.0
