110 1.0
189 1.0
200 1.3010299956639813
201 1.3010299956639813
228 1.0
229 1.3010299956639813
234 1.0
258 1.0
260 1.0
273 1.3010299956639813
274 1.4771212547196624
277 1.3010299956639813
297 1.0
310 1.3010299956639813
316 1.0
352 1.3010299956639813
359 1.0
376 1.0
387 1.0
401 1.0
437 1.0
446 1.0
481 1.0
482 1.4771212547196624
484 1.0
487 1.0
498 1.4771212547196624
506 1.3010299956639813
532 1.0
543 1.3010299956639813
544 1.3010299956639813
575 1.0
584 1.0
585 1.0
597 1.3010299956639813
598 1.3010299956639813
605 1.0
606 1.0
608 1.0
611 1.3010299956639813
626 1.0
650 1.3010299956639813
651 1.0
665 1.3010299956639813
683 1.0
695 1.0
702 1.0
749 1.0
758 1.0
759 1.3010299956639813
765 1.0
779 1.0
794 1.0
795 1.0
797 1.0
811 1.0
815 1.3010299956639813
826 1.0
845 1.4771212547196624
851 1.0
896 1.0
930 1.0
935 1.0
979 1.0
996 1.0
1006 1.0
1008 1.4771212547196624
1030 1.0
1036 1.0
1043 1.0
1050 1.0
1060 1.0
1065 1.3010299956639813
1068 1.0
1071 1.0
1085 1.0
1104 1.0
1141 1.0
1142 1.0
1147 1.0
1148 1.0
1149 1.3010299956639813
1150 1.3010299956639813
1173 1.3010299956639813
1201 1.7781512503836436
1204 1.4771212547196624
1221 1.0
1222 1.0
1224 1.4771212547196624
1245 1.0
1259 1.3010299956639813
1266 1.0
1277 1.0
1307 1.0
1313 1.0
1314 1.0
