14 1.0
47 1.3010299956639813
61 1.3010299956639813
88 1.0
110 1.3010299956639813
130 1.0
139 1.0
155 1.0
180 1.0
189 1.0
194 1.0
265 1.0
268 1.3010299956639813
274 1.0
288 1.0
297 1.0
327 1.0
330 1.3010299956639813
335 1.3010299956639813
336 1.0
337 1.0
354 1.0
360 1.0
361 1.3010299956639813
364 1.0
379 1.0
407 1.0
410 1.0
411 1.0
413 1.0
473 1.0
485 1.0
491 1.0
498 1.0
528 1.0
545 1.0
577 1.0
615 1.0
644 1.0
673 1.3010299956639813
693 1.0
733 1.4771212547196624
743 1.0
845 1.0
850 1.0
864 1.3010299956639813
868 1.0
869 1.0
871 1.3010299956639813
918 1.0
932 1.0
935 1.0
986 1.0
1048 1.0
1095 1.0
1156 1.0
1167 1.0
1172 1.0
1176 1.0
1183 1.0
1191 1.0
1204 1.3010299956639813
1231 1.0
1251 1.0
