7 1.0
15 1.0
31 1.0
40 1.0
56 1.4771212547196624
66 1.0
70 1.3010299956639813
75 1.6989700043360187
81 1.0
84 1.0
94 1.0
113 1.3010299956639813
114 1.3010299956639813
127 1.6989700043360187
136 1.0
138 1.0
148 1.0
157 1.4771212547196624
163 1.0
165 1.0
198 1.0
226 1.0
236 1.0
280 1.0
300 1.3010299956639813
304 1.3010299956639813
306 1.3010299956639813
312 1.0
314 1.0
319 1.0
351 1.0
464 1.0
497 1.3010299956639813
505 1.4771212547196624
531 1.4771212547196624
533 1.0
541 1.4771212547196624
550 1.4771212547196624
551 1.0
575 1.3010299956639813
591 1.3010299956639813
622 1.4771212547196624
634 1.6020599913279625
682 1.0
687 1.0
703 1.0
708 1.0
742 1.3010299956639813
755 1.3010299956639813
756 1.0
821 1.3010299956639813
839 1.0
840 1.0
846 1.3010299956639813
862 1.0
864 1.0
865 1.0
901 1.0
914 1.0
915 1.3010299956639813
942 1.0
945 1.0
1007 1.0
1029 1.0
1049 1.3010299956639813
1062 1.0
1078 1.3010299956639813
1096 1.3010299956639813
1129 1.0
1130 1.0
1143 1.3010299956639813
1144 1.3010299956639813
1153 1.0
1163 1.4771212547196624
1191 1.3010299956639813
1204 1.0
1222 1.0
1235 1.0
1245 1.0
1268 1.0
1272 1.0
1277 1.3010299956639813
1297 1.3010299956639813
1318 1.0
