27 1.0
41 1.0
48 1.0
74 1.6020599913279625
75 1.3010299956639813
90 1.0
123 1.0
124 1.0
171 1.0
172 1.0
196 1.0
200 1.0
201 1.3010299956639813
213 1.4771212547196624
218 1.0
221 1.4771212547196624
223 1.0
233 1.0
259 1.0
272 1.0
277 1.0
287 1.0
310 1.0
341 1.0
364 1.0
385 1.3010299956639813
392 1.0
394 1.0
402 1.0
412 1.0
427 1.4771212547196624
429 1.3010299956639813
440 1.0
444 1.3010299956639813
454 1.0
469 1.0
491 1.0
496 1.0
506 1.0
524 1.0
531 1.3010299956639813
541 1.0
543 1.3010299956639813
544 1.3010299956639813
548 1.0
553 1.0
561 1.0
562 1.0
563 1.0
564 1.3010299956639813
566 1.3010299956639813
570 1.0
572 1.0
573 1.0
574 1.0
576 1.0
578 1.0
581 1.0
584 1.0
585 1.0
591 1.0
593 1.0
596 1.0
597 1.4771212547196624
598 1.4771212547196624
599 1.0
602 1.0
603 1.0
605 1.0
606 1.0
622 1.3010299956639813
626 1.0
627 1.3010299956639813
640 1.0
642 1.0
659 1.0
678 1.0
689 1.0
693 1.3010299956639813
699 1.0
718 1.0
721 1.0
724 1.0
751 1.0
755 1.0
764 1.0
772 1.3010299956639813
779 1.6020599913279625
780 1.0
885 1.0
1009 1.0
1028 1.0
1032 1.0
1056 1.0
1064 1.6020599913279625
1070 1.0
1073 1.3010299956639813
1080 1.0
1081 1.0
1085 1.0
1090 1.0
1091 1.0
1104 1.0
1105 1.0
1106 1.0
1119 1.0
1139 1.0
1140 1.0
1147 1.0
1148 1.0
1156 1.0
1165 1.4771212547196624
1170 1.0
1175 1.3010299956639813
1190 1.0
1199 1.4771212547196624
1213 1.0
1214 1.0
1226 1.3010299956639813
1231 1.3010299956639813
1232 1.0
1266 1.0
1277 1.0
1286 1.0
1293 1.0
1302 1.3010299956639813
1314 1.0
1315 1.0
