0 1.3010299956639813
2 1.0
6 1.0
8 1.4771212547196624
9 1.6989700043360187
14 1.0
21 1.0
22 1.0
24 1.4771212547196624
25 1.0
26 1.0
29 1.3010299956639813
41 1.0
42 1.6020599913279625
45 1.0
54 1.6020599913279625
61 1.0
65 1.0
69 1.3010299956639813
70 1.3010299956639813
93 1.0
100 1.3010299956639813
108 1.0
109 1.0
119 1.0
121 1.3010299956639813
125 1.0
129 1.0
130 1.0
149 1.6020599913279625
154 1.0
164 1.0
173 1.0
174 1.0
176 1.3010299956639813
180 1.0
183 1.0
185 1.0
200 1.0
201 1.0
223 1.0
231 1.0
238 1.3010299956639813
241 1.0
242 1.3010299956639813
253 1.3010299956639813
256 1.4771212547196624
261 1.0
265 1.3010299956639813
269 1.0
271 1.0
272 1.0
273 1.0
275 1.0
285 1.0
300 1.0
302 1.0
305 1.0
306 1.3010299956639813
310 1.0
311 1.3010299956639813
314 1.3010299956639813
329 1.0
349 1.0
353 1.0
379 1.6989700043360187
387 1.3010299956639813
388 1.0
400 1.3010299956639813
401 1.0
403 1.0
405 1.0
410 1.0
415 1.3010299956639813
423 1.0
424 1.4771212547196624
427 1.0
428 1.4771212547196624
429 1.0
442 1.0
444 1.3010299956639813
448 1.0
449 1.3010299956639813
459 1.0
460 1.0
496 1.0
497 1.3010299956639813
498 1.3010299956639813
502 1.4771212547196624
506 1.0
511 1.0
512 1.845098040014257
517 1.0
518 1.0
532 1.0
537 1.3010299956639813
539 1.0
540 1.0
541 1.0
555 1.3010299956639813
558 1.3010299956639813
564 1.0
565 1.4771212547196624
566 1.0
567 1.0
576 1.0
577 1.3010299956639813
580 1.4771212547196624
587 1.3010299956639813
588 1.0
589 1.6020599913279625
614 2.113943352306837
619 1.0
623 1.0
624 1.3010299956639813
625 1.0
627 1.0
639 1.3010299956639813
644 1.6020599913279625
651 1.0
654 1.3010299956639813
659 1.0
665 1.3010299956639813
677 1.3010299956639813
680 1.0
687 1.0
688 1.0
689 1.4771212547196624
692 1.0
694 1.0
713 1.3010299956639813
717 1.0
724 1.0
730 1.0
739 1.0
746 1.0
754 1.3010299956639813
761 1.0
764 1.0
765 1.0
771 1.0
773 1.0
783 1.4771212547196624
794 1.0
807 1.0
809 1.0
812 1.0
813 1.0
826 1.3010299956639813
837 1.0
838 1.3010299956639813
845 1.0
850 1.0
852 1.0
864 1.3010299956639813
870 1.0
878 1.3010299956639813
881 1.9030899869919435
885 1.3010299956639813
893 1.7781512503836436
895 1.0
901 1.0
903 1.3010299956639813
906 1.3010299956639813
914 1.0
929 1.3010299956639813
935 1.0
939 1.0
940 1.0
943 1.3010299956639813
944 1.3010299956639813
964 1.6989700043360187
1004 1.0
1008 1.0
1029 1.0
1032 1.0
1039 1.0
1049 1.0
1060 1.0
1065 1.4771212547196624
1072 1.3010299956639813
1083 1.3010299956639813
1089 1.0
1096 1.3010299956639813
1115 1.0
1116 1.0
1117 1.0
1118 1.0
1141 1.0
1142 1.0
1149 1.0
1150 1.0
1161 1.0
1162 1.0
1163 1.6020599913279625
1165 1.0
1170 1.0
1178 1.3010299956639813
1180 1.0
1182 1.0
1183 1.0
1185 1.0
1193 1.0
1198 1.0
1200 1.0
1212 1.0
1240 1.0
1241 1.0
1251 1.3010299956639813
1289 1.3010299956639813
1294 1.0
1302 1.0
1304 1.0
1309 1.3010299956639813
1313 1.3010299956639813
1318 1.3010299956639813
1320 1.0
