15 1.0
24 1.0
76 1.0
77 1.0
103 1.0
117 1.0
141 1.3010299956639813
200 1.0
229 1.0
289 1.0
302 1.0
322 1.0
353 1.0
357 1.0
362 1.4771212547196624
364 1.3010299956639813
376 1.0
413 1.0
422 1.0
440 1.0
447 1.3010299956639813
449 1.3010299956639813
493 1.0
534 1.0
558 1.0
593 1.0
614 1.9542425094393248
677 1.0
707 1.3010299956639813
709 1.0
721 1.0
743 1.0
762 1.0
769 1.0
797 1.0
813 1.0
824 1.0
825 1.0
838 1.0
839 1.0
840 1.0
861 1.0
893 1.0
942 1.0
954 1.0
959 1.0
965 1.0
988 1.0
1032 1.0
1034 1.0
1037 1.0
1083 1.3010299956639813
1087 1.0
1110 1.0
1191 1.4771212547196624
1219 1.0
1260 1.0
1264 1.0
1293 1.0
1313 1.0
1322 1.3010299956639813
