3 1.3010299956639813
34 1.0
48 1.0
75 1.0
84 1.0
86 1.0
88 1.4771212547196624
93 1.3010299956639813
103 1.0
109 1.0
111 1.0
144 1.0
196 1.0
197 1.0
209 1.0
211 1.3010299956639813
222 1.3010299956639813
223 1.0
224 1.6020599913279625
228 1.0
237 1.0
240 1.0
249 1.0
263 1.0
274 1.0
318 1.3010299956639813
327 1.0
349 1.0
393 1.3010299956639813
397 1.0
408 1.0
409 1.0
446 1.3010299956639813
447 1.3010299956639813
478 1.0
493 1.0
509 1.0
551 1.3010299956639813
555 1.0
601 1.3010299956639813
631 1.0
633 1.0
659 1.0
696 1.0
706 1.0
731 1.0
735 1.0
748 1.0
756 1.0
764 1.0
770 1.0
779 1.0
868 1.0
869 1.0
903 1.3010299956639813
1002 1.0
1019 1.3010299956639813
1125 1.0
1127 1.0
1128 1.0
1202 1.0
1206 1.0
1229 1.0
1238 1.0
1253 1.0
1267 1.0
1269 1.0
1277 1.3010299956639813
1280 1.0
1285 1.4771212547196624
1286 1.0
1306 1.0
1317 1.0
1318 1.0
