32 1.3010299956639813
131 1.0
173 1.0
203 1.4771212547196624
319 1.0
327 1.0
388 1.0
392 2.414973347970818
402 1.3010299956639813
430 1.0
452 1.6020599913279625
485 1.0
543 1.0
544 1.0
652 1.0
655 1.0
658 1.0
661 1.3010299956639813
668 1.4771212547196624
707 1.0
741 1.0
757 1.0
758 1.0
795 1.3010299956639813
815 1.0
845 1.3010299956639813
870 1.0
895 1.3010299956639813
906 1.3010299956639813
917 1.0
1067 1.0
1113 1.3010299956639813
1129 1.0
1130 1.0
1135 1.0
1136 1.0
1183 1.0
1201 1.0
1210 1.0
1212 1.0
1225 1.3010299956639813
1231 1.0
1232 1.0
