0 1.0
10 1.3010299956639813
15 1.6020599913279625
16 1.0
22 1.0
35 1.0
38 1.7781512503836436
39 1.0
48 1.0
52 1.0
63 1.0
69 1.0
73 1.0
86 1.0
92 1.0
97 1.0
98 1.0
99 1.0
101 1.3010299956639813
108 1.0
116 1.0
125 1.0
157 1.0
165 1.0
167 1.0
168 1.3010299956639813
173 1.0
176 1.3010299956639813
179 1.0
187 1.0
223 1.0
241 1.0
243 1.0
247 1.0
254 1.0
260 1.0
265 1.0
267 1.0
273 1.0
276 1.0
280 1.0
287 1.0
300 1.6020599913279625
304 1.0
316 1.0
319 1.6020599913279625
322 1.3010299956639813
337 1.0
364 1.4771212547196624
369 1.6020599913279625
378 1.0
379 1.0
395 1.9542425094393248
396 1.4771212547196624
398 1.3010299956639813
400 1.0
401 1.0
429 1.3010299956639813
454 1.0
456 1.0
472 1.0
485 1.0
491 1.0
508 1.0
545 1.0
546 1.3010299956639813
570 1.0
573 1.0
574 1.0
586 1.0
588 1.6020599913279625
591 1.0
608 1.0
613 1.0
614 1.0
630 1.0
637 1.3010299956639813
644 1.3010299956639813
651 1.0
656 1.0
659 1.0
666 1.3010299956639813
670 1.0
673 1.0
674 1.0
675 1.0
677 1.3010299956639813
678 1.0
688 1.0
689 1.6020599913279625
696 1.3010299956639813
698 1.0
713 1.0
721 1.3010299956639813
723 1.4771212547196624
730 1.0
739 1.0
763 1.6020599913279625
765 1.0
770 1.0
771 1.0
779 1.0
787 1.0
804 1.0
829 1.3010299956639813
832 1.3010299956639813
833 1.3010299956639813
842 1.0
843 1.3010299956639813
845 1.0
864 1.0
867 1.0
868 1.4771212547196624
869 1.4771212547196624
872 1.0
885 1.0
893 1.3010299956639813
900 1.3010299956639813
903 1.0
905 1.0
906 1.0
922 1.0
925 1.0
927 1.0
932 1.0
942 1.0
950 1.0
963 1.0
969 1.0
973 1.0
978 1.3010299956639813
979 1.0
982 1.0
985 1.0
991 1.0
998 1.0
1005 1.0
1011 1.0
1012 1.0
1013 1.0
1037 1.0
1048 1.0
1050 1.3010299956639813
1054 1.0
1066 1.0
1072 1.0
1096 1.0
1105 1.0
1106 1.0
1114 1.0
1126 1.0
1129 1.6020599913279625
1130 1.6020599913279625
1139 1.6020599913279625
1140 1.6020599913279625
1141 1.0
1142 1.0
1143 1.4771212547196624
1144 1.4771212547196624
1147 1.0
1148 1.0
1149 1.3010299956639813
1150 1.3010299956639813
1152 1.0
1156 1.3010299956639813
1161 1.4771212547196624
1162 1.0
1180 1.0
1182 1.6989700043360187
1183 1.0
1187 1.6020599913279625
1189 1.0
1196 1.0
1209 1.6020599913279625
1214 1.0
1238 1.0
1239 1.0
1242 1.0
1251 1.0
1260 1.4771212547196624
1274 1.3010299956639813
1277 1.4771212547196624
1281 1.0
1294 1.0
1302 1.3010299956639813
1311 1.0
1318 1.0
