0 1.0
2 1.0
3 1.0
5 1.3010299956639813
12 1.4771212547196624
13 1.0
15 2.0
19 1.0
20 1.0
21 1.6020599913279625
25 1.4771212547196624
32 1.3010299956639813
34 1.6020599913279625
37 1.3010299956639813
39 1.0
41 1.9542425094393248
48 1.4771212547196624
49 1.4771212547196624
50 1.0
54 1.0
56 1.9542425094393248
58 1.0
62 1.0
63 1.4771212547196624
67 1.4771212547196624
69 1.6989700043360187
70 1.3010299956639813
75 1.3010299956639813
78 1.0
80 1.3010299956639813
81 1.4771212547196624
83 1.3010299956639813
84 1.9030899869919435
89 1.0
90 1.6020599913279625
91 1.0
92 1.0
93 1.6989700043360187
94 1.3010299956639813
99 1.3010299956639813
100 1.4771212547196624
102 1.0
103 1.6020599913279625
105 1.4771212547196624
109 1.0
111 1.3010299956639813
117 1.0
118 1.9030899869919435
119 1.3010299956639813
120 1.6989700043360187
131 1.0
135 1.6020599913279625
136 1.6020599913279625
137 1.4771212547196624
139 1.3010299956639813
140 1.6020599913279625
141 1.0
147 1.4771212547196624
155 1.4771212547196624
156 1.0
158 1.0
160 1.4771212547196624
161 1.7781512503836436
170 1.0
172 1.4771212547196624
174 1.4771212547196624
176 1.4771212547196624
182 1.4771212547196624
183 1.7781512503836436
191 1.0
202 1.3010299956639813
203 1.0
205 1.0
209 2.278753600952829
210 1.7781512503836436
211 2.0
213 1.0
214 1.6020599913279625
217 1.9030899869919435
218 1.4771212547196624
220 1.845098040014257
222 1.7781512503836436
223 1.3010299956639813
224 2.113943352306837
226 1.4771212547196624
228 1.0
229 1.7781512503836436
232 1.6020599913279625
234 1.6989700043360187
235 1.3010299956639813
241 1.0
242 1.0
243 1.0
244 1.0
245 1.9542425094393248
246 1.0
247 1.4771212547196624
248 1.9030899869919435
249 1.6020599913279625
250 1.0
252 1.3010299956639813
253 1.3010299956639813
256 1.3010299956639813
257 1.0
259 1.3010299956639813
260 1.9030899869919435
261 1.6989700043360187
265 1.6020599913279625
268 1.0
271 2.113943352306837
272 1.3010299956639813
273 1.845098040014257
274 2.0
276 1.3010299956639813
277 2.0
278 1.7781512503836436
279 1.0
280 1.0
287 1.4771212547196624
289 1.4771212547196624
290 1.0
294 1.4771212547196624
297 1.6020599913279625
298 1.3010299956639813
299 1.0
300 1.0
302 1.4771212547196624
303 1.3010299956639813
305 1.6989700043360187
306 1.6989700043360187
308 1.0
309 1.3010299956639813
310 2.0413926851582254
312 1.0
314 1.845098040014257
319 1.9030899869919435
321 1.0
329 1.6020599913279625
330 1.0
333 1.7781512503836436
336 1.0
337 1.6020599913279625
338 1.3010299956639813
339 1.3010299956639813
340 1.4771212547196624
345 1.0
346 1.7781512503836436
349 1.7781512503836436
350 1.0
351 1.6989700043360187
352 1.3010299956639813
355 1.3010299956639813
360 1.6020599913279625
361 1.4771212547196624
367 1.6989700043360187
376 1.3010299956639813
379 1.3010299956639813
380 1.6020599913279625
382 1.6020599913279625
386 2.4313637641589874
387 1.0
390 1.6020599913279625
391 1.4771212547196624
392 1.3010299956639813
396 1.0
398 1.845098040014257
399 1.7781512503836436
400 1.3010299956639813
401 1.3010299956639813
402 1.4771212547196624
403 1.3010299956639813
405 1.0
407 1.3010299956639813
408 1.3010299956639813
412 1.7781512503836436
413 1.0
415 1.0
417 1.0
420 1.3010299956639813
421 1.0
424 1.0
425 1.7781512503836436
429 1.6020599913279625
431 1.3010299956639813
432 1.3010299956639813
433 1.4771212547196624
434 1.0
435 1.0
437 1.0
441 1.0
446 1.0
451 1.7781512503836436
452 1.0
453 1.6020599913279625
454 1.0
455 1.4771212547196624
460 1.3010299956639813
461 1.6989700043360187
462 1.0
464 1.0
466 1.845098040014257
470 1.3010299956639813
472 1.0
474 1.3010299956639813
476 1.0
478 1.4771212547196624
480 1.6020599913279625
481 1.4771212547196624
482 1.4771212547196624
484 1.4771212547196624
486 1.6020599913279625
487 1.3010299956639813
488 1.3010299956639813
490 1.0
493 1.0
494 1.4771212547196624
495 1.0
496 1.3010299956639813
498 1.6020599913279625
499 1.0
501 1.0
502 1.0
504 1.0
506 1.6020599913279625
509 1.6020599913279625
510 1.845098040014257
515 1.0
517 1.6989700043360187
518 1.6989700043360187
522 1.0
523 1.3010299956639813
526 1.0
527 1.6020599913279625
533 1.3010299956639813
534 1.0
537 1.4771212547196624
538 1.9542425094393248
539 1.9030899869919435
540 1.6989700043360187
541 1.6020599913279625
542 1.9542425094393248
543 1.9030899869919435
544 1.9030899869919435
545 1.4771212547196624
546 1.6020599913279625
547 1.845098040014257
548 1.4771212547196624
549 1.4771212547196624
550 1.4771212547196624
551 2.0
552 1.6989700043360187
553 1.0
555 1.6989700043360187
558 1.7781512503836436
560 1.0
561 1.3010299956639813
562 1.4771212547196624
563 1.4771212547196624
566 1.0
567 2.0
568 1.0
569 1.0
570 1.3010299956639813
572 1.845098040014257
573 1.3010299956639813
574 1.3010299956639813
575 1.6020599913279625
576 1.3010299956639813
578 1.3010299956639813
580 1.0
581 1.7781512503836436
582 1.4771212547196624
583 1.4771212547196624
584 1.4771212547196624
585 1.4771212547196624
586 1.6020599913279625
589 1.845098040014257
590 1.4771212547196624
592 1.9030899869919435
593 1.3010299956639813
597 1.0
598 1.0
599 1.845098040014257
600 1.3010299956639813
601 1.9030899869919435
602 1.4771212547196624
603 1.4771212547196624
605 1.6020599913279625
606 1.6020599913279625
608 1.9030899869919435
611 1.3010299956639813
612 1.0
613 1.3010299956639813
614 1.4771212547196624
615 1.6020599913279625
616 1.4771212547196624
617 1.6020599913279625
619 1.3010299956639813
622 1.4771212547196624
624 1.6989700043360187
626 1.6989700043360187
627 1.6020599913279625
628 1.0
630 1.0
631 1.3010299956639813
637 1.4771212547196624
639 1.0
640 1.4771212547196624
647 1.4771212547196624
649 1.4771212547196624
650 1.0
653 1.0
654 1.0
657 1.0
659 1.4771212547196624
664 1.0
666 1.0
667 1.0
674 1.0
675 1.0
676 1.0
677 1.4771212547196624
679 1.9030899869919435
681 2.0
682 1.3010299956639813
685 1.845098040014257
687 1.0
688 1.0
689 1.6989700043360187
690 1.6020599913279625
691 1.9030899869919435
692 1.6020599913279625
693 1.4771212547196624
703 1.3010299956639813
706 1.0
707 1.3010299956639813
709 1.0
713 1.3010299956639813
714 1.7781512503836436
715 1.6989700043360187
716 1.3010299956639813
717 1.3010299956639813
720 1.3010299956639813
721 1.3010299956639813
722 1.3010299956639813
723 1.6020599913279625
724 1.4771212547196624
725 1.0
730 1.0
731 1.7781512503836436
732 1.3010299956639813
733 1.6020599913279625
735 1.0
739 1.6020599913279625
740 1.4771212547196624
741 1.3010299956639813
743 1.6020599913279625
746 1.0
748 2.146128035678238
749 1.4771212547196624
751 1.3010299956639813
752 1.3010299956639813
754 1.0
756 1.3010299956639813
758 1.4771212547196624
759 1.3010299956639813
761 1.0
764 1.4771212547196624
765 1.3010299956639813
769 1.6020599913279625
770 1.4771212547196624
771 2.3979400086720375
772 1.7781512503836436
775 1.0
778 1.0
780 1.0
782 1.3010299956639813
784 1.0
785 1.3010299956639813
787 1.9030899869919435
788 1.6989700043360187
790 2.204119982655925
791 1.0
792 1.3010299956639813
793 1.0
795 1.4771212547196624
802 1.0
803 1.0
807 1.6989700043360187
808 1.0
809 1.4771212547196624
812 1.3010299956639813
814 1.3010299956639813
819 1.0
821 1.0
822 1.0
824 1.4771212547196624
825 1.4771212547196624
832 1.6020599913279625
833 1.6020599913279625
837 2.113943352306837
838 1.6020599913279625
839 1.6989700043360187
840 1.6989700043360187
845 1.4771212547196624
850 1.4771212547196624
851 1.845098040014257
852 1.0
854 1.3010299956639813
855 1.6020599913279625
857 1.3010299956639813
859 1.0
861 1.4771212547196624
864 1.6020599913279625
865 1.4771212547196624
868 1.6989700043360187
869 1.6989700043360187
870 1.4771212547196624
872 1.6020599913279625
873 1.0
876 1.0
877 1.3010299956639813
883 1.6020599913279625
884 1.4771212547196624
885 1.6020599913279625
889 1.3010299956639813
890 1.3010299956639813
893 1.6020599913279625
894 1.0
895 1.0
896 1.6020599913279625
897 1.3010299956639813
902 1.3010299956639813
903 1.6020599913279625
904 1.0
906 1.0
909 1.3010299956639813
910 1.7781512503836436
914 1.6989700043360187
915 1.4771212547196624
917 1.0
920 1.0
921 1.4771212547196624
922 1.0
923 1.3010299956639813
924 1.0
929 2.0413926851582254
930 2.0413926851582254
933 1.7781512503836436
934 1.6989700043360187
935 2.3222192947339195
937 1.0
939 2.380211241711606
940 1.7781512503836436
941 1.4771212547196624
942 1.4771212547196624
948 2.3010299956639813
950 1.6020599913279625
951 1.6020599913279625
954 1.3010299956639813
955 1.3010299956639813
956 1.0
958 1.3010299956639813
962 1.6020599913279625
963 1.3010299956639813
964 1.6020599913279625
966 1.0
968 1.4771212547196624
971 1.3010299956639813
972 1.3010299956639813
975 1.0
977 1.0
978 1.0
979 1.0
982 1.4771212547196624
985 1.4771212547196624
986 1.4771212547196624
988 1.4771212547196624
989 1.7781512503836436
994 1.3010299956639813
996 1.4771212547196624
1000 1.6989700043360187
1001 1.0
1005 1.0
1010 1.6020599913279625
1013 2.0413926851582254
1019 1.3010299956639813
1020 1.3010299956639813
1028 1.7781512503836436
1030 1.0
1032 1.4771212547196624
1034 1.0
1036 1.0
1037 1.6020599913279625
1038 1.0
1039 1.0
1040 1.0
1041 1.3010299956639813
1042 1.4771212547196624
1043 1.6020599913279625
1044 1.6020599913279625
1045 1.0
1048 1.6020599913279625
1052 1.0
1053 1.4771212547196624
1054 1.0
1055 1.4771212547196624
1056 1.3010299956639813
1059 1.0
1061 1.0
1062 1.6020599913279625
1064 1.6020599913279625
1065 1.845098040014257
1068 1.0
1069 1.0
1071 1.6020599913279625
1072 1.6020599913279625
1073 1.0
1078 1.845098040014257
1083 1.3010299956639813
1085 1.0
1086 1.9030899869919435
1089 1.0
1092 1.0
1093 1.0
1095 1.6989700043360187
1096 1.0
1097 1.4771212547196624
1100 1.4771212547196624
1101 1.0
1103 1.0
1104 1.6020599913279625
1108 1.0
1109 1.0
1110 1.3010299956639813
1114 1.6989700043360187
1115 1.0
1116 1.0
1117 1.6020599913279625
1118 1.6020599913279625
1119 1.7781512503836436
1120 1.4771212547196624
1122 1.0
1124 1.0
1126 1.0
1131 1.3010299956639813
1132 1.4771212547196624
1139 1.0
1140 1.0
1143 1.3010299956639813
1144 1.3010299956639813
1145 1.9542425094393248
1146 1.9542425094393248
1149 1.3010299956639813
1150 1.4771212547196624
1152 1.0
1155 1.3010299956639813
1156 1.3010299956639813
1160 1.6020599913279625
1163 1.0
1170 1.3010299956639813
1171 1.0
1172 1.0
1175 1.0
1177 1.3010299956639813
1183 1.4771212547196624
1184 1.4771212547196624
1187 1.3010299956639813
1190 1.4771212547196624
1192 1.0
1193 1.3010299956639813
1194 1.7781512503836436
1195 1.0
1198 1.4771212547196624
1200 1.0
1201 1.0
1204 1.3010299956639813
1206 1.6020599913279625
1207 1.0
1209 1.6989700043360187
1210 1.0
1212 1.0
1213 1.0
1218 1.0
1219 1.0
1220 1.3010299956639813
1226 1.3010299956639813
1228 1.0
1231 1.6020599913279625
1232 1.0
1235 1.3010299956639813
1236 1.6020599913279625
1237 1.0
1238 1.3010299956639813
1241 1.0
1243 1.7781512503836436
1244 1.0
1245 1.7781512503836436
1249 1.4771212547196624
1252 1.0
1255 1.0
1257 1.0
1259 1.6989700043360187
1260 1.6020599913279625
1262 1.3010299956639813
1263 1.6020599913279625
1266 1.3010299956639813
1267 1.4771212547196624
1269 2.0
1270 1.3010299956639813
1272 1.0
1274 1.3010299956639813
1275 1.3010299956639813
1277 1.3010299956639813
1278 1.3010299956639813
1279 1.6989700043360187
1281 1.3010299956639813
1283 1.4771212547196624
1284 1.0
1285 1.3010299956639813
1287 1.0
1288 1.0
1289 1.3010299956639813
1290 1.3010299956639813
1291 1.0
1292 1.0
1293 1.6989700043360187
1294 1.4771212547196624
1298 1.845098040014257
1301 1.3010299956639813
1302 1.0
1304 1.3010299956639813
1306 1.0
1308 1.3010299956639813
1313 1.0
1314 1.6989700043360187
1316 1.4771212547196624
1317 1.3010299956639813
1320 1.0
1321 1.845098040014257
1323 1.0
1324 1.0
