94 1.3010299956639813
200 1.3010299956639813
201 1.3010299956639813
247 1.0
273 1.4771212547196624
373 1.6020599913279625
417 1.0
458 3.1818435879447726
593 1.0
597 1.3010299956639813
598 1.3010299956639813
608 1.3010299956639813
611 1.3010299956639813
686 1.4771212547196624
687 1.4771212547196624
688 1.3010299956639813
698 1.3010299956639813
749 1.4771212547196624
751 1.6020599913279625
764 1.3010299956639813
765 1.3010299956639813
892 1.0
939 1.0
1036 1.3010299956639813
1044 1.0
1045 1.0
1056 1.0
1080 1.0
1086 1.0
1090 1.0
1092 1.0
1145 1.0
1146 1.0
1254 1.3010299956639813
1268 1.0
1269 1.9542425094393248
