32 1.0
70 1.0
73 1.0
83 1.0
88 1.0
121 1.0
142 1.0
176 1.0
216 1.0
231 1.0
247 1.3010299956639813
255 1.0
256 1.0
265 1.3010299956639813
271 1.3010299956639813
293 1.3010299956639813
302 1.0
305 1.3010299956639813
329 1.0
344 1.0
352 1.0
386 1.3010299956639813
417 1.3010299956639813
424 1.0
447 1.0
466 1.0
506 1.3010299956639813
551 1.0
577 1.3010299956639813
589 1.0
677 1.0
703 1.0
708 1.0
763 1.3010299956639813
815 1.4771212547196624
824 1.0
825 1.0
868 1.0
869 1.0
870 1.3010299956639813
893 1.0
922 1.0
1008 1.0
1020 1.0
1023 1.0
1036 1.0
1055 1.0
1092 1.0
1096 1.3010299956639813
1103 1.0
1104 1.3010299956639813
1121 1.0
1126 1.0
