0 1.3010299956639813
3 1.6020599913279625
11 1.3010299956639813
16 1.4771212547196624
17 2.1760912590556813
36 1.7781512503836436
37 1.3010299956639813
40 1.3010299956639813
48 1.3010299956639813
56 1.0
69 1.0
86 1.4771212547196624
88 1.0
89 1.0
90 1.3010299956639813
91 1.6989700043360187
100 1.845098040014257
109 1.4771212547196624
118 1.0
131 1.4771212547196624
139 1.4771212547196624
142 1.6020599913279625
146 1.3010299956639813
157 1.845098040014257
161 1.0
163 1.4771212547196624
189 1.9030899869919435
209 1.0
211 1.0
222 2.204119982655925
223 1.3010299956639813
224 1.4771212547196624
225 1.3010299956639813
226 1.4771212547196624
233 1.0
254 1.9542425094393248
259 1.0
263 2.1760912590556813
268 1.6020599913279625
284 1.7781512503836436
286 1.0
290 1.3010299956639813
310 1.4771212547196624
314 1.0
318 1.6020599913279625
322 1.845098040014257
334 1.0
339 1.4771212547196624
380 2.230448921378274
381 1.6020599913279625
383 1.4771212547196624
388 1.3010299956639813
393 1.3010299956639813
394 1.3010299956639813
400 2.4471580313422194
409 1.6989700043360187
411 1.3010299956639813
412 1.3010299956639813
414 1.3010299956639813
436 1.4771212547196624
447 1.4771212547196624
478 1.3010299956639813
493 1.6020599913279625
509 1.0
510 1.4771212547196624
530 1.4771212547196624
570 1.6989700043360187
572 1.0
577 1.4771212547196624
578 1.4771212547196624
589 1.0
601 1.0
631 1.6020599913279625
648 1.0
681 1.6989700043360187
685 1.3010299956639813
687 1.6020599913279625
696 1.6989700043360187
707 1.9030899869919435
708 1.0
713 1.6020599913279625
714 1.0
719 1.3010299956639813
720 1.4771212547196624
722 1.0
730 1.4771212547196624
731 1.6020599913279625
732 1.0
770 1.3010299956639813
771 2.0
822 1.3010299956639813
849 1.6989700043360187
871 1.4771212547196624
874 1.6989700043360187
901 2.255272505103306
952 1.6020599913279625
1005 1.3010299956639813
1037 1.4771212547196624
1048 1.7781512503836436
1062 1.3010299956639813
1072 1.3010299956639813
1073 1.0
1094 1.3010299956639813
1101 1.0
1139 1.0
1140 1.7781512503836436
1149 1.3010299956639813
1150 1.6989700043360187
1153 1.6020599913279625
1160 1.9030899869919435
1230 1.0
1245 1.4771212547196624
1254 1.0
1258 1.6020599913279625
1259 1.6989700043360187
1264 1.0
1268 1.6020599913279625
1270 1.3010299956639813
1281 1.6020599913279625
1289 1.4771212547196624
1293 1.4771212547196624
1307 1.3010299956639813
1313 1.0
1317 1.0
1321 1.6989700043360187
1324 1.3010299956639813
