2 1.0
53 1.3010299956639813
56 1.0
185 1.0
311 1.0
316 1.0
343 1.6020599913279625
379 1.6020599913279625
427 1.0
488 1.0
536 1.0
548 1.3010299956639813
658 1.0
697 1.0
711 1.0
975 1.0
1016 1.0
1032 1.0
1074 1.0
1075 1.0
1080 2.230448921378274
1091 1.0
1129 1.7781512503836436
1130 1.7781512503836436
1137 1.0
1138 1.0
1139 1.0
1140 1.3010299956639813
1141 1.0
1142 1.0
1143 1.7781512503836436
1144 1.7781512503836436
1149 1.0
1150 1.3010299956639813
1167 1.0
1170 1.0
1178 1.0
1197 1.3010299956639813
1227 1.3010299956639813
1265 1.3010299956639813
