3 1.4771212547196624
4 1.0
29 1.0
43 1.0
47 1.0
48 1.0
65 1.0
86 1.0
90 1.0
91 1.0
95 1.3010299956639813
99 1.0
115 1.0
118 1.4771212547196624
176 1.0
189 2.568201724066995
200 1.0
201 1.0
210 1.0
217 1.0
218 1.0
219 1.0
220 1.0
234 1.4771212547196624
274 1.0
279 1.0
297 1.6020599913279625
301 1.0
305 1.0
309 1.3010299956639813
312 1.0
314 1.0
318 1.0
322 2.6127838567197355
344 1.0
350 1.0
361 1.3010299956639813
382 1.0
393 1.0
409 1.3010299956639813
414 1.0
423 1.0
444 1.0
446 1.0
449 1.3010299956639813
462 1.0
463 1.0
479 1.0
493 1.0
494 1.0
497 1.0
499 2.414973347970818
506 1.0
510 1.0
524 1.0
538 1.0
539 1.3010299956639813
541 1.0
542 1.0
546 1.3010299956639813
565 1.6020599913279625
581 1.4771212547196624
586 1.0
600 1.0
629 1.0
632 1.0
640 1.0
681 1.0
685 1.0
686 1.4771212547196624
687 1.0
690 1.0
692 1.0
693 1.4771212547196624
695 1.0
708 1.0
714 1.0
719 1.3010299956639813
720 1.0
728 1.0
729 1.7781512503836436
748 1.3010299956639813
753 1.0
760 1.0
761 1.0
765 1.0
769 1.0
772 1.0
790 1.0
792 1.9030899869919435
802 1.0
803 1.0
837 1.0
845 1.0
853 1.0
860 1.0
861 1.0
866 1.0
871 1.0
897 1.3010299956639813
911 1.0
943 1.6020599913279625
944 1.6020599913279625
964 1.0
989 1.0
1028 1.0
1048 1.0
1055 1.0
1064 1.0
1068 1.0
1110 1.0
1163 1.0
1164 1.0
1173 1.6989700043360187
1187 1.3010299956639813
1198 1.4771212547196624
1207 1.0
1214 1.0
1245 1.0
1259 1.0
1285 1.0
1286 1.0
1300 1.0
1317 1.3010299956639813
