0 1.4771212547196624
2 1.0
5 1.7781512503836436
6 1.0
7 1.3010299956639813
9 1.0
10 1.0
12 1.3010299956639813
13 1.6989700043360187
14 1.0
15 1.9030899869919435
17 1.0
21 1.0
24 1.0
25 1.0
26 1.4771212547196624
29 1.0
34 1.6020599913279625
37 1.3010299956639813
41 1.3010299956639813
42 1.0
43 1.0
45 1.6020599913279625
47 1.6020599913279625
49 1.4771212547196624
50 1.3010299956639813
54 1.0
56 1.3010299956639813
57 1.3010299956639813
58 1.3010299956639813
65 1.9030899869919435
69 1.0
74 1.3010299956639813
77 1.0
81 1.3010299956639813
83 1.3010299956639813
84 1.6020599913279625
91 1.0
93 1.4771212547196624
94 2.204119982655925
96 1.3010299956639813
97 1.0
100 1.6020599913279625
101 1.845098040014257
102 1.0
105 1.6989700043360187
107 1.6989700043360187
108 1.0
110 1.0
113 1.3010299956639813
114 1.3010299956639813
115 1.3010299956639813
117 1.0
118 1.0
120 1.3010299956639813
123 1.6989700043360187
124 1.6989700043360187
127 2.4313637641589874
136 1.6020599913279625
140 1.9030899869919435
142 1.0
157 1.3010299956639813
163 1.0
165 1.3010299956639813
171 1.6020599913279625
176 1.0
180 1.3010299956639813
185 1.3010299956639813
189 1.3010299956639813
192 1.0
200 1.0
201 1.0
203 1.0
205 1.0
209 1.0
210 1.3010299956639813
211 1.3010299956639813
214 1.0
216 1.3010299956639813
217 1.0
219 1.3010299956639813
220 1.3010299956639813
221 1.3010299956639813
222 1.6020599913279625
223 1.0
233 1.0
234 1.0
235 1.3010299956639813
236 1.3010299956639813
242 1.3010299956639813
243 1.3010299956639813
244 1.4771212547196624
245 1.6020599913279625
249 1.0
254 1.0
255 1.0
256 1.0
267 1.0
268 2.5440680443502757
271 1.4771212547196624
272 1.0
278 1.3010299956639813
288 1.3010299956639813
294 1.3010299956639813
299 1.3010299956639813
302 1.6020599913279625
304 1.0
309 1.0
310 1.0
314 1.6989700043360187
329 1.0
330 1.4771212547196624
334 1.4771212547196624
337 1.4771212547196624
339 1.0
340 1.0
343 1.4771212547196624
344 1.0
349 1.4771212547196624
350 1.0
354 1.4771212547196624
361 1.3010299956639813
362 1.4771212547196624
363 1.3010299956639813
364 1.6020599913279625
368 1.4771212547196624
371 1.0
375 1.6020599913279625
379 1.3010299956639813
381 1.0
391 1.3010299956639813
397 1.0
400 1.4771212547196624
405 1.3010299956639813
406 1.0
408 1.4771212547196624
409 1.4771212547196624
412 1.0
413 1.0
422 1.3010299956639813
423 1.0
425 1.6020599913279625
429 1.0
432 1.0
436 1.3010299956639813
437 1.0
445 1.3010299956639813
447 1.0
451 1.0
452 1.0
454 1.0
455 1.3010299956639813
462 1.0
463 1.0
469 1.0
484 1.0
486 1.0
494 1.0
497 1.845098040014257
500 1.6020599913279625
504 1.0
505 1.0
506 1.4771212547196624
518 1.0
523 1.0
524 1.0
527 1.3010299956639813
531 1.0
534 1.6989700043360187
537 1.3010299956639813
538 1.0
541 1.0
542 1.6020599913279625
543 1.4771212547196624
544 1.4771212547196624
547 1.0
548 1.3010299956639813
549 1.0
550 1.4771212547196624
551 1.4771212547196624
552 1.6020599913279625
554 1.0
562 1.0
563 1.0
565 1.0
566 1.0
568 1.0
569 1.0
571 1.0
577 1.6020599913279625
586 1.0
592 1.6989700043360187
595 1.0
599 1.0
610 1.4771212547196624
611 1.0
630 1.0
633 1.3010299956639813
643 2.113943352306837
651 1.3010299956639813
652 1.0
663 1.0
665 1.3010299956639813
669 1.4771212547196624
673 1.0
676 1.3010299956639813
682 1.4771212547196624
684 1.3010299956639813
686 1.0
688 1.4771212547196624
690 1.3010299956639813
692 1.0
694 1.845098040014257
696 1.0
698 1.0
703 1.4771212547196624
704 1.3010299956639813
705 1.0
713 1.4771212547196624
715 1.3010299956639813
724 1.0
733 1.0
740 1.0
743 1.3010299956639813
758 1.0
759 1.4771212547196624
763 1.0
768 1.0
772 1.3010299956639813
779 1.4771212547196624
783 1.0
784 1.0
786 1.0
788 1.4771212547196624
789 1.0
790 1.0
794 2.278753600952829
802 1.3010299956639813
803 1.3010299956639813
810 1.3010299956639813
815 1.3010299956639813
826 1.0
836 1.3010299956639813
838 1.0
845 1.845098040014257
846 1.0
848 1.845098040014257
851 1.7781512503836436
858 1.0
867 2.146128035678238
870 1.4771212547196624
872 1.0
873 1.0
876 1.0
878 1.3010299956639813
879 1.0
889 1.6989700043360187
890 1.6989700043360187
893 1.7781512503836436
894 1.0
895 1.3010299956639813
903 1.6989700043360187
904 1.0
906 1.0
926 1.0
929 1.0
930 1.0
931 1.0
939 1.3010299956639813
942 1.0
968 1.3010299956639813
969 1.3010299956639813
983 1.0
994 1.4771212547196624
998 1.0
1001 2.255272505103306
1002 1.0
1005 1.3010299956639813
1009 1.0
1011 1.3010299956639813
1012 1.3010299956639813
1015 1.0
1016 1.0
1019 1.3010299956639813
1021 1.4771212547196624
1028 2.278753600952829
1043 1.0
1044 1.0
1049 2.0
1051 1.0
1052 1.3010299956639813
1053 1.0
1055 1.4771212547196624
1057 1.0
1058 1.0
1065 1.0
1074 1.0
1075 1.0
1080 1.0
1081 1.3010299956639813
1083 1.0
1084 1.0
1091 1.3010299956639813
1093 1.3010299956639813
1096 1.4771212547196624
1101 1.0
1104 1.0
1113 1.6020599913279625
1114 1.0
1115 1.0
1116 1.0
1120 1.0
1121 1.6020599913279625
1129 2.0
1130 2.0
1135 1.4771212547196624
1136 1.4771212547196624
1139 1.4771212547196624
1140 1.4771212547196624
1143 1.6989700043360187
1144 1.6989700043360187
1147 1.0
1148 1.0
1149 1.6020599913279625
1150 1.6020599913279625
1151 1.0
1155 1.0
1156 1.0
1160 1.0
1162 1.3010299956639813
1167 1.3010299956639813
1174 1.0
1176 1.0
1177 1.0
1182 1.0
1184 1.0
1187 1.0
1188 1.0
1191 1.0
1192 1.3010299956639813
1196 1.3010299956639813
1201 1.0
1204 1.0
1212 1.0
1221 1.4771212547196624
1234 1.3010299956639813
1235 1.6020599913279625
1239 1.3010299956639813
1241 1.3010299956639813
1245 1.3010299956639813
1247 1.0
1249 1.0
1250 1.0
1259 1.6020599913279625
1263 1.0
1265 1.3010299956639813
1266 1.0
1268 1.6020599913279625
1270 1.0
1274 1.0
1276 1.0
1277 1.4771212547196624
1281 1.0
1285 1.0
1286 1.0
1288 1.0
1294 1.3010299956639813
1301 1.0
1307 1.0
1308 1.0
1309 1.0
1311 1.4771212547196624
1312 1.0
1314 1.3010299956639813
1316 1.0
1318 1.6989700043360187
1319 1.0
1321 1.0
