104 1.0
272 1.4771212547196624
310 1.4771212547196624
398 1.0
449 1.0
450 1.0
477 1.0
498 1.3010299956639813
557 1.0
605 1.0
606 1.0
624 1.0
643 1.0
657 1.0
676 1.0
677 1.0
704 1.0
742 1.0
748 1.0
749 1.0
762 1.6989700043360187
769 1.0
771 1.0
787 1.0
793 1.0
819 1.0
820 1.0
839 1.0
840 1.0
842 1.0
845 1.0
867 1.0
935 1.6020599913279625
982 1.6989700043360187
1007 1.0
1017 1.0
1022 1.0
1025 1.0
1031 1.0
1064 1.4771212547196624
1071 1.4771212547196624
1090 1.4771212547196624
1096 1.0
1186 1.0
1188 1.0
1201 1.0
1204 1.6020599913279625
1212 1.0
1214 1.4771212547196624
1226 1.6020599913279625
1283 1.0
1304 1.0
