3 1.6020599913279625
34 1.845098040014257
37 1.0
59 1.0
60 1.0
84 1.845098040014257
90 1.4771212547196624
115 1.6989700043360187
118 1.6989700043360187
136 1.6020599913279625
159 1.0
171 1.0
182 1.4771212547196624
202 1.0
205 1.4771212547196624
206 1.0
209 1.845098040014257
211 1.7781512503836436
214 1.0
215 1.3010299956639813
216 1.9030899869919435
217 1.9030899869919435
218 1.0
220 2.113943352306837
222 1.0
223 1.845098040014257
224 1.0
225 1.4771212547196624
231 1.3010299956639813
255 1.6989700043360187
259 1.0
390 1.0
393 1.3010299956639813
394 1.4771212547196624
403 1.9030899869919435
409 1.7781512503836436
412 1.3010299956639813
414 1.3010299956639813
425 1.0
428 1.3010299956639813
436 1.4771212547196624
437 1.3010299956639813
440 1.4771212547196624
446 1.0
447 1.6989700043360187
448 1.0
455 1.0
456 1.6020599913279625
461 1.0
462 1.4771212547196624
463 1.3010299956639813
469 1.0
470 1.0
472 1.0
475 1.0
476 1.3010299956639813
478 1.0
481 1.3010299956639813
485 1.0
487 1.3010299956639813
491 1.3010299956639813
493 1.3010299956639813
502 1.0
506 1.845098040014257
509 1.3010299956639813
510 1.0
520 1.3010299956639813
521 1.0
523 1.0
524 1.0
528 1.0
531 2.0
532 1.6020599913279625
547 1.0
564 1.6020599913279625
572 1.6020599913279625
581 1.3010299956639813
590 1.0
599 1.4771212547196624
600 1.3010299956639813
601 1.0
629 1.0
631 1.3010299956639813
679 1.6020599913279625
681 1.3010299956639813
683 1.4771212547196624
685 1.0
686 1.0
693 1.0
710 1.0
714 1.4771212547196624
718 1.6020599913279625
722 1.0
744 1.0
768 1.3010299956639813
785 1.0
786 1.0
788 1.6020599913279625
790 2.079181246047625
1161 1.6020599913279625
1190 1.0
1245 1.0
1249 1.0
1250 1.0
1251 1.3010299956639813
1254 1.0
1256 1.3010299956639813
1261 1.4771212547196624
1263 1.3010299956639813
1269 1.6020599913279625
1270 1.0
1271 1.3010299956639813
1275 1.4771212547196624
1279 1.3010299956639813
1285 1.6989700043360187
1286 1.4771212547196624
1287 1.0
1288 1.9030899869919435
1289 1.9542425094393248
1290 1.6020599913279625
1295 1.4771212547196624
1296 1.6989700043360187
1297 1.7781512503836436
1298 1.0
1304 1.3010299956639813
1305 1.4771212547196624
1309 1.6020599913279625
1311 1.3010299956639813
1312 1.7781512503836436
1313 1.4771212547196624
1315 1.4771212547196624
1322 1.0
1323 1.3010299956639813
