54 1.3010299956639813
158 1.0
213 1.0
234 1.0
337 1.0
351 1.0
541 1.0
543 1.0
544 1.0
565 1.0
615 1.0
636 1.3010299956639813
657 1.6020599913279625
690 1.0
696 1.4771212547196624
730 1.0
741 1.0
868 1.4771212547196624
869 1.4771212547196624
879 1.0
907 1.4771212547196624
941 1.0
1004 1.0
1045 1.0
1048 1.0
1096 1.0
1098 1.0
1117 1.0
1118 1.0
1119 1.0
1139 1.3010299956639813
1140 1.3010299956639813
1141 1.4771212547196624
1142 1.4771212547196624
1145 1.0
1146 1.0
1149 1.0
1150 1.0
1185 1.0
1247 1.0
1292 1.0
