3 1.0
47 1.0
58 1.3010299956639813
59 1.0
60 1.0
65 1.0
70 1.0
79 1.0
108 1.0
123 1.0
124 1.0
127 1.6020599913279625
142 1.3010299956639813
145 1.4771212547196624
158 1.0
163 1.0
180 1.4771212547196624
185 1.0
199 1.3010299956639813
209 1.4771212547196624
210 1.0
211 1.6020599913279625
220 1.3010299956639813
222 1.0
223 1.0
224 1.3010299956639813
226 1.0
228 1.0
231 1.0
233 1.0
243 1.3010299956639813
244 1.0
245 1.0
247 1.0
261 1.0
265 1.0
271 1.0
273 1.0
274 1.0
277 1.0
289 1.0
302 1.0
303 1.0
309 1.0
310 1.0
313 1.0
332 1.0
351 1.0
364 1.4771212547196624
376 1.0
394 1.0
398 1.6020599913279625
400 1.0
420 1.4771212547196624
432 1.0
443 1.0
450 1.0
459 1.0
470 1.0
472 1.0
480 1.0
487 1.4771212547196624
494 1.0
504 1.0
522 1.0
536 1.0
543 1.0
544 1.0
545 1.0
550 1.0
558 1.0
566 1.0
567 1.0
570 1.0
577 1.3010299956639813
587 1.0
589 1.0
591 1.6020599913279625
597 1.9542425094393248
598 1.9542425094393248
605 1.6989700043360187
606 1.6989700043360187
614 1.0
615 1.0
625 1.0
630 1.0
633 1.0
634 1.0
643 1.0
644 1.0
645 1.0
653 1.0
656 1.0
657 1.0
659 1.0
668 1.0
671 1.0
699 1.0
701 1.3010299956639813
713 1.3010299956639813
714 1.0
716 1.0
723 1.0
740 2.3222192947339195
741 1.0
746 1.0
760 1.0
769 1.0
771 1.0
783 1.0
784 1.3010299956639813
788 1.0
789 1.3010299956639813
797 1.6020599913279625
800 1.0
802 1.3010299956639813
803 1.3010299956639813
804 1.3010299956639813
805 1.0
823 1.0
837 1.0
838 1.0
839 1.0
840 1.0
847 1.0
859 1.3010299956639813
870 1.3010299956639813
881 1.0
887 1.3010299956639813
888 1.3010299956639813
892 1.0
893 1.3010299956639813
895 1.0
897 1.3010299956639813
899 1.0
903 1.9030899869919435
915 1.0
923 1.0
924 1.0
925 1.3010299956639813
926 1.3010299956639813
929 1.4771212547196624
930 1.0
935 1.0
949 1.0
958 1.3010299956639813
962 1.0
969 1.9542425094393248
971 1.0
972 1.0
973 1.0
977 1.0
978 1.7781512503836436
981 1.7781512503836436
982 1.0
984 1.0
990 1.0
991 2.079181246047625
993 1.0
1000 1.0
1001 1.0
1002 1.4771212547196624
1020 1.0
1027 1.0
1036 1.3010299956639813
1050 1.3010299956639813
1062 1.4771212547196624
1064 1.0
1068 1.6020599913279625
1090 1.0
1104 1.4771212547196624
1120 1.0
1121 1.3010299956639813
1129 1.6020599913279625
1130 1.6020599913279625
1139 1.0
1140 1.3010299956639813
1143 1.0
1144 1.0
1149 1.0
1150 1.0
1161 1.3010299956639813
1189 1.0
1191 1.3010299956639813
1192 1.0
1194 1.3010299956639813
1207 1.0
1210 1.3010299956639813
1213 1.0
1228 1.3010299956639813
1230 1.0
1238 1.0
1243 1.6989700043360187
1245 1.0
1259 1.6020599913279625
1273 1.3010299956639813
1283 1.0
1285 1.0
1289 1.0
1291 1.0
1292 1.3010299956639813
1293 1.0
1301 1.3010299956639813
1303 1.0
1309 1.0
1313 1.0
1314 1.0
