5 1.0
22 1.0
29 1.0
32 1.0
52 1.9542425094393248
56 1.0
65 1.3010299956639813
70 1.0
74 1.4771212547196624
75 1.6989700043360187
89 1.3010299956639813
96 1.3010299956639813
97 1.6020599913279625
98 1.3010299956639813
102 1.3010299956639813
103 1.0
107 1.6989700043360187
132 1.4771212547196624
138 1.0
140 1.0
144 1.0
152 1.0
157 1.3010299956639813
163 1.4771212547196624
165 1.0
166 1.0
180 2.0
189 1.4771212547196624
190 1.3010299956639813
194 1.3010299956639813
197 1.3010299956639813
207 1.0
222 1.6020599913279625
230 1.6020599913279625
236 1.0
245 1.0
252 1.0
261 1.0
270 1.0
291 1.0
317 1.4771212547196624
318 1.3010299956639813
332 1.3010299956639813
341 2.1760912590556813
365 1.0
376 1.0
378 1.6020599913279625
380 1.0
386 1.3010299956639813
397 1.3010299956639813
400 1.3010299956639813
402 1.0
434 1.0
436 1.0
441 1.0
442 1.3010299956639813
443 1.4771212547196624
445 1.0
449 1.4771212547196624
457 1.0
463 1.0
473 1.0
491 1.0
494 1.3010299956639813
520 1.0
540 1.6020599913279625
551 1.0
571 1.3010299956639813
575 1.0
577 1.0
584 1.0
585 1.0
588 1.0
596 1.0
597 1.3010299956639813
598 1.3010299956639813
612 1.0
613 1.0
622 1.4771212547196624
636 1.7781512503836436
640 1.0
647 1.0
658 1.4771212547196624
664 1.3010299956639813
672 1.3010299956639813
688 1.3010299956639813
693 1.3010299956639813
698 1.3010299956639813
706 1.0
715 1.3010299956639813
730 1.0
741 1.0
759 1.4771212547196624
769 1.3010299956639813
782 1.0
792 1.6020599913279625
793 1.0
794 1.3010299956639813
815 1.0
848 1.4771212547196624
861 1.4771212547196624
871 1.6020599913279625
903 1.6989700043360187
904 1.3010299956639813
914 1.0
918 1.0
981 1.0
997 1.0
1004 1.0
1005 1.0
1013 1.0
1016 1.3010299956639813
1020 2.204119982655925
1021 1.3010299956639813
1022 1.0
1023 1.4771212547196624
1028 1.0
1041 1.4771212547196624
1049 1.0
1053 1.0
1055 2.0413926851582254
1056 1.0
1060 1.0
1072 1.6989700043360187
1083 2.1760912590556813
1086 1.0
1096 1.7781512503836436
1100 1.3010299956639813
1104 1.0
1115 1.0
1116 1.0
1127 1.3010299956639813
1128 1.3010299956639813
1129 2.0413926851582254
1130 2.0413926851582254
1135 1.0
1136 1.0
1140 1.3010299956639813
1141 1.0
1142 1.0
1145 1.0
1146 1.0
1147 1.3010299956639813
1148 1.3010299956639813
1150 1.3010299956639813
1151 1.0
1173 1.0
1193 1.0
1206 1.0
1218 1.0
1227 1.0
1235 1.9030899869919435
1237 1.3010299956639813
1241 1.7781512503836436
1244 1.7781512503836436
1265 1.3010299956639813
1266 1.4771212547196624
1269 1.0
1274 1.0
1276 1.0
1304 1.4771212547196624
1321 1.0
1322 1.4771212547196624
