12 1.0
17 1.0
21 1.3010299956639813
29 1.0
33 1.0
46 1.0
47 1.4771212547196624
77 1.3010299956639813
80 1.0
93 1.0
94 1.6020599913279625
100 1.0
131 1.0
132 1.0
134 1.0
139 1.0
153 1.0
157 1.4771212547196624
161 1.0
167 1.0
179 1.3010299956639813
184 1.0
185 1.0
195 1.3010299956639813
207 1.0
220 1.0
243 1.0
251 1.4771212547196624
263 1.3010299956639813
267 1.0
268 1.0
275 1.0
288 1.0
291 1.0
303 1.3010299956639813
313 1.0
314 1.3010299956639813
319 1.0
320 1.0
322 1.3010299956639813
323 1.0
324 1.0
325 1.0
332 1.0
337 1.0
341 1.0
344 1.0
349 1.0
360 1.4771212547196624
362 1.3010299956639813
364 1.6989700043360187
371 1.845098040014257
378 1.0
380 1.0
386 1.4771212547196624
397 1.4771212547196624
407 1.0
411 1.0
416 1.0
417 1.0
427 1.0
440 1.0
445 1.4771212547196624
459 1.0
465 1.6020599913279625
472 1.0
474 1.3010299956639813
475 1.0
491 1.0
511 1.0
514 1.0
518 1.0
532 1.0
558 1.7781512503836436
586 1.3010299956639813
609 1.0
642 1.0
656 1.0
660 1.4771212547196624
669 1.0
676 1.0
677 1.0
682 1.3010299956639813
687 1.0
689 1.3010299956639813
690 1.0
703 1.3010299956639813
715 1.3010299956639813
717 1.4771212547196624
724 1.0
732 1.3010299956639813
742 1.0
748 1.0
779 1.3010299956639813
793 1.0
802 1.0
803 1.0
811 1.0
842 1.0
849 1.0
850 1.0
859 1.0
862 1.3010299956639813
868 1.4771212547196624
869 1.4771212547196624
879 1.0
918 1.0
927 1.3010299956639813
929 1.3010299956639813
939 1.0
942 1.0
943 1.3010299956639813
944 1.3010299956639813
948 1.0
961 1.0
969 1.3010299956639813
1015 1.0
1016 1.0
1027 1.0
1047 1.0
1051 1.4771212547196624
1052 1.845098040014257
1054 1.4771212547196624
1062 1.0
1070 1.0
1072 1.0
1073 1.6020599913279625
1086 1.0
1095 1.0
1096 1.3010299956639813
1108 1.0
1125 1.3010299956639813
1155 1.3010299956639813
1165 1.3010299956639813
1177 1.0
1193 1.0
1219 1.0
1226 1.0
1250 1.4771212547196624
1257 1.0
1263 1.0
1266 1.0
1268 1.0
1272 1.0
1276 1.0
1277 1.0
1280 1.0
1285 1.0
1291 1.0
1299 1.0
1301 1.0
1313 1.0
