156 1.0
214 1.0
251 1.0
277 1.0
388 1.0
593 1.0
610 1.0
669 1.0
678 1.0
680 1.6020599913279625
687 1.0
698 1.0
711 1.3010299956639813
721 1.3010299956639813
724 1.0
741 1.0
742 1.3010299956639813
764 1.0
815 1.3010299956639813
822 1.0
827 1.0
830 1.0
901 1.0
935 1.0
1026 1.0
1032 1.0
1044 1.0
1062 1.4771212547196624
1091 1.3010299956639813
1129 1.3010299956639813
1130 1.3010299956639813
1151 1.0
1163 1.0
1221 1.0
1226 1.0
1227 1.0
1228 1.0
1235 1.0
1241 1.3010299956639813
1266 1.0
1277 1.3010299956639813
