3 1.0
30 1.0
48 1.3010299956639813
74 1.0
90 1.3010299956639813
122 1.0
132 1.3010299956639813
136 1.0
157 1.3010299956639813
175 1.3010299956639813
177 1.0
184 1.0
185 1.0
207 1.7781512503836436
214 1.3010299956639813
234 1.0
251 1.0
270 1.6020599913279625
301 1.3010299956639813
329 1.3010299956639813
428 1.0
445 1.0
470 1.0
472 1.0
482 1.3010299956639813
532 1.0
536 1.0
596 1.0
608 1.0
609 1.0
663 1.6989700043360187
687 1.0
689 1.3010299956639813
716 1.0
770 1.0
794 1.0
845 1.6020599913279625
1038 1.0
1050 1.0
1129 1.0
1130 1.0
1165 1.3010299956639813
1189 1.0
1190 1.0
1243 1.3010299956639813
1245 1.3010299956639813
1273 1.0
1276 1.0
1277 1.0
1285 1.6020599913279625
1289 1.3010299956639813
1299 1.0
1304 1.0
1309 1.3010299956639813
1312 1.0
1322 1.0
