15 1.0
31 1.0
96 1.0
116 1.0
237 1.3010299956639813
239 1.3010299956639813
367 1.0
424 1.0
457 1.0
496 1.0
532 1.0
541 1.4771212547196624
561 1.4771212547196624
602 1.6989700043360187
603 1.6989700043360187
692 1.3010299956639813
717 1.0
751 1.0
777 1.3010299956639813
779 1.3010299956639813
819 1.0
829 1.6020599913279625
839 1.845098040014257
840 1.845098040014257
844 1.0
855 1.0
872 1.4771212547196624
889 1.4771212547196624
890 1.4771212547196624
1017 1.0
1022 1.0
1091 1.0
1140 1.0
1193 1.3010299956639813
1294 1.0
1324 1.4771212547196624
