5 1.0
79 1.0
90 1.3010299956639813
99 1.0
159 1.4771212547196624
222 1.0
233 1.0
248 1.0
259 1.0
267 1.0
291 1.0
309 1.0
313 1.0
319 1.0
356 1.0
364 1.0
409 1.3010299956639813
412 1.6989700043360187
414 1.0
428 1.0
436 1.3010299956639813
454 1.0
462 1.0
478 1.0
479 1.3010299956639813
480 1.3010299956639813
493 1.4771212547196624
506 1.4771212547196624
510 1.6020599913279625
524 1.3010299956639813
644 1.0
677 1.3010299956639813
682 1.0
685 1.4771212547196624
693 1.4771212547196624
703 1.0
704 1.0
714 1.0
719 1.0
720 1.0
742 1.0
842 1.0
895 1.0
902 1.0
1034 1.0
1046 1.0
1085 1.0
1222 1.0
1285 1.0
1286 1.3010299956639813
1293 1.3010299956639813
1304 1.0
1316 1.0
