2 1.0
30 1.0
75 1.0
84 1.0
89 1.0
90 1.0
93 1.0
94 1.0
101 1.0
113 1.0
114 1.0
123 1.0
124 1.0
131 1.0
141 1.3010299956639813
149 1.0
154 1.0
171 1.4771212547196624
182 1.3010299956639813
189 1.0
202 1.0
203 1.0
209 1.0
214 1.0
218 1.0
221 1.0
223 1.0
231 1.0
243 1.0
257 1.0
258 1.0
309 1.0
313 1.0
344 1.0
355 1.0
375 1.0
382 1.0
384 1.0
395 1.0
403 1.3010299956639813
412 1.4771212547196624
414 1.9030899869919435
427 1.0
428 1.0
440 1.6989700043360187
446 1.6020599913279625
451 1.3010299956639813
457 1.0
462 1.3010299956639813
463 2.4771212547196626
464 1.0
483 1.3010299956639813
487 1.3010299956639813
497 1.3010299956639813
499 1.0
500 1.0
504 1.3010299956639813
506 1.6020599913279625
516 1.0
521 1.0
524 1.3010299956639813
531 1.0
536 1.3010299956639813
538 1.0
553 1.0
561 1.0
566 1.0
572 1.0
576 1.0
584 1.0
585 1.0
610 1.0
611 1.0
622 1.3010299956639813
627 1.0
639 1.0
642 1.0
684 1.0
686 1.0
704 1.0
710 1.0
711 1.0
715 1.0
718 1.0
720 1.0
724 1.0
725 1.3010299956639813
734 1.0
764 1.0
765 1.0
768 1.0
779 1.3010299956639813
782 1.0
786 1.0
788 1.3010299956639813
796 1.0
811 1.0
855 1.0
897 1.0
903 1.0
907 1.0
915 1.3010299956639813
945 1.0
1026 1.0
1038 1.0
1049 1.0
1050 1.3010299956639813
1054 1.0
1062 1.0
1073 1.0
1088 1.0
1090 1.0
1096 1.0
1097 1.0
1104 1.3010299956639813
1114 1.0
1122 1.0
1127 1.0
1128 1.0
1137 1.4771212547196624
1138 1.4771212547196624
1139 1.0
1140 1.0
1149 1.0
1150 1.0
1171 1.0
1184 1.0
1190 1.0
1195 1.0
1208 1.0
1213 1.3010299956639813
1226 1.0
1243 1.0
1249 1.0
1254 1.0
1257 1.0
1262 1.0
1263 1.0
1267 1.3010299956639813
1271 1.3010299956639813
1272 1.0
1280 1.0
1286 1.0
1293 1.0
1295 1.0
1310 1.3010299956639813
1313 1.0
1317 1.0
1321 1.0
1323 1.0
