1 1.0
2 1.0
32 1.0
37 1.3010299956639813
47 1.0
66 1.0
91 1.0
102 1.0
131 1.0
147 1.0
161 1.0
213 1.0
228 1.0
232 1.0
248 1.0
249 1.0
280 1.0
314 1.0
381 1.0
399 1.0
403 1.0
408 1.0
417 1.0
426 1.0
427 1.3010299956639813
434 1.3010299956639813
486 1.0
505 1.0
523 1.0
524 1.0
527 1.3010299956639813
538 1.3010299956639813
540 1.3010299956639813
542 1.3010299956639813
547 1.0
572 1.0
599 1.0
601 1.0
602 1.0
603 1.0
614 1.0
624 1.0
627 1.0
638 1.0
643 1.0
644 1.4771212547196624
650 1.0
659 1.0
677 1.0
689 1.0
695 1.0
716 1.0
722 1.6020599913279625
749 1.0
757 1.0
764 1.0
790 1.0
812 1.0
814 1.0
850 1.0
914 1.0
1019 1.0
1028 1.0
1044 1.0
1045 1.0
1049 1.0
1054 1.0
1093 1.3010299956639813
1100 1.0
1107 1.0
1111 1.0
1112 1.0
1125 1.0
1167 1.0
1170 1.0
1177 1.0
1201 1.0
1202 1.3010299956639813
1210 1.0
1211 1.0
1214 1.3010299956639813
1220 1.0
1237 1.0
1271 1.0
1289 1.0
1296 1.0
1303 1.0
1313 1.0
1321 1.0
