0 1.4771212547196624
3 1.7781512503836436
5 1.3010299956639813
8 1.3010299956639813
9 2.278753600952829
10 1.0
11 1.6020599913279625
13 1.7781512503836436
14 1.0
15 2.3010299956639813
16 1.845098040014257
17 1.3010299956639813
21 1.845098040014257
22 1.3010299956639813
24 1.4771212547196624
25 1.3010299956639813
28 1.0
29 1.9542425094393248
31 1.0
32 1.6020599913279625
33 1.3010299956639813
34 1.4771212547196624
35 1.4771212547196624
37 1.6020599913279625
38 1.4771212547196624
41 1.3010299956639813
42 1.6989700043360187
45 1.9030899869919435
47 1.6989700043360187
48 1.4771212547196624
49 1.0
52 1.845098040014257
53 1.0
54 1.3010299956639813
55 1.845098040014257
56 1.4771212547196624
58 1.3010299956639813
62 2.204119982655925
63 1.845098040014257
65 2.113943352306837
66 1.6989700043360187
67 1.4771212547196624
68 1.6020599913279625
69 1.6020599913279625
71 1.0
73 1.845098040014257
75 1.3010299956639813
76 1.6020599913279625
77 1.0
78 1.3010299956639813
80 1.0
81 2.113943352306837
82 1.6020599913279625
85 1.0
86 1.9030899869919435
88 1.6989700043360187
89 1.3010299956639813
90 1.6020599913279625
91 1.845098040014257
92 1.845098040014257
93 1.3010299956639813
94 2.1760912590556813
95 1.3010299956639813
96 1.6020599913279625
97 2.0413926851582254
100 1.0
105 1.0
106 1.3010299956639813
107 1.3010299956639813
110 2.0413926851582254
111 1.0
112 1.6989700043360187
113 1.0
114 1.0
115 1.0
116 1.6989700043360187
117 2.3222192947339195
118 1.6989700043360187
119 1.0
121 1.9542425094393248
125 2.113943352306837
127 1.9542425094393248
128 1.0
129 2.0
130 1.4771212547196624
133 1.6020599913279625
134 1.3010299956639813
135 1.4771212547196624
138 1.9030899869919435
139 1.9030899869919435
142 2.113943352306837
144 1.0
145 2.079181246047625
147 1.3010299956639813
148 1.9030899869919435
149 1.9542425094393248
152 1.0
153 1.0
157 1.0
161 1.0
162 1.3010299956639813
165 1.7781512503836436
170 1.0
175 1.0
176 1.4771212547196624
177 1.0
179 1.0
180 1.0
182 1.3010299956639813
183 1.3010299956639813
188 1.6020599913279625
189 1.6989700043360187
192 2.380211241711606
193 1.4771212547196624
194 1.6020599913279625
195 1.0
198 1.3010299956639813
200 2.0
201 2.079181246047625
209 1.3010299956639813
211 1.0
214 1.0
216 1.4771212547196624
217 1.4771212547196624
219 1.0
220 1.3010299956639813
221 1.4771212547196624
222 1.6020599913279625
223 1.0
226 1.0
229 1.0
232 1.9030899869919435
233 1.0
234 1.4771212547196624
235 1.0
236 1.3010299956639813
237 1.0
238 1.0
240 1.0
244 1.0
245 1.0
246 1.0
248 1.3010299956639813
249 1.0
250 1.6989700043360187
251 1.6020599913279625
253 1.4771212547196624
254 2.079181246047625
256 1.3010299956639813
258 1.0
261 1.9030899869919435
262 1.7781512503836436
263 1.3010299956639813
265 1.6020599913279625
267 1.4771212547196624
268 1.4771212547196624
269 1.6020599913279625
271 1.0
272 1.3010299956639813
273 1.6020599913279625
274 1.6020599913279625
275 2.146128035678238
276 1.4771212547196624
281 1.4771212547196624
282 1.4771212547196624
283 1.3010299956639813
284 1.3010299956639813
285 1.3010299956639813
288 1.9030899869919435
289 2.113943352306837
290 1.0
291 1.6020599913279625
294 2.079181246047625
296 1.3010299956639813
297 1.845098040014257
299 1.9030899869919435
300 2.3979400086720375
301 1.3010299956639813
302 1.4771212547196624
303 1.0
305 1.7781512503836436
306 1.7781512503836436
310 1.4771212547196624
311 1.0
314 2.1760912590556813
317 1.9542425094393248
318 1.6020599913279625
322 2.414973347970818
326 1.6020599913279625
327 1.3010299956639813
328 1.3010299956639813
329 1.3010299956639813
334 1.3010299956639813
337 2.3010299956639813
339 1.0
340 2.0
341 1.6020599913279625
344 1.6020599913279625
346 1.0
347 1.0
349 1.845098040014257
350 1.4771212547196624
353 1.6020599913279625
354 1.3010299956639813
355 1.3010299956639813
358 1.9030899869919435
360 1.9542425094393248
361 1.0
362 1.6989700043360187
363 1.7781512503836436
364 1.9542425094393248
367 1.6020599913279625
368 2.3979400086720375
369 1.6989700043360187
372 1.4771212547196624
373 1.0
374 1.0
375 2.0
376 1.4771212547196624
377 1.3010299956639813
378 1.845098040014257
379 1.0
380 1.6989700043360187
383 1.9030899869919435
384 1.4771212547196624
387 1.3010299956639813
390 1.0
391 1.0
392 1.0
393 1.0
394 1.3010299956639813
395 2.079181246047625
396 1.6020599913279625
398 1.3010299956639813
400 2.0413926851582254
403 1.3010299956639813
404 1.3010299956639813
408 1.4771212547196624
409 1.4771212547196624
410 1.6020599913279625
411 1.845098040014257
412 1.6989700043360187
413 1.6989700043360187
414 1.0
415 1.6989700043360187
416 1.0
417 1.0
419 1.4771212547196624
420 1.3010299956639813
422 2.0413926851582254
423 1.4771212547196624
424 1.0
425 1.6020599913279625
428 1.3010299956639813
429 1.6020599913279625
430 1.0
433 1.6020599913279625
435 1.0
436 1.3010299956639813
437 1.0
439 1.845098040014257
441 1.0
442 1.0
443 1.6020599913279625
444 1.0
445 1.0
449 1.7781512503836436
455 1.3010299956639813
463 1.9542425094393248
465 1.6020599913279625
469 1.0
471 1.0
473 1.4771212547196624
474 1.6020599913279625
476 1.7781512503836436
480 1.6989700043360187
481 1.3010299956639813
487 1.0
493 1.3010299956639813
494 1.4771212547196624
496 1.6989700043360187
497 1.845098040014257
498 2.3222192947339195
499 1.3010299956639813
506 2.255272505103306
508 1.3010299956639813
510 1.0
511 1.4771212547196624
512 1.3010299956639813
514 1.0
518 1.0
520 1.3010299956639813
521 1.6020599913279625
524 1.3010299956639813
526 1.0
534 1.0
535 1.3010299956639813
536 1.0
537 1.3010299956639813
540 2.0413926851582254
541 1.6020599913279625
543 1.0
544 1.0
550 1.845098040014257
552 1.3010299956639813
557 1.0
558 1.0
559 1.0
560 1.0
561 1.3010299956639813
565 1.4771212547196624
567 1.6989700043360187
570 1.3010299956639813
572 1.3010299956639813
575 1.4771212547196624
577 2.778151250383644
580 1.6020599913279625
581 1.0
582 1.0
583 1.0
584 1.6020599913279625
585 1.6020599913279625
586 1.0
587 1.3010299956639813
588 2.230448921378274
589 1.3010299956639813
592 1.6989700043360187
593 1.0
595 1.4771212547196624
597 1.0
598 1.0
599 1.3010299956639813
601 1.4771212547196624
602 1.4771212547196624
603 1.4771212547196624
604 1.3010299956639813
605 1.3010299956639813
606 1.3010299956639813
607 1.4771212547196624
608 1.3010299956639813
611 1.0
612 1.0
613 1.4771212547196624
614 2.079181246047625
615 1.6020599913279625
624 1.3010299956639813
625 1.3010299956639813
628 1.0
630 1.4771212547196624
637 1.4771212547196624
638 1.0
643 1.9030899869919435
645 1.6020599913279625
648 1.0
650 1.3010299956639813
651 1.4771212547196624
653 1.4771212547196624
654 1.9030899869919435
656 1.0
657 1.3010299956639813
658 1.0
659 1.0
671 1.0
673 1.0
676 1.0
677 1.6020599913279625
681 1.0
682 1.845098040014257
686 1.4771212547196624
687 2.204119982655925
688 2.0413926851582254
689 2.278753600952829
690 1.6020599913279625
693 1.4771212547196624
694 2.113943352306837
695 1.0
697 1.3010299956639813
698 1.4771212547196624
699 1.3010299956639813
702 1.3010299956639813
703 1.7781512503836436
704 1.845098040014257
705 1.6020599913279625
706 1.0
708 1.3010299956639813
711 1.0
714 1.0
715 1.9030899869919435
717 1.3010299956639813
719 1.3010299956639813
720 1.6989700043360187
723 1.4771212547196624
727 1.9030899869919435
728 1.0
730 1.6989700043360187
732 1.0
733 1.0
736 1.0
737 1.0
738 1.0
740 1.6989700043360187
743 2.591064607026499
745 1.0
747 1.4771212547196624
750 1.3010299956639813
751 1.3010299956639813
756 1.0
760 1.4771212547196624
761 1.4771212547196624
764 2.0413926851582254
765 1.3010299956639813
768 1.3010299956639813
769 2.204119982655925
770 1.0
771 1.7781512503836436
773 1.6020599913279625
779 1.6989700043360187
780 1.3010299956639813
781 1.3010299956639813
782 1.0
787 1.4771212547196624
788 1.7781512503836436
790 1.6989700043360187
791 1.0
792 1.6020599913279625
794 2.204119982655925
795 1.4771212547196624
796 1.0
797 1.3010299956639813
800 1.0
801 1.7781512503836436
802 2.113943352306837
803 2.113943352306837
805 1.4771212547196624
812 1.6020599913279625
814 1.0
815 1.6989700043360187
819 1.0
820 1.3010299956639813
823 2.113943352306837
824 1.7781512503836436
825 1.7781512503836436
827 1.0
832 1.0
833 1.0
837 1.4771212547196624
838 1.3010299956639813
839 1.4771212547196624
840 1.4771212547196624
844 1.6020599913279625
845 1.6020599913279625
848 1.4771212547196624
850 1.0
851 1.4771212547196624
855 1.4771212547196624
860 1.0
861 1.845098040014257
866 1.0
867 1.3010299956639813
868 2.342422680822206
869 2.342422680822206
870 2.079181246047625
871 1.845098040014257
873 1.6020599913279625
876 1.0
878 1.7781512503836436
880 1.4771212547196624
881 1.7781512503836436
885 1.0
889 2.0413926851582254
890 2.0413926851582254
893 1.845098040014257
895 1.6020599913279625
896 1.6989700043360187
897 1.3010299956639813
901 1.3010299956639813
902 1.0
903 2.5185139398778875
904 1.7781512503836436
905 1.0
911 1.6020599913279625
922 1.6989700043360187
924 1.0
925 1.3010299956639813
926 2.0
928 1.0
929 1.3010299956639813
932 1.0
933 1.0
934 1.0
939 1.3010299956639813
941 2.1760912590556813
943 1.845098040014257
944 1.845098040014257
950 1.3010299956639813
954 1.0
959 1.3010299956639813
962 1.4771212547196624
969 1.6020599913279625
970 1.0
973 1.9030899869919435
977 1.4771212547196624
981 1.3010299956639813
983 1.0
984 1.0
986 1.0
988 1.0
991 1.4771212547196624
992 1.0
995 1.0
996 1.3010299956639813
1003 1.6989700043360187
1006 1.0
1007 1.0
1017 1.3010299956639813
1019 1.3010299956639813
1020 1.845098040014257
1022 1.9542425094393248
1023 1.6989700043360187
1024 1.6989700043360187
1025 1.4771212547196624
1027 1.0
1028 1.6020599913279625
1029 1.0
1032 1.6020599913279625
1035 1.0
1036 1.3010299956639813
1038 2.079181246047625
1041 1.0
1042 1.3010299956639813
1047 2.113943352306837
1048 2.113943352306837
1049 1.0
1050 1.3010299956639813
1051 2.1760912590556813
1052 2.4313637641589874
1053 1.9030899869919435
1054 1.3010299956639813
1055 1.9030899869919435
1056 1.0
1062 1.0
1065 2.0
1068 1.0
1070 1.4771212547196624
1071 1.0
1072 1.0
1074 1.0
1075 1.0
1076 1.3010299956639813
1080 1.3010299956639813
1083 1.6020599913279625
1086 1.6020599913279625
1088 1.0
1089 1.0
1093 1.3010299956639813
1094 1.6989700043360187
1095 1.6020599913279625
1096 1.4771212547196624
1098 1.0
1100 1.3010299956639813
1104 1.0
1109 1.3010299956639813
1111 1.0
1112 1.0
1114 1.0
1115 1.0
1116 1.0
1117 1.0
1118 1.0
1120 1.0
1121 1.4771212547196624
1123 1.3010299956639813
1126 1.4771212547196624
1127 1.3010299956639813
1128 1.3010299956639813
1129 1.7781512503836436
1130 1.7781512503836436
1137 1.0
1138 1.0
1139 1.0
1140 1.3010299956639813
1141 1.3010299956639813
1142 1.3010299956639813
1147 1.0
1148 1.0
1151 1.0
1152 1.6989700043360187
1153 1.6020599913279625
1154 1.3010299956639813
1155 1.3010299956639813
1157 1.4771212547196624
1158 1.4771212547196624
1160 1.3010299956639813
1162 1.4771212547196624
1167 1.4771212547196624
1168 1.0
1173 1.845098040014257
1174 1.6020599913279625
1176 1.0
1177 1.0
1178 1.3010299956639813
1180 1.3010299956639813
1181 1.3010299956639813
1182 1.3010299956639813
1183 1.3010299956639813
1184 1.4771212547196624
1185 1.0
1188 1.0
1191 1.4771212547196624
1196 1.3010299956639813
1198 1.4771212547196624
1200 1.0
1204 1.4771212547196624
1211 1.3010299956639813
1216 1.0
1217 1.4771212547196624
1219 1.4771212547196624
1221 1.0
1227 1.0
1228 1.3010299956639813
1232 1.3010299956639813
1233 1.0
1234 1.0
1235 1.3010299956639813
1236 1.0
1237 1.0
1240 1.3010299956639813
1243 1.6020599913279625
1245 1.3010299956639813
1247 1.0
1248 1.0
1251 1.0
1252 1.0
1259 1.9030899869919435
1260 1.0
1261 1.7781512503836436
1262 1.0
1263 1.6020599913279625
1266 1.6020599913279625
1267 1.845098040014257
1268 1.0
1269 1.6989700043360187
1270 1.6989700043360187
1274 1.0
1275 1.0
1280 1.0
1283 1.3010299956639813
1285 1.3010299956639813
1286 1.4771212547196624
1288 1.3010299956639813
1289 1.0
1293 1.4771212547196624
1298 1.3010299956639813
1316 1.0
1317 1.6989700043360187
1320 1.4771212547196624
1321 1.4771212547196624
1322 1.0
