12 1.0
17 1.0
24 1.0
42 1.0
45 1.0
47 1.0
84 1.3010299956639813
111 1.3010299956639813
113 1.0
114 1.0
121 1.3010299956639813
200 1.0
201 1.0
213 1.0
219 1.0
220 1.0
223 1.3010299956639813
225 1.3010299956639813
228 1.0
233 1.0
238 1.0
241 1.0
279 1.0
289 1.0
302 1.0
343 1.0
398 1.3010299956639813
401 1.0
412 1.0
424 1.0
452 1.0
459 1.0
462 1.0
463 1.0
469 1.0
490 1.0
506 1.0
515 1.0
521 1.0
552 1.0
559 1.0
575 1.3010299956639813
578 1.0
611 1.3010299956639813
648 1.0
650 1.3010299956639813
655 1.0
659 1.0
661 1.0
682 1.0
687 1.0
689 1.3010299956639813
695 1.4771212547196624
703 1.4771212547196624
704 1.0
708 1.0
714 1.0
723 1.0
724 1.0
731 1.6020599913279625
739 1.0
749 1.0
771 1.0
788 1.0
815 1.4771212547196624
845 1.0
868 1.3010299956639813
869 1.3010299956639813
885 1.0
895 1.3010299956639813
914 1.3010299956639813
915 1.0
954 1.0
1013 1.3010299956639813
1026 1.0
1027 1.0
1028 1.0
1029 1.4771212547196624
1038 1.4771212547196624
1039 1.0
1065 1.3010299956639813
1068 1.0
1071 1.0
1105 1.6020599913279625
1106 1.6020599913279625
1115 1.0
1116 1.0
1120 1.0
1122 1.0
1124 1.0
1141 1.3010299956639813
1142 1.3010299956639813
1190 1.0
1204 1.0
1213 1.0
1252 1.0
1279 1.0
1322 1.0
