6 1.3010299956639813
7 1.6989700043360187
11 1.3010299956639813
19 1.0
29 1.3010299956639813
56 1.0
70 1.6020599913279625
71 1.0
83 1.4771212547196624
226 1.6020599913279625
238 1.0
256 1.3010299956639813
293 1.3010299956639813
311 1.0
314 1.0
316 1.0
351 1.3010299956639813
379 1.4771212547196624
408 1.4771212547196624
418 1.6020599913279625
461 1.0
495 1.0
496 1.3010299956639813
540 2.079181246047625
567 1.6989700043360187
617 1.3010299956639813
622 2.113943352306837
624 1.0
627 1.4771212547196624
639 1.3010299956639813
643 1.0
644 1.6989700043360187
654 1.0
657 1.7781512503836436
658 1.6989700043360187
659 1.6989700043360187
680 1.6020599913279625
694 1.4771212547196624
741 1.4771212547196624
745 1.0
748 1.7781512503836436
752 1.7781512503836436
755 1.0
756 1.6989700043360187
759 2.0
812 1.4771212547196624
814 1.6020599913279625
821 1.7781512503836436
826 2.0
839 1.3010299956639813
840 1.3010299956639813
843 1.3010299956639813
845 1.0
854 1.0
885 1.4771212547196624
915 1.7781512503836436
918 1.6020599913279625
948 1.4771212547196624
960 1.3010299956639813
1007 1.0
1010 1.3010299956639813
1013 1.845098040014257
1028 1.4771212547196624
1029 1.7781512503836436
1037 1.0
1042 1.0
1060 1.0
1062 1.6020599913279625
1066 2.146128035678238
1068 2.113943352306837
1070 1.4771212547196624
1073 2.204119982655925
1083 1.0
1088 1.4771212547196624
1090 1.3010299956639813
1092 1.0
1104 2.3010299956639813
1119 1.9030899869919435
1120 1.6989700043360187
1122 1.0
1123 1.6989700043360187
1127 1.7781512503836436
1128 1.7781512503836436
1167 1.0
1194 1.6020599913279625
1203 1.0
1204 1.6020599913279625
1214 1.9542425094393248
1226 1.9542425094393248
1244 1.0
