3 1.3010299956639813
33 1.0
34 1.3010299956639813
37 1.0
50 1.3010299956639813
79 1.0
90 1.3010299956639813
99 1.3010299956639813
118 1.0
123 1.4771212547196624
124 1.4771212547196624
136 1.4771212547196624
175 1.0
182 1.0
202 1.3010299956639813
215 1.0
220 1.0
221 1.0
229 1.0
244 1.0
249 1.0
255 1.0
271 1.4771212547196624
276 1.0
403 1.0
425 1.0
427 1.0
436 1.0
453 1.0
455 1.3010299956639813
460 1.0
461 1.0
463 1.0
472 1.3010299956639813
492 1.0
493 1.0
494 1.0
506 1.6020599913279625
547 1.0
552 1.0
679 1.3010299956639813
748 1.0
788 1.3010299956639813
812 1.0
885 1.0
905 1.3010299956639813
918 1.0
1013 1.0
1063 1.3010299956639813
1104 1.0
1108 1.0
1121 1.0
1122 1.0
1182 1.0
1243 1.0
1250 1.0
1261 1.0
1290 1.4771212547196624
1294 1.0
1316 1.3010299956639813
1320 1.0
1322 1.4771212547196624
