0 1.0
2 1.3010299956639813
7 1.3010299956639813
8 1.3010299956639813
10 1.0
12 1.6020599913279625
13 2.278753600952829
15 1.3010299956639813
16 1.0
24 1.0
29 1.3010299956639813
33 1.3010299956639813
35 1.3010299956639813
41 1.0
43 1.0
45 1.4771212547196624
46 1.4771212547196624
47 2.0413926851582254
56 1.6020599913279625
63 1.3010299956639813
94 1.0
100 1.3010299956639813
127 1.0
128 1.0
134 1.0
142 1.6020599913279625
154 1.0
159 1.0
244 1.0
262 1.4771212547196624
285 1.0
288 1.9030899869919435
298 1.0
306 1.9542425094393248
314 1.4771212547196624
326 1.0
343 1.3010299956639813
363 1.4771212547196624
372 1.0
379 1.0
412 1.0
443 1.0
452 1.0
464 1.0
522 1.0
592 1.0
627 1.0
662 1.0
678 1.0
680 1.0
695 1.0
729 1.0
741 1.3010299956639813
748 1.0
764 1.0
814 1.3010299956639813
815 1.0
823 1.0
836 1.0
845 1.0
860 1.0
893 1.0
931 1.3010299956639813
983 1.0
1008 1.4771212547196624
1014 1.3010299956639813
1022 1.0
1047 2.113943352306837
1074 1.0
1075 1.0
1079 1.0
1096 1.0
1102 1.0
1162 1.3010299956639813
1167 1.0
1172 1.3010299956639813
1174 1.0
1176 1.0
1178 1.0
1180 1.0
1184 1.0
1192 1.0
1196 1.4771212547196624
1197 1.3010299956639813
1198 1.6020599913279625
1205 1.0
1211 1.0
1220 1.0
1224 1.0
1261 1.0
1280 1.3010299956639813
1286 1.0
