3 1.3010299956639813
16 1.0
25 1.0
48 1.3010299956639813
61 1.0
84 1.6989700043360187
115 1.4771212547196624
118 1.0
123 1.0
124 1.0
130 1.4771212547196624
136 1.6020599913279625
143 1.6989700043360187
148 1.4771212547196624
176 1.0
196 1.0
206 1.0
211 1.3010299956639813
224 1.4771212547196624
241 1.0
250 1.0
251 1.0
267 1.0
277 1.0
281 1.0
310 2.6989700043360187
314 1.3010299956639813
319 1.3010299956639813
336 1.3010299956639813
361 1.6989700043360187
366 1.4771212547196624
368 1.0
377 1.0
381 1.0
396 1.0
398 1.4771212547196624
399 1.0
425 1.3010299956639813
427 1.0
437 1.0
440 1.3010299956639813
446 1.6020599913279625
447 1.4771212547196624
462 1.3010299956639813
469 1.0
478 1.0
481 1.0
487 1.0
493 1.3010299956639813
510 1.0
513 1.0
527 1.0
528 1.0
532 1.0
537 1.4771212547196624
541 1.4771212547196624
549 1.0
557 1.0
565 1.9542425094393248
591 1.0
593 1.3010299956639813
599 1.3010299956639813
601 1.0
611 1.0
615 2.113943352306837
617 1.0
635 1.0
652 1.0
666 1.0
692 1.3010299956639813
695 1.0
697 1.3010299956639813
704 1.0
716 1.0
735 1.4771212547196624
736 1.0
765 1.0
779 1.3010299956639813
785 1.0
789 1.0
810 1.3010299956639813
821 1.3010299956639813
841 1.0
855 1.0
863 1.0
865 1.4771212547196624
868 1.0
869 1.0
881 1.3010299956639813
891 1.0
898 1.0
901 1.0
909 1.0
927 1.0
933 1.0
943 1.0
944 1.0
948 1.6020599913279625
985 1.4771212547196624
989 1.0
991 1.0
998 1.0
999 1.0
1002 1.4771212547196624
1021 1.0
1050 1.0
1054 1.0
1067 1.0
1103 1.0
1111 1.0
1112 1.0
1127 1.3010299956639813
1128 1.3010299956639813
1154 1.3010299956639813
1164 1.4771212547196624
1201 1.0
1204 1.0
1210 1.0
1226 1.0
1237 1.3010299956639813
1243 1.0
1267 1.6989700043360187
1269 1.0
1270 1.3010299956639813
1274 1.0
1281 1.3010299956639813
1285 1.0
1286 1.0
1317 1.0
1321 1.0
1323 1.0
