11 1.0
16 1.3010299956639813
17 1.0
24 1.3010299956639813
32 1.0
41 2.230448921378274
43 1.6020599913279625
44 1.3010299956639813
48 1.0
61 1.4771212547196624
81 1.0
84 1.0
91 1.0
100 1.3010299956639813
105 1.0
115 1.3010299956639813
117 1.9030899869919435
118 1.0
127 1.4771212547196624
129 1.0
142 1.6020599913279625
148 1.0
161 1.0
170 1.0
171 1.0
176 2.146128035678238
181 1.0
188 1.0
192 2.278753600952829
193 1.6989700043360187
194 1.0
242 1.3010299956639813
247 1.0
267 1.4771212547196624
268 1.3010299956639813
274 1.0
277 1.0
279 1.0
294 1.3010299956639813
302 1.6020599913279625
304 1.0
319 1.6989700043360187
327 1.0
329 1.6020599913279625
334 1.3010299956639813
337 1.7781512503836436
339 1.6020599913279625
340 1.0
351 1.0
353 1.9542425094393248
358 1.0
360 1.9030899869919435
361 1.6020599913279625
367 1.3010299956639813
368 1.0
375 1.4771212547196624
380 1.6020599913279625
391 1.4771212547196624
394 1.3010299956639813
396 1.0
398 1.6989700043360187
399 1.0
404 1.3010299956639813
406 1.3010299956639813
414 1.0
417 1.0
419 1.0
427 1.0
432 1.0
433 1.0
446 1.0
453 1.0
454 1.0
459 1.0
488 1.3010299956639813
493 1.0
497 2.146128035678238
503 1.0
506 1.3010299956639813
508 1.0
510 1.0
524 1.3010299956639813
534 1.0
537 1.3010299956639813
541 1.3010299956639813
545 1.3010299956639813
550 1.0
558 1.3010299956639813
562 1.3010299956639813
563 1.3010299956639813
571 1.3010299956639813
578 1.9542425094393248
593 1.3010299956639813
596 1.4771212547196624
597 1.845098040014257
598 1.845098040014257
608 1.6020599913279625
644 1.3010299956639813
648 1.0
652 1.0
656 1.0
657 1.3010299956639813
663 1.0
664 1.4771212547196624
670 1.4771212547196624
671 1.0
672 1.0
691 1.3010299956639813
692 1.0
694 1.3010299956639813
695 1.3010299956639813
696 1.0
704 1.6020599913279625
712 1.3010299956639813
721 1.4771212547196624
735 1.0
736 1.3010299956639813
748 1.4771212547196624
773 1.0
779 1.9030899869919435
781 1.3010299956639813
788 1.3010299956639813
790 1.0
795 1.6989700043360187
802 1.6020599913279625
803 1.6020599913279625
812 1.0
815 1.0
863 1.0
866 1.0
868 1.3010299956639813
869 1.3010299956639813
870 1.0
880 1.6020599913279625
901 1.4771212547196624
939 1.0
948 1.0
954 1.0
995 1.0
1004 1.0
1028 1.4771212547196624
1033 1.0
1044 1.0
1047 1.0
1049 1.3010299956639813
1052 1.0
1054 1.0
1059 1.3010299956639813
1064 1.0
1066 1.7781512503836436
1074 1.0
1075 1.0
1085 1.3010299956639813
1089 1.0
1091 1.0
1092 1.0
1095 1.3010299956639813
1096 1.0
1104 1.0
1123 1.0
1124 1.0
1125 1.0
1126 1.0
1129 1.4771212547196624
1130 1.4771212547196624
1143 1.0
1144 1.0
1154 1.0
1155 1.3010299956639813
1160 1.0
1162 1.0
1171 1.7781512503836436
1173 1.0
1179 1.0
1181 1.0
1182 1.0
1207 1.0
1226 1.0
1234 1.6020599913279625
1272 1.0
1285 1.0
1292 1.0
1294 1.0
1302 1.6989700043360187
