3 1.6989700043360187
15 1.0
27 1.4771212547196624
33 1.0
37 1.3010299956639813
49 1.0
51 1.0
59 1.3010299956639813
60 1.3010299956639813
61 1.3010299956639813
75 1.0
79 1.0
89 1.3010299956639813
90 1.0
99 1.3010299956639813
110 1.0
120 1.0
121 1.4771212547196624
128 1.3010299956639813
131 1.0
144 1.0
147 1.3010299956639813
149 1.0
159 1.0
161 1.0
165 1.0
192 1.0
196 1.0
200 1.0
201 1.0
206 1.0
209 1.0
213 1.3010299956639813
217 1.0
229 1.3010299956639813
233 1.0
240 1.0
247 1.7781512503836436
248 1.0
249 1.0
253 1.4771212547196624
256 1.3010299956639813
260 1.0
263 1.0
264 1.0
272 1.0
274 1.3010299956639813
275 1.3010299956639813
277 1.0
297 1.0
298 1.0
300 1.0
307 1.0
310 1.0
313 1.0
314 1.0
319 1.0
330 1.0
333 1.0
336 1.6020599913279625
343 1.0
345 1.0
351 1.0
366 1.0
370 1.0
383 1.0
398 1.6989700043360187
400 1.0
401 1.0
403 1.0
420 1.0
425 1.0
429 1.0
431 1.0
432 1.3010299956639813
449 2.5314789170422554
450 1.3010299956639813
451 1.6020599913279625
461 1.0
462 1.0
466 1.3010299956639813
467 1.0
468 1.0
470 1.0
474 1.6020599913279625
477 1.0
480 1.3010299956639813
482 1.3010299956639813
485 1.3010299956639813
486 1.3010299956639813
496 1.3010299956639813
498 1.4771212547196624
512 1.3010299956639813
514 1.0
515 1.3010299956639813
517 1.0
520 1.0
521 1.0
527 1.3010299956639813
530 1.0
536 1.0
537 1.0
538 1.0
540 1.4771212547196624
542 1.4771212547196624
546 1.0
547 1.0
548 1.6989700043360187
549 1.3010299956639813
550 1.0
551 1.0
552 1.4771212547196624
555 1.3010299956639813
558 1.7781512503836436
560 1.3010299956639813
561 1.0
565 1.7781512503836436
566 1.0
567 1.0
570 1.6020599913279625
572 1.0
580 1.0
588 1.0
608 1.4771212547196624
611 1.0
612 1.0
613 1.4771212547196624
615 1.3010299956639813
627 1.0
629 1.0
639 1.0
641 1.0
644 1.0
645 1.0
650 1.0
651 1.0
653 1.6020599913279625
654 1.3010299956639813
662 1.0
671 1.0
677 1.0
688 1.3010299956639813
689 1.0
692 1.3010299956639813
693 1.0
696 1.0
701 1.0
702 1.0
708 1.0
711 1.0
723 1.0
724 1.0
730 1.0
739 1.3010299956639813
740 1.0
744 1.0
749 1.0
784 1.0
785 1.3010299956639813
792 1.0
794 1.0
800 1.0
806 1.3010299956639813
811 1.0
823 1.0
826 1.0
829 1.0
841 1.0
845 1.6020599913279625
850 1.0
851 1.3010299956639813
855 1.0
870 1.4771212547196624
873 1.0
876 1.0
885 1.0
893 1.6020599913279625
897 1.4771212547196624
901 1.0
903 1.0
909 1.0
914 1.0
915 1.3010299956639813
926 1.0
929 1.0
933 1.0
935 1.0
942 1.0
948 1.0
949 1.0
954 1.0
956 1.0
959 1.0
961 1.0
964 1.0
977 1.0
978 1.0
999 1.0
1008 1.0
1021 1.0
1038 1.3010299956639813
1040 1.0
1043 1.3010299956639813
1050 1.0
1055 1.0
1064 1.0
1065 1.4771212547196624
1066 1.4771212547196624
1070 1.0
1072 1.0
1079 1.0
1084 1.0
1090 1.0
1092 1.0
1097 1.0
1103 1.0
1107 1.0
1108 1.0
1109 1.0
1110 1.0
1117 1.4771212547196624
1118 1.4771212547196624
1120 1.0
1121 1.0
1124 1.0
1125 1.0
1126 1.0
1139 1.0
1140 1.0
1159 1.0
1166 1.4771212547196624
1167 1.0
1182 1.0
1190 1.3010299956639813
1192 1.0
1199 1.0
1204 1.4771212547196624
1220 1.0
1238 1.0
1243 1.0
1246 1.0
1254 1.0
1259 1.0
1264 1.3010299956639813
1269 1.3010299956639813
1273 1.0
1277 1.3010299956639813
1279 1.3010299956639813
1284 1.0
1287 1.0
1290 1.4771212547196624
1294 1.0
1297 1.0
1302 1.0
1307 1.0
1309 1.3010299956639813
1310 1.0
1313 1.0
1318 1.4771212547196624
