34 1.0
71 1.7781512503836436
137 1.0
139 1.0
197 1.0
206 1.0
215 1.0
220 1.0
223 1.0
224 1.0
225 1.0
228 1.0
232 1.0
233 1.6020599913279625
237 1.0
238 1.3010299956639813
242 1.0
244 1.3010299956639813
259 1.0
265 1.3010299956639813
277 1.9030899869919435
289 1.0
297 1.6020599913279625
314 1.0
315 1.3010299956639813
322 1.3010299956639813
332 1.0
337 1.0
354 1.3010299956639813
364 1.0
367 1.0
390 1.0
400 1.0
408 1.0
414 1.0
417 1.0
453 1.845098040014257
459 1.3010299956639813
463 1.0
478 1.0
487 1.0
493 1.3010299956639813
495 1.0
522 1.0
535 1.0
537 1.0
565 2.342422680822206
566 2.0
572 1.0
575 1.3010299956639813
581 1.0
594 1.0
602 2.1760912590556813
603 2.1760912590556813
607 1.3010299956639813
617 1.0
622 1.0
625 1.7781512503836436
629 1.0
634 1.0
636 1.0
645 1.0
652 1.0
653 1.0
656 1.0
669 1.3010299956639813
670 1.0
677 1.0
682 1.0
686 1.0
687 1.0
689 1.0
692 1.0
693 1.4771212547196624
694 1.0
696 1.0
720 1.0
761 1.3010299956639813
769 1.3010299956639813
775 1.4771212547196624
783 1.0
788 1.4771212547196624
790 1.0
799 1.0
807 1.3010299956639813
829 1.0
838 1.3010299956639813
846 1.0
848 1.0
850 1.6989700043360187
851 1.0
870 1.3010299956639813
871 1.0
872 1.4771212547196624
878 1.0
881 1.3010299956639813
897 1.3010299956639813
898 1.6989700043360187
906 1.0
914 1.0
917 1.0
939 1.3010299956639813
948 1.3010299956639813
966 1.6020599913279625
970 1.3010299956639813
981 1.0
982 1.3010299956639813
984 1.0
989 1.0
990 1.3010299956639813
994 1.0
996 1.0
1020 1.3010299956639813
1022 1.3010299956639813
1026 1.0
1027 1.3010299956639813
1037 1.0
1089 1.3010299956639813
1096 1.0
1157 1.0
1176 1.0
1190 1.0
1192 1.0
1194 1.0
1237 1.0
1238 1.0
1243 1.3010299956639813
1245 1.3010299956639813
1251 1.0
1259 1.3010299956639813
1261 1.0
1269 1.0
1286 1.0
1289 1.3010299956639813
1309 1.3010299956639813
1313 1.6020599913279625
1321 1.3010299956639813
