17 1.0
25 1.3010299956639813
38 1.0
50 1.0
61 1.3010299956639813
65 1.4771212547196624
71 1.3010299956639813
74 1.0
81 1.0
83 1.3010299956639813
126 1.3010299956639813
132 1.0
136 1.6020599913279625
154 1.0
176 1.3010299956639813
180 1.0
208 1.3010299956639813
230 1.0
232 1.0
237 1.0
245 1.0
276 1.0
289 1.4771212547196624
290 1.0
297 1.6989700043360187
302 1.0
314 1.6020599913279625
322 1.0
325 1.0
329 1.3010299956639813
351 1.3010299956639813
353 1.3010299956639813
369 1.0
379 1.0
380 1.0
384 1.3010299956639813
391 1.0
395 1.0
397 1.4771212547196624
402 1.3010299956639813
406 1.0
408 1.3010299956639813
417 1.0
434 1.3010299956639813
441 1.3010299956639813
442 1.0
463 1.3010299956639813
471 1.0
473 1.0
496 1.0
539 1.0
559 1.0
587 1.3010299956639813
589 1.4771212547196624
590 1.4771212547196624
616 1.3010299956639813
633 1.0
641 1.0
644 1.6020599913279625
645 1.0
656 1.3010299956639813
665 1.0
678 1.3010299956639813
688 1.0
706 1.0
727 1.0
741 1.3010299956639813
743 1.0
755 1.3010299956639813
761 1.4771212547196624
764 1.0
782 1.3010299956639813
815 1.0
819 1.0
820 1.0
826 1.3010299956639813
850 1.0
854 1.0
855 1.0
856 1.3010299956639813
861 1.3010299956639813
862 1.0
881 1.0
915 1.0
931 1.0
932 1.0
935 1.6020599913279625
939 1.6989700043360187
943 1.6989700043360187
944 1.6989700043360187
948 1.3010299956639813
960 1.0
995 1.0
1003 1.0
1005 1.4771212547196624
1008 1.0
1011 1.0
1012 1.0
1013 1.4771212547196624
1015 1.0
1016 1.0
1017 1.0
1028 1.0
1038 1.3010299956639813
1049 1.0
1057 1.0
1058 1.0
1063 1.0
1064 1.0
1079 1.0
1081 1.0
1085 1.3010299956639813
1089 1.0
1095 1.3010299956639813
1096 1.3010299956639813
1099 1.3010299956639813
1102 1.0
1104 1.3010299956639813
1109 1.0
1110 1.0
1121 1.0
1137 1.3010299956639813
1138 1.3010299956639813
1139 1.4771212547196624
1140 1.4771212547196624
1141 1.3010299956639813
1142 1.3010299956639813
1149 1.4771212547196624
1150 1.4771212547196624
1162 1.4771212547196624
1182 1.0
1202 1.0
1210 1.0
1214 1.3010299956639813
1218 1.0
1234 1.0
1259 2.0
1261 1.3010299956639813
1269 2.1760912590556813
1276 1.0
