2 1.0
7 1.0
11 1.0
12 1.0
13 1.0
17 1.3010299956639813
18 1.0
20 1.0
29 1.0
30 1.0
33 1.0
41 1.4771212547196624
45 1.0
46 1.0
53 1.3010299956639813
56 1.3010299956639813
58 1.0
59 1.0
60 1.0
62 1.0
65 1.3010299956639813
73 1.4771212547196624
75 1.3010299956639813
77 1.0
88 1.3010299956639813
94 1.6989700043360187
118 1.0
127 1.3010299956639813
131 1.0
132 1.0
139 1.3010299956639813
144 1.0
148 1.0
157 1.6989700043360187
163 1.0
165 1.0
166 1.0
170 1.6020599913279625
173 1.3010299956639813
179 1.0
192 1.3010299956639813
193 1.3010299956639813
200 1.0
201 1.0
208 1.3010299956639813
214 1.0
216 1.0
217 1.0
220 1.0
222 1.0
225 1.0
231 1.4771212547196624
232 1.0
234 1.6989700043360187
237 1.0
245 1.0
251 1.4771212547196624
254 1.0
255 1.3010299956639813
263 1.0
271 1.0
276 1.0
280 1.0
282 1.0
289 1.3010299956639813
290 1.0
300 1.0
314 1.3010299956639813
316 1.4771212547196624
323 1.0
325 1.0
339 1.0
342 1.3010299956639813
344 1.0
345 1.0
346 1.4771212547196624
349 1.0
357 1.0
361 1.0
362 1.0
363 1.0
364 1.0
368 1.3010299956639813
375 1.4771212547196624
379 1.3010299956639813
386 1.0
387 1.0
388 1.4771212547196624
395 1.0
397 1.0
401 1.0
408 1.0
422 1.3010299956639813
425 1.3010299956639813
430 1.0
443 1.0
444 1.3010299956639813
445 1.3010299956639813
450 1.0
452 1.0
455 1.0
459 1.0
463 1.3010299956639813
473 1.4771212547196624
474 1.6989700043360187
480 1.0
488 1.7781512503836436
493 1.0
497 1.0
500 1.0
501 1.3010299956639813
503 1.4771212547196624
505 1.3010299956639813
508 1.0
510 1.0
524 1.0
530 1.0
534 1.3010299956639813
540 1.4771212547196624
550 1.3010299956639813
559 1.0
564 1.0
580 1.0
584 1.0
585 1.0
588 1.0
596 1.0
622 1.4771212547196624
633 1.0
644 1.0
645 1.0
652 1.0
674 1.0
675 1.0
677 1.0
678 1.4771212547196624
694 1.3010299956639813
695 1.0
703 1.3010299956639813
704 1.0
708 1.0
709 1.0
712 1.0
715 1.3010299956639813
719 1.0
723 1.0
733 1.0
742 1.3010299956639813
751 1.6020599913279625
756 1.0
759 1.0
761 1.3010299956639813
777 1.3010299956639813
783 1.0
787 1.0
788 1.0
790 1.0
794 1.0
807 1.0
809 1.0
824 1.0
825 1.0
831 1.0
842 1.3010299956639813
858 1.3010299956639813
861 1.0
897 1.3010299956639813
914 1.0
935 1.0
939 1.0
941 1.0
943 1.0
944 1.0
951 1.3010299956639813
952 1.0
957 1.0
963 1.0
972 1.4771212547196624
1000 1.0
1006 1.0
1008 1.0
1021 1.0
1025 1.0
1028 1.3010299956639813
1039 1.0
1047 1.0
1051 1.0
1055 1.3010299956639813
1072 1.0
1080 1.0
1083 1.0
1096 1.845098040014257
1099 1.6020599913279625
1109 1.4771212547196624
1113 1.3010299956639813
1129 1.6989700043360187
1130 1.6989700043360187
1135 1.0
1136 1.0
1147 1.7781512503836436
1148 1.7781512503836436
1149 1.3010299956639813
1150 1.3010299956639813
1151 1.0
1161 1.0
1168 1.0
1173 1.0
1176 1.0
1184 1.0
1198 1.6020599913279625
1203 1.0
1208 1.0
1222 1.0
1224 1.0
1234 1.0
1235 1.0
1238 1.0
1241 1.0
1256 1.0
1266 1.0
1268 1.0
1274 1.3010299956639813
1285 1.3010299956639813
1309 1.0
