5 1.0
21 1.0
25 1.0
38 1.0
48 1.0
50 1.3010299956639813
59 1.0
60 1.0
65 1.0
67 1.0
69 1.6020599913279625
70 1.3010299956639813
73 1.3010299956639813
81 1.0
86 1.3010299956639813
98 1.0
100 1.0
104 1.0
113 1.3010299956639813
114 1.3010299956639813
118 1.0
126 1.0
137 1.3010299956639813
146 1.0
161 1.3010299956639813
174 1.3010299956639813
176 1.0
192 1.6020599913279625
195 1.0
205 1.0
223 1.4771212547196624
229 1.0
231 1.0
260 1.0
265 1.0
268 1.0
273 1.0
284 1.0
287 1.4771212547196624
291 1.6020599913279625
332 1.0
341 1.3010299956639813
344 1.0
368 1.3010299956639813
377 1.0
380 1.4771212547196624
396 1.3010299956639813
399 1.3010299956639813
400 1.3010299956639813
401 1.0
408 1.4771212547196624
409 1.3010299956639813
414 1.0
417 1.4771212547196624
433 1.0
434 1.0
444 1.0
449 1.0
460 1.0
463 1.0
469 1.0
473 1.0
474 1.0
477 1.0
482 1.0
487 1.0
494 2.414973347970818
500 1.3010299956639813
506 1.3010299956639813
521 1.0
538 1.0
540 1.0
543 1.0
544 1.0
548 1.0
550 1.3010299956639813
552 1.0
559 1.4771212547196624
589 1.0
621 1.0
622 1.3010299956639813
625 1.0
632 1.0
638 1.0
639 1.0
652 1.3010299956639813
659 1.4771212547196624
677 1.3010299956639813
681 1.0
687 1.0
689 1.3010299956639813
695 1.0
704 1.0
707 1.3010299956639813
710 1.0
711 1.0
713 1.0
720 1.0
724 1.0
731 1.3010299956639813
751 1.0
761 1.4771212547196624
764 1.4771212547196624
779 1.6020599913279625
787 1.4771212547196624
792 1.3010299956639813
794 1.6989700043360187
807 1.0
809 1.0
810 1.0
820 1.6020599913279625
827 1.0
831 1.0
832 1.0
833 1.0
842 1.3010299956639813
850 1.0
864 1.0
867 1.0
871 1.6989700043360187
878 1.845098040014257
885 1.845098040014257
895 1.0
897 1.0
902 1.0
903 1.6020599913279625
915 1.0
931 1.0
950 1.0
974 1.0
979 1.3010299956639813
983 1.0
995 1.0
1001 1.0
1020 1.3010299956639813
1027 1.3010299956639813
1044 1.3010299956639813
1055 1.7781512503836436
1070 1.3010299956639813
1083 1.4771212547196624
1096 1.0
1103 1.0
1121 1.4771212547196624
1129 1.4771212547196624
1130 1.4771212547196624
1149 1.6020599913279625
1150 1.6020599913279625
1153 1.0
1155 1.3010299956639813
1161 1.3010299956639813
1162 1.0
1173 1.6020599913279625
1185 1.0
1186 1.3010299956639813
1187 1.0
1193 1.0
1198 1.3010299956639813
1214 1.0
1226 1.0
1233 1.4771212547196624
1235 1.0
1236 1.0
1250 1.0
1262 1.0
1266 1.3010299956639813
1268 1.4771212547196624
1272 1.0
1274 1.0
1286 1.0
1289 1.3010299956639813
1292 1.4771212547196624
1293 1.3010299956639813
1298 1.3010299956639813
1300 1.0
1302 1.3010299956639813
1309 1.0
1318 1.6020599913279625
1320 1.3010299956639813
