13 1.0
34 1.0
86 1.0
116 1.0
121 1.4771212547196624
171 1.0
206 1.0
209 1.0
220 1.0
221 1.0
243 1.0
254 1.3010299956639813
259 1.0
291 1.0
332 1.3010299956639813
350 1.3010299956639813
392 1.0
422 1.0
423 1.0
449 1.3010299956639813
463 1.0
542 1.0
546 1.0
567 1.3010299956639813
589 1.0
593 1.0
622 1.0
630 1.0
685 1.0
701 1.0
780 1.4771212547196624
797 1.0
805 1.3010299956639813
809 1.3010299956639813
810 1.0
832 1.0
833 1.0
849 1.0
850 1.0
859 1.0
887 1.0
895 1.0
896 1.0
897 1.3010299956639813
903 1.0
906 1.0
928 1.0
933 1.0
937 1.0
948 1.0
969 1.0
981 1.4771212547196624
985 1.6020599913279625
988 1.0
991 1.0
995 1.3010299956639813
1002 1.0
1028 1.0
1039 1.0
1087 1.3010299956639813
1090 1.0
1166 1.0
1177 1.0
1185 1.0
1186 1.0
1188 1.0
1318 1.0
