8 1.0
12 1.0
13 1.0
34 1.0
37 1.0
45 1.0
48 1.0
84 1.3010299956639813
105 1.0
115 1.0
118 1.0
120 1.3010299956639813
121 1.0
136 1.6989700043360187
141 1.3010299956639813
147 1.0
158 1.4771212547196624
171 1.0
173 1.0
175 1.7781512503836436
182 1.0
196 1.0
210 1.0
213 1.0
214 1.0
217 1.0
219 1.0
221 1.0
222 1.3010299956639813
224 1.3010299956639813
231 1.0
242 1.0
260 1.0
271 1.3010299956639813
292 1.3010299956639813
305 1.0
313 1.3010299956639813
344 1.4771212547196624
354 1.0
364 1.0
370 1.3010299956639813
388 1.0
394 1.0
403 1.0
409 1.0
427 1.0
441 1.4771212547196624
449 1.0
451 1.0
457 2.0413926851582254
459 1.3010299956639813
461 1.4771212547196624
468 1.6020599913279625
472 1.6020599913279625
477 1.3010299956639813
491 1.0
492 1.0
506 1.6989700043360187
513 1.0
526 2.0
528 1.3010299956639813
532 1.0
534 1.3010299956639813
581 1.0
592 1.4771212547196624
599 1.3010299956639813
629 1.0
659 1.0
677 1.3010299956639813
681 1.3010299956639813
688 1.3010299956639813
693 1.0
725 1.6020599913279625
739 1.0
741 1.0
744 1.0
769 1.0
813 1.0
814 1.0
860 1.0
893 1.0
905 1.0
918 1.0
942 1.4771212547196624
1007 1.0
1040 1.0
1047 1.0
1055 1.6020599913279625
1057 1.0
1058 1.0
1088 1.0
1121 1.0
1123 1.6020599913279625
1161 1.6020599913279625
1190 1.845098040014257
1218 1.0
1223 1.3010299956639813
1243 1.0
1247 1.3010299956639813
1262 1.0
1264 1.6989700043360187
1268 1.4771212547196624
1286 1.3010299956639813
1295 1.0
1298 1.3010299956639813
1303 1.0
1304 1.3010299956639813
1306 1.0
1307 1.6020599913279625
1310 1.3010299956639813
1317 1.3010299956639813
1321 1.0
1324 1.3010299956639813
