27 1.3010299956639813
45 1.0
49 1.0
66 1.3010299956639813
110 1.0
147 1.4771212547196624
171 1.3010299956639813
175 1.6020599913279625
179 1.0
195 1.3010299956639813
221 1.6989700043360187
229 2.079181246047625
235 1.6020599913279625
240 1.0
246 1.3010299956639813
249 1.3010299956639813
277 1.0
350 1.6020599913279625
370 1.0
400 1.0
451 1.0
468 2.0413926851582254
486 1.0
488 1.3010299956639813
515 1.0
527 1.3010299956639813
536 1.0
538 1.3010299956639813
543 1.0
544 1.0
551 1.6989700043360187
552 1.0
575 1.6989700043360187
592 1.3010299956639813
652 1.3010299956639813
694 1.0
723 1.0
744 1.7781512503836436
790 1.0
838 1.0
870 1.0
904 1.3010299956639813
950 1.3010299956639813
957 1.0
1252 1.0
1254 1.4771212547196624
