15 1.4771212547196624
18 1.0
33 1.0
130 1.0
194 1.3010299956639813
208 1.0
227 1.0
228 1.0
264 1.0
277 1.0
280 1.0
284 1.0
297 1.0
310 1.0
375 1.0
399 1.0
431 1.845098040014257
449 1.3010299956639813
497 1.0
514 1.0
570 1.6989700043360187
577 1.3010299956639813
592 1.3010299956639813
637 1.0
656 1.0
664 1.7781512503836436
669 1.6989700043360187
677 1.0
682 1.3010299956639813
713 1.0
771 1.6020599913279625
807 1.3010299956639813
848 1.0
851 1.0
893 1.4771212547196624
895 1.3010299956639813
927 1.0
929 1.0
933 1.3010299956639813
935 1.0
940 1.0
941 1.0
1002 1.0
1003 1.0
1004 1.0
1029 1.9030899869919435
1050 1.0
1063 1.0
1071 1.0
1105 1.0
1106 1.0
1213 1.0
1219 1.0
1234 1.0
1318 1.0
