4 1.0
6 1.0
27 1.0
54 1.0
83 1.0
84 1.0
103 1.0
113 1.0
114 1.0
115 1.0
144 1.0
182 1.0
210 1.0
222 1.0
248 1.0
265 1.0
271 1.0
276 1.0
287 1.0
340 1.7781512503836436
346 1.4771212547196624
352 1.0
390 1.0
398 1.0
403 1.0
425 1.0
434 1.0
440 1.0
460 1.0
474 1.6020599913279625
499 1.3010299956639813
506 1.4771212547196624
518 1.0
545 1.0
555 1.0
601 1.0
627 1.3010299956639813
645 1.0
659 1.3010299956639813
667 1.3010299956639813
679 1.0
688 1.0
706 1.3010299956639813
707 1.0
718 1.0
770 1.3010299956639813
782 1.0
790 1.3010299956639813
794 1.0
845 1.0
850 1.0
918 1.3010299956639813
929 1.4771212547196624
964 1.3010299956639813
965 1.0
995 1.0
1016 1.0
1019 1.0
1028 1.0
1038 1.0
1043 1.0
1055 1.0
1062 1.0
1073 1.3010299956639813
1080 1.0
1085 1.3010299956639813
1103 1.0
1104 1.0
1117 1.0
1118 1.0
1129 1.3010299956639813
1130 1.3010299956639813
1150 1.0
1156 1.0
1162 1.0
1176 1.3010299956639813
1220 1.0
1222 1.3010299956639813
1243 1.6020599913279625
1245 1.0
1268 1.0
1283 1.0
