5 1.0
24 1.3010299956639813
49 1.0
54 1.0
59 1.0
60 1.0
76 1.3010299956639813
81 1.0
93 1.0
111 1.0
131 1.0
203 1.0
211 1.0
213 1.0
217 1.0
233 1.0
234 1.6989700043360187
240 1.0
248 1.0
249 1.0
277 1.0
305 1.6989700043360187
329 1.3010299956639813
364 1.0
375 1.0
386 1.0
394 1.0
400 1.3010299956639813
408 1.0
412 1.3010299956639813
425 1.3010299956639813
429 1.3010299956639813
431 1.0
434 1.0
446 1.0
451 1.0
466 1.0
479 1.6989700043360187
486 1.0
495 1.3010299956639813
504 1.0
532 1.0
539 1.3010299956639813
540 1.4771212547196624
542 1.3010299956639813
545 1.7781512503836436
548 1.4771212547196624
549 1.0
552 1.0
557 1.0
562 1.0
563 1.0
565 1.4771212547196624
572 1.0
575 1.0
577 1.0
615 1.0
629 1.0
639 1.0
657 1.6989700043360187
658 1.0
661 1.0
665 1.4771212547196624
679 1.0
681 1.0
685 1.0
696 1.3010299956639813
701 1.3010299956639813
743 1.0
748 1.3010299956639813
771 1.0
779 1.0
787 1.0
802 1.3010299956639813
803 1.3010299956639813
824 1.0
825 1.0
839 1.3010299956639813
840 1.3010299956639813
845 1.3010299956639813
848 1.3010299956639813
864 1.0
885 1.3010299956639813
901 2.3979400086720375
905 1.0
906 1.0
908 1.0
939 1.0
942 1.3010299956639813
948 1.0
954 1.0
963 1.3010299956639813
979 1.0
1034 1.9030899869919435
1037 1.3010299956639813
1043 1.0
1062 1.0
1066 1.3010299956639813
1086 1.0
1109 1.3010299956639813
1117 1.0
1118 1.0
1141 1.0
1142 1.0
1159 1.0
1174 1.3010299956639813
1177 1.0
1214 1.6020599913279625
1222 2.0413926851582254
1230 1.0
1254 1.0
1264 1.3010299956639813
1268 1.4771212547196624
1272 1.3010299956639813
1294 1.0
1307 1.0
1313 1.0
1318 1.3010299956639813
1322 1.3010299956639813
1323 1.3010299956639813
