5 1.7781512503836436
7 1.845098040014257
16 1.0
17 1.6020599913279625
18 1.3010299956639813
21 1.0
22 1.0
23 1.4771212547196624
24 1.0
37 1.0
39 1.3010299956639813
41 1.3010299956639813
43 1.7781512503836436
55 1.0
56 1.6020599913279625
64 1.6020599913279625
68 1.3010299956639813
70 1.6989700043360187
77 1.3010299956639813
81 1.3010299956639813
82 1.0
84 1.0
93 1.845098040014257
94 1.7781512503836436
96 1.0
100 1.7781512503836436
102 1.0
104 1.0
106 1.6020599913279625
113 1.3010299956639813
114 1.3010299956639813
119 1.3010299956639813
125 1.4771212547196624
128 1.3010299956639813
132 1.3010299956639813
143 1.0
146 1.0
148 1.6989700043360187
157 1.3010299956639813
161 1.7781512503836436
164 1.0
170 1.6989700043360187
174 1.0
176 1.0
177 1.0
179 1.3010299956639813
183 1.3010299956639813
186 1.3010299956639813
187 1.3010299956639813
190 1.4771212547196624
193 2.361727836017593
194 1.0
195 1.0
200 1.0
201 1.0
211 1.3010299956639813
221 1.0
222 1.0
229 1.0
251 1.3010299956639813
261 1.0
264 1.6020599913279625
276 1.4771212547196624
290 1.3010299956639813
294 1.3010299956639813
296 1.0
297 1.0
298 1.0
304 1.3010299956639813
305 1.4771212547196624
311 1.6020599913279625
312 1.0
314 1.0
319 1.3010299956639813
322 1.0
323 1.4771212547196624
325 1.9030899869919435
326 1.0
327 1.6020599913279625
332 1.3010299956639813
336 1.0
337 1.3010299956639813
340 1.0
342 1.0
346 1.0
361 1.3010299956639813
367 1.0
369 1.0
375 1.4771212547196624
378 1.3010299956639813
380 2.0
381 1.0
384 1.6020599913279625
386 1.6020599913279625
388 1.6989700043360187
397 1.0
399 1.4771212547196624
400 1.4771212547196624
401 1.0
405 1.6989700043360187
420 1.6020599913279625
422 1.0
423 1.7781512503836436
430 1.6020599913279625
438 1.4771212547196624
439 1.3010299956639813
442 1.0
444 1.0
453 1.4771212547196624
460 1.0
463 1.0
471 1.3010299956639813
488 1.0
493 1.4771212547196624
494 1.0
500 1.3010299956639813
505 1.0
506 1.3010299956639813
508 1.0
513 1.9542425094393248
518 1.0
531 1.0
532 1.0
534 1.6020599913279625
535 1.0
538 1.3010299956639813
540 2.1760912590556813
546 1.0
555 1.7781512503836436
565 1.0
582 1.0
583 1.0
586 1.0
591 1.0
592 1.7781512503836436
601 1.0
610 1.3010299956639813
611 1.3010299956639813
612 1.0
627 1.0
645 1.3010299956639813
647 1.3010299956639813
651 1.4771212547196624
657 1.6989700043360187
664 1.0
669 1.0
674 1.0
675 1.0
676 1.6989700043360187
677 1.6020599913279625
680 1.9542425094393248
682 1.9542425094393248
683 1.0
684 1.4771212547196624
689 1.4771212547196624
690 1.3010299956639813
697 1.0
698 1.9542425094393248
700 1.9030899869919435
701 1.3010299956639813
705 1.4771212547196624
710 1.0
711 1.0
712 1.6020599913279625
725 1.0
739 1.7781512503836436
742 1.7781512503836436
743 1.0
751 1.6989700043360187
763 1.6020599913279625
767 1.0
774 1.0
781 2.1760912590556813
783 1.4771212547196624
787 1.3010299956639813
790 1.0
794 1.0
809 1.3010299956639813
821 1.0
824 1.6989700043360187
825 1.6989700043360187
827 1.0
829 1.6989700043360187
838 1.0
843 1.0
845 1.7781512503836436
858 1.0
861 1.6989700043360187
862 1.7781512503836436
864 2.079181246047625
872 1.0
874 1.0
875 1.3010299956639813
877 1.0
883 1.0
885 1.6989700043360187
897 1.6989700043360187
901 1.6020599913279625
902 1.0
903 1.4771212547196624
914 1.3010299956639813
919 1.3010299956639813
929 1.0
930 1.3010299956639813
932 1.0
935 1.3010299956639813
939 1.6020599913279625
940 1.9030899869919435
948 1.6989700043360187
950 1.0
954 1.3010299956639813
958 1.0
963 1.0
968 1.6989700043360187
990 1.3010299956639813
1006 1.0
1016 1.9030899869919435
1019 1.0
1020 2.1760912590556813
1024 1.0
1026 1.0
1028 1.4771212547196624
1040 1.0
1044 1.6989700043360187
1045 1.0
1050 1.0
1051 1.6020599913279625
1052 1.3010299956639813
1054 1.0
1055 1.6020599913279625
1070 1.0
1074 1.845098040014257
1075 1.845098040014257
1081 1.0
1083 2.079181246047625
1087 1.0
1091 1.3010299956639813
1095 1.0
1097 1.0
1103 1.0
1110 1.0
1120 1.3010299956639813
1121 1.4771212547196624
1127 1.9030899869919435
1128 1.9030899869919435
1129 2.690196080028514
1130 2.690196080028514
1131 1.0
1132 1.0
1135 1.4771212547196624
1136 1.4771212547196624
1137 1.0
1138 1.0
1140 1.7781512503836436
1141 1.6020599913279625
1142 1.6020599913279625
1143 2.079181246047625
1144 2.079181246047625
1149 1.6020599913279625
1150 2.079181246047625
1155 1.0
1160 1.6020599913279625
1162 1.6989700043360187
1163 1.3010299956639813
1168 1.3010299956639813
1170 1.0
1173 1.0
1176 1.0
1177 1.3010299956639813
1179 1.6020599913279625
1180 1.4771212547196624
1187 1.3010299956639813
1194 1.9542425094393248
1196 1.4771212547196624
1197 1.4771212547196624
1198 2.0
1200 1.0
1202 1.3010299956639813
1205 1.0
1208 1.3010299956639813
1211 1.4771212547196624
1217 1.0
1222 1.6020599913279625
1226 1.3010299956639813
1230 1.0
1236 1.3010299956639813
1237 1.3010299956639813
1239 1.6989700043360187
1242 1.3010299956639813
1243 1.0
1260 1.3010299956639813
1263 1.0
1272 1.3010299956639813
1289 1.3010299956639813
1300 1.0
1303 1.0
1304 1.4771212547196624
1311 1.3010299956639813
1312 1.3010299956639813
1315 1.0
1322 1.0
