0 2.113943352306837
3 1.0
6 1.0
7 1.3010299956639813
14 1.0
15 1.7781512503836436
30 1.9030899869919435
34 1.3010299956639813
37 1.0
39 1.0
41 1.0
43 1.0
45 1.0
53 1.845098040014257
54 2.0
58 1.845098040014257
59 1.0
60 1.0
70 1.0
72 1.9030899869919435
73 1.4771212547196624
74 2.6020599913279625
75 2.079181246047625
77 1.3010299956639813
84 1.0
87 1.3010299956639813
93 1.9030899869919435
94 1.9030899869919435
101 1.3010299956639813
102 1.0
103 1.4771212547196624
104 1.0
107 2.8573324964312685
108 1.6989700043360187
110 1.4771212547196624
113 1.3010299956639813
114 1.3010299956639813
118 1.0
121 1.0
132 2.5051499783199063
137 1.0
152 2.146128035678238
157 2.5314789170422554
161 1.0
163 2.5314789170422554
164 1.6020599913279625
168 2.3010299956639813
169 1.9542425094393248
174 1.6989700043360187
176 2.414973347970818
177 1.4771212547196624
178 1.6020599913279625
179 2.230448921378274
180 2.7075701760979363
181 1.6020599913279625
184 2.0
185 2.4771212547196626
186 1.9030899869919435
187 2.113943352306837
190 2.4771212547196626
191 1.9030899869919435
193 2.4913616938342726
199 2.0
200 1.9030899869919435
201 1.9030899869919435
204 2.278753600952829
207 2.4771212547196626
211 1.0
220 1.0
223 1.0
224 1.0
227 2.079181246047625
230 2.5314789170422554
234 1.0
236 1.6989700043360187
237 1.9542425094393248
239 1.7781512503836436
241 2.204119982655925
242 2.4913616938342726
245 1.6020599913279625
247 2.6127838567197355
251 1.0
253 1.9030899869919435
256 2.5185139398778875
257 2.255272505103306
258 2.079181246047625
261 1.3010299956639813
264 2.380211241711606
265 1.3010299956639813
266 1.6989700043360187
270 2.4471580313422194
272 1.7781512503836436
273 2.0
276 1.3010299956639813
280 1.9030899869919435
293 1.3010299956639813
295 1.7781512503836436
296 2.361727836017593
297 1.3010299956639813
300 1.3010299956639813
301 2.079181246047625
302 1.6020599913279625
304 1.7781512503836436
305 1.4771212547196624
306 1.3010299956639813
310 2.3222192947339195
314 1.0
319 1.0
324 1.0
329 1.4771212547196624
332 1.4771212547196624
348 1.7781512503836436
349 2.0
352 2.146128035678238
354 1.4771212547196624
357 1.6989700043360187
359 2.146128035678238
361 1.0
373 2.113943352306837
375 1.0
376 2.230448921378274
380 1.0
382 2.146128035678238
384 1.9030899869919435
385 1.4771212547196624
386 1.9542425094393248
387 1.3010299956639813
388 2.462397997898956
393 1.0
396 1.0
398 2.255272505103306
401 1.845098040014257
402 1.3010299956639813
408 1.0
412 1.3010299956639813
418 1.3010299956639813
425 1.0
429 2.230448921378274
430 1.3010299956639813
431 1.0
435 1.7781512503836436
438 1.9030899869919435
440 1.4771212547196624
442 1.4771212547196624
443 2.591064607026499
444 1.6989700043360187
445 1.3010299956639813
449 1.0
452 1.0
453 1.3010299956639813
454 1.4771212547196624
455 1.3010299956639813
463 1.6020599913279625
474 1.3010299956639813
478 1.0
482 1.0
488 2.5185139398778875
496 2.6434526764861874
497 2.204119982655925
498 1.6020599913279625
500 2.361727836017593
501 1.6020599913279625
503 2.361727836017593
505 1.3010299956639813
506 1.0
513 1.0
518 2.3010299956639813
524 1.0
531 1.0
534 1.3010299956639813
535 2.380211241711606
537 1.9030899869919435
539 1.845098040014257
540 1.3010299956639813
543 2.230448921378274
544 2.230448921378274
550 1.4771212547196624
554 1.6020599913279625
555 1.3010299956639813
556 2.230448921378274
557 1.4771212547196624
559 2.3010299956639813
561 1.6020599913279625
562 1.6020599913279625
563 1.6020599913279625
564 1.0
565 1.3010299956639813
566 1.6989700043360187
568 2.255272505103306
569 2.255272505103306
570 2.462397997898956
571 2.3979400086720375
572 1.0
573 1.7781512503836436
574 1.7781512503836436
575 1.6020599913279625
576 2.4913616938342726
578 1.7781512503836436
579 1.7781512503836436
582 2.0413926851582254
583 2.0413926851582254
584 2.230448921378274
585 2.230448921378274
586 1.4771212547196624
588 1.0
589 1.0
591 1.7781512503836436
593 2.230448921378274
594 2.0
595 2.230448921378274
596 2.3979400086720375
597 2.146128035678238
598 2.146128035678238
599 1.0
601 1.3010299956639813
602 2.568201724066995
603 2.568201724066995
604 1.0
605 2.342422680822206
606 2.342422680822206
607 1.4771212547196624
608 2.146128035678238
609 2.5314789170422554
610 2.3222192947339195
611 2.0
613 1.3010299956639813
618 1.0
619 1.0
627 1.4771212547196624
632 1.0
637 1.6989700043360187
638 1.0
640 1.0
648 2.079181246047625
650 1.845098040014257
651 2.4313637641589874
656 1.0
661 1.0
664 1.0
669 1.845098040014257
670 1.0
672 1.845098040014257
673 1.0
674 2.204119982655925
675 2.204119982655925
676 1.6989700043360187
677 2.204119982655925
678 2.079181246047625
680 1.4771212547196624
682 2.230448921378274
684 2.278753600952829
687 2.0
688 1.6989700043360187
689 2.230448921378274
691 2.342422680822206
692 2.1760912590556813
693 1.4771212547196624
694 2.0
695 1.7781512503836436
696 1.0
697 2.146128035678238
698 2.0
699 2.0413926851582254
702 1.845098040014257
703 1.4771212547196624
704 1.9030899869919435
705 1.3010299956639813
707 1.4771212547196624
708 1.0
711 2.113943352306837
712 1.3010299956639813
713 1.0
715 2.3010299956639813
717 2.4771212547196626
721 2.5185139398778875
722 1.0
723 1.9030899869919435
724 1.3010299956639813
731 2.342422680822206
733 1.3010299956639813
735 2.079181246047625
737 1.7781512503836436
740 2.204119982655925
741 1.0
742 1.6020599913279625
743 1.0
747 1.3010299956639813
748 1.0
749 1.7781512503836436
750 1.0
751 2.4913616938342726
754 1.0
763 1.9542425094393248
764 1.845098040014257
765 1.7781512503836436
766 1.4771212547196624
770 2.079181246047625
771 1.3010299956639813
776 1.845098040014257
779 2.653212513775344
781 1.9030899869919435
786 1.0
787 1.0
788 1.0
790 1.3010299956639813
794 1.6989700043360187
795 1.9542425094393248
802 1.6020599913279625
803 1.6020599913279625
811 1.0
812 1.3010299956639813
820 1.6020599913279625
821 1.0
824 1.3010299956639813
825 1.3010299956639813
829 1.4771212547196624
830 1.0
837 1.4771212547196624
839 1.6989700043360187
840 1.6989700043360187
845 2.0
848 1.0
850 1.0
851 1.6989700043360187
855 1.3010299956639813
856 1.4771212547196624
862 1.3010299956639813
865 1.0
867 1.845098040014257
870 1.9030899869919435
877 1.0
884 1.0
887 1.0
891 1.845098040014257
893 1.3010299956639813
897 1.4771212547196624
900 1.845098040014257
901 1.3010299956639813
903 1.3010299956639813
908 1.0
913 1.7781512503836436
914 1.6989700043360187
929 1.6989700043360187
932 1.3010299956639813
935 1.3010299956639813
939 1.3010299956639813
941 1.0
946 1.6989700043360187
948 2.0
949 1.3010299956639813
951 1.0
956 1.7781512503836436
958 1.3010299956639813
959 1.3010299956639813
964 1.3010299956639813
967 1.0
986 1.4771212547196624
989 1.0
996 2.462397997898956
1001 1.4771212547196624
1002 1.0
1004 1.0
1005 1.6989700043360187
1006 2.361727836017593
1007 1.0
1008 1.0
1009 1.7781512503836436
1011 1.0
1012 1.0
1015 1.0
1016 1.6020599913279625
1018 2.0413926851582254
1019 2.4771212547196626
1020 1.0
1028 1.0
1029 1.4771212547196624
1030 1.3010299956639813
1032 2.0413926851582254
1033 2.204119982655925
1035 2.146128035678238
1036 2.1760912590556813
1037 2.3010299956639813
1038 1.0
1041 2.278753600952829
1043 1.0
1044 1.0
1050 1.6989700043360187
1054 1.845098040014257
1056 1.9030899869919435
1057 1.0
1058 1.0
1059 2.146128035678238
1060 1.0
1061 2.230448921378274
1062 1.4771212547196624
1064 2.0413926851582254
1065 1.4771212547196624
1069 2.0413926851582254
1070 1.0
1071 1.6020599913279625
1072 1.7781512503836436
1073 1.0
1074 1.4771212547196624
1075 1.4771212547196624
1078 1.6020599913279625
1080 2.3222192947339195
1081 1.6989700043360187
1083 1.4771212547196624
1085 1.0
1086 2.414973347970818
1089 1.6989700043360187
1091 1.9542425094393248
1092 2.255272505103306
1098 2.0
1105 2.146128035678238
1106 2.146128035678238
1109 1.4771212547196624
1111 2.079181246047625
1112 2.079181246047625
1114 1.0
1117 1.0
1118 1.0
1119 1.9542425094393248
1120 1.0
1127 1.4771212547196624
1128 1.4771212547196624
1129 2.278753600952829
1130 2.278753600952829
1135 1.3010299956639813
1136 1.3010299956639813
1137 1.6020599913279625
1138 1.6020599913279625
1139 1.845098040014257
1140 2.0
1141 1.0
1142 1.0
1145 1.6020599913279625
1146 1.6020599913279625
1147 2.3010299956639813
1148 2.3010299956639813
1149 2.1760912590556813
1150 2.255272505103306
1151 2.5051499783199063
1152 2.342422680822206
1164 2.113943352306837
1165 2.342422680822206
1169 1.3010299956639813
1173 2.230448921378274
1175 1.9542425094393248
1188 1.0
1194 1.0
1195 1.3010299956639813
1198 1.6989700043360187
1199 1.9030899869919435
1203 1.0
1204 1.4771212547196624
1211 1.0
1213 1.4771212547196624
1214 1.0
1215 2.0413926851582254
1216 1.9542425094393248
1217 2.255272505103306
1218 2.568201724066995
1221 1.0
1223 1.6989700043360187
1226 1.3010299956639813
1227 2.380211241711606
1228 2.6127838567197355
1229 2.0
1230 2.278753600952829
1231 2.3010299956639813
1232 2.113943352306837
1233 2.146128035678238
1234 2.361727836017593
1235 2.5051499783199063
1236 2.0413926851582254
1238 1.9030899869919435
1239 2.591064607026499
1241 2.113943352306837
1242 2.113943352306837
1243 1.0
1244 1.0
1246 1.6989700043360187
1247 1.0
1253 2.0413926851582254
1255 1.0
1257 1.3010299956639813
1258 2.414973347970818
1259 1.0
1260 2.278753600952829
1261 1.0
1263 1.0
1265 2.230448921378274
1266 2.653212513775344
1268 1.3010299956639813
1272 1.3010299956639813
1274 2.7993405494535817
1276 2.204119982655925
1277 2.633468455579586
1285 1.0
1289 1.0
1290 1.0
1296 1.0
1302 1.3010299956639813
1304 1.9030899869919435
1314 1.845098040014257
