36 1.0
51 1.0
67 1.0
75 1.0
79 1.0
86 1.0
88 1.4771212547196624
102 1.0
111 1.0
131 1.0
155 1.0
158 1.3010299956639813
161 1.0
162 1.0
171 1.0
174 1.0
190 1.0
217 1.0
223 1.0
231 1.0
243 1.4771212547196624
251 1.0
259 1.0
265 1.0
287 1.6989700043360187
306 1.0
313 1.0
318 1.0
319 1.0
327 1.0
329 1.0
332 1.0
334 1.0
344 1.0
354 1.0
367 1.0
381 1.0
389 1.0
434 1.0
470 1.0
474 1.4771212547196624
476 1.0
530 1.0
532 1.0
541 1.0
555 1.0
615 1.0
640 1.3010299956639813
641 1.3010299956639813
656 1.4771212547196624
669 1.6989700043360187
670 1.4771212547196624
671 1.0
673 1.0
677 1.0
687 1.0
690 1.0
692 1.0
693 1.0
700 1.0
703 1.0
706 1.6989700043360187
721 1.0
757 1.0
770 1.0
821 1.0
824 1.0
825 1.0
841 1.0
843 1.0
879 1.0
893 1.0
897 1.0
926 1.4771212547196624
948 1.0
969 1.0
988 1.0
1011 1.0
1012 1.0
1015 1.3010299956639813
1016 1.3010299956639813
1038 1.0
1050 1.0
1100 1.0
1129 1.0
1130 1.0
1151 1.0
1159 1.0
1250 1.0
1277 1.0
1283 1.3010299956639813
1285 1.0
1289 1.0
1290 1.0
1294 1.0
1297 1.0
1302 1.4771212547196624
1305 1.0
1309 1.0
1311 1.3010299956639813
1321 1.0
