32 1.4771212547196624
113 1.6020599913279625
114 1.6020599913279625
183 1.0
193 1.0
209 1.0
211 1.3010299956639813
241 1.0
256 1.0
259 1.0
277 1.0
293 1.0
305 1.0
385 1.0
412 1.0
423 1.0
429 1.3010299956639813
487 1.0
505 1.0
540 1.0
558 1.0
633 1.0
664 1.0
679 1.0
682 1.0
752 1.0
765 1.0
795 1.3010299956639813
812 1.0
870 1.0
897 1.0
1036 1.3010299956639813
1042 1.0
1050 1.3010299956639813
1064 1.0
1071 1.0
1085 1.0
1102 1.0
1111 1.3010299956639813
1112 1.3010299956639813
1127 1.0
1128 1.0
1129 1.0
1130 1.0
1147 2.146128035678238
1148 2.146128035678238
1177 1.3010299956639813
1204 1.0
1305 1.0
