34 1.4771212547196624
61 1.0
83 1.3010299956639813
222 1.0
225 1.0
233 1.0
247 1.6020599913279625
261 1.3010299956639813
264 1.0
300 1.0
312 1.3010299956639813
350 1.0
351 1.0
355 1.0
398 1.3010299956639813
418 1.0
453 2.079181246047625
495 1.0
518 1.3010299956639813
566 1.0
572 1.0
608 1.6989700043360187
615 1.0
644 1.0
650 1.4771212547196624
653 1.6020599913279625
659 1.3010299956639813
669 1.0
674 1.3010299956639813
675 1.3010299956639813
694 1.4771212547196624
707 1.3010299956639813
741 1.0
754 1.0
756 1.0
761 1.3010299956639813
795 1.6020599913279625
812 1.3010299956639813
814 1.0
851 1.3010299956639813
914 1.4771212547196624
943 1.3010299956639813
944 1.3010299956639813
982 1.3010299956639813
1063 1.0
1064 1.6989700043360187
1065 1.0
1072 1.4771212547196624
1089 1.0
1090 1.0
1109 1.4771212547196624
1120 1.0
1194 1.3010299956639813
1202 1.0
1270 1.0
1304 1.6989700043360187
