17 1.0
34 1.4771212547196624
50 1.0
53 1.4771212547196624
59 1.0
60 1.0
64 1.0
66 1.0
72 1.0
73 1.0
77 1.0
80 1.0
84 1.0
110 1.0
111 1.3010299956639813
116 1.0
118 1.0
138 1.0
194 1.0
203 1.0
217 1.0
220 1.3010299956639813
222 1.0
231 1.0
252 1.0
261 1.0
263 1.0
264 1.0
291 1.0
298 1.0
309 1.0
320 1.4771212547196624
321 1.0
323 1.0
329 1.0
336 1.0
344 1.0
345 1.0
350 1.0
351 1.0
352 1.0
353 1.0
363 1.0
371 1.3010299956639813
414 1.0
423 1.0
429 1.0
431 1.0
433 1.0
440 1.3010299956639813
466 1.0
482 1.3010299956639813
489 1.0
495 1.0
502 1.0
513 1.6989700043360187
517 1.0
523 1.0
527 1.0
539 1.0
543 1.0
544 1.0
555 1.0
558 1.0
565 1.0
566 1.0
578 1.0
587 1.0
600 1.0
619 1.0
626 1.0
627 1.0
631 1.0
656 1.0
661 1.0
676 1.4771212547196624
682 1.0
692 1.3010299956639813
694 1.0
696 1.6020599913279625
716 1.0
720 1.0
722 1.0
723 1.0
733 1.3010299956639813
751 1.0
753 1.0
765 1.6989700043360187
771 1.0
782 1.0
784 1.0
790 1.0
795 1.4771212547196624
799 1.0
800 1.0
808 1.0
813 1.3010299956639813
831 1.0
838 1.0
843 1.0
845 1.0
850 1.3010299956639813
851 1.0
860 1.3010299956639813
861 1.0
868 1.3010299956639813
869 1.3010299956639813
872 1.0
884 1.4771212547196624
886 1.0
887 1.0
888 1.0
893 1.0
894 1.0
895 1.0
897 1.3010299956639813
899 1.0
903 1.0
904 1.0
905 1.0
906 1.4771212547196624
910 1.0
913 1.0
914 1.0
916 1.0
925 1.3010299956639813
928 1.0
932 1.0
940 1.0
941 1.0
943 1.0
944 1.0
945 1.0
948 1.0
951 1.0
955 1.0
959 1.0
960 1.3010299956639813
971 1.0
972 1.4771212547196624
992 1.0
994 1.4771212547196624
996 1.0
997 1.0
1000 1.7781512503836436
1013 1.0
1022 1.6020599913279625
1030 1.3010299956639813
1032 1.3010299956639813
1039 1.0
1054 1.3010299956639813
1066 1.6989700043360187
1070 1.0
1072 1.0
1073 1.0
1076 1.0
1083 1.0
1084 1.0
1085 1.0
1101 1.0
1117 1.0
1118 1.0
1119 1.0
1126 1.0
1137 1.845098040014257
1138 1.845098040014257
1145 1.0
1146 1.0
1147 1.0
1148 1.0
1153 1.0
1155 1.4771212547196624
1172 1.3010299956639813
1182 1.0
1189 1.0
1207 1.0
1208 1.0
1218 1.0
1220 1.0
1238 1.3010299956639813
1249 1.0
1252 1.0
1301 1.0
1304 1.0
1321 1.0
1324 1.0
