3 1.0
13 1.3010299956639813
17 1.0
25 1.0
28 1.0
30 1.0
34 1.3010299956639813
37 1.0
52 1.0
75 1.3010299956639813
84 1.0
91 1.6989700043360187
93 1.0
94 1.0
110 1.0
111 1.3010299956639813
115 1.0
116 1.3010299956639813
118 1.6020599913279625
131 1.3010299956639813
141 1.4771212547196624
142 1.0
145 1.0
157 1.0
161 1.0
174 1.3010299956639813
176 1.0
191 1.0
212 1.0
247 1.4771212547196624
250 1.0
263 1.0
266 1.0
274 1.3010299956639813
293 1.4771212547196624
295 1.3010299956639813
297 1.4771212547196624
316 1.0
332 1.0
333 1.6020599913279625
337 1.0
348 1.0
359 1.0
361 1.0
362 1.0
373 1.0
374 1.3010299956639813
382 1.3010299956639813
401 1.6020599913279625
429 1.0
435 1.0
457 1.0
474 1.0
482 1.6989700043360187
487 1.0
506 1.0
539 1.0
550 1.0
558 1.0
567 1.0
568 1.0
569 1.0
571 1.0
577 1.0
586 1.3010299956639813
596 1.0
608 1.6020599913279625
609 1.0
611 1.0
622 1.0
625 1.0
630 1.0
635 1.0
637 1.0
643 1.3010299956639813
648 1.0
650 1.3010299956639813
658 1.3010299956639813
666 1.0
672 1.0
674 1.0
675 1.0
685 1.3010299956639813
687 1.3010299956639813
692 1.6020599913279625
695 1.0
696 1.3010299956639813
702 1.3010299956639813
711 1.0
714 1.0
727 1.0
731 1.0
733 1.3010299956639813
740 1.0
751 1.0
753 1.3010299956639813
761 1.0
766 1.3010299956639813
771 1.6020599913279625
775 1.0
783 1.4771212547196624
789 1.6989700043360187
792 1.6020599913279625
794 1.4771212547196624
805 1.0
810 1.0
812 1.0
815 1.3010299956639813
821 1.3010299956639813
829 1.4771212547196624
850 1.3010299956639813
888 1.6020599913279625
893 1.0
903 1.6020599913279625
910 1.3010299956639813
913 1.0
922 1.0
927 1.0
939 1.6989700043360187
941 1.3010299956639813
948 1.0
957 1.0
964 1.0
969 1.0
989 1.3010299956639813
992 1.3010299956639813
993 1.0
1006 1.0
1015 1.3010299956639813
1016 1.3010299956639813
1021 1.0
1031 1.0
1066 1.6020599913279625
1077 1.0
1079 1.4771212547196624
1080 1.0
1085 1.0
1121 2.079181246047625
1122 1.6020599913279625
1140 1.0
1151 1.0
1153 1.3010299956639813
1155 1.3010299956639813
1170 1.0
1183 1.0
1188 1.3010299956639813
1189 1.0
1194 1.0
1195 1.0
1201 1.6020599913279625
1224 1.6989700043360187
1225 1.6020599913279625
1226 1.0
1234 1.6020599913279625
1243 1.0
1244 1.0
1245 1.0
1259 1.0
1283 1.0
1285 1.0
1293 1.0
1304 1.0
1306 1.0
1321 1.0
