41 1.0
127 1.0
132 1.0
208 1.0
261 1.0
272 1.0
277 1.4771212547196624
402 1.0
419 1.0
432 1.0
449 1.6020599913279625
522 1.3010299956639813
555 1.0
565 1.0
588 1.3010299956639813
625 1.4771212547196624
652 1.0
708 1.0
726 1.0
753 1.0
823 1.6989700043360187
836 1.0
838 1.6989700043360187
963 1.0
1034 1.0
1037 1.3010299956639813
1043 1.0
1065 1.3010299956639813
1070 1.0
1117 1.0
1118 1.0
1129 1.0
1130 1.0
1137 1.7781512503836436
1138 1.7781512503836436
1143 1.0
1144 1.0
1145 1.0
1146 1.0
1147 1.0
1148 1.0
1153 1.0
1183 1.0
1189 1.3010299956639813
1255 1.0
