17 1.0
19 1.3010299956639813
33 1.0
113 1.0
114 1.0
121 1.0
214 1.0
217 1.0
228 1.0
234 1.4771212547196624
238 1.0
241 1.3010299956639813
314 1.4771212547196624
355 1.0
375 1.0
421 1.0
462 1.3010299956639813
469 1.3010299956639813
480 1.3010299956639813
486 1.0
490 1.0
503 1.0
506 1.7781512503836436
509 1.0
510 1.0
521 1.0
542 1.3010299956639813
559 1.0
575 1.6989700043360187
586 1.0
659 1.3010299956639813
662 1.0
682 1.0
687 1.3010299956639813
704 1.0
743 1.0
749 1.0
759 1.0
761 1.0
845 1.3010299956639813
885 1.4771212547196624
889 1.0
890 1.0
908 1.0
909 1.0
922 1.0
924 1.3010299956639813
1038 1.3010299956639813
1054 1.4771212547196624
1061 1.0
1065 1.0
1071 1.0
1082 1.0
1111 1.0
1112 1.0
1131 1.0
1132 1.0
1189 1.3010299956639813
1194 1.0
1245 1.0
