4 1.3010299956639813
6 1.0
27 1.0
84 1.3010299956639813
91 1.0
103 1.0
115 1.0
144 1.0
176 1.0
182 1.0
222 1.0
265 1.0
276 1.0
287 1.0
390 1.0
403 1.0
425 1.0
440 1.0
444 1.0
460 1.0
499 1.0
506 1.3010299956639813
545 1.0
565 1.0
579 1.0
588 1.3010299956639813
601 1.0
657 1.7781512503836436
679 1.0
707 1.0
715 1.3010299956639813
718 1.0
765 1.0
782 1.0
790 1.4771212547196624
850 1.0
905 1.0
963 1.4771212547196624
1005 1.0
1019 1.0
1032 1.0
1065 1.0
1080 1.0
1085 1.3010299956639813
1090 1.0
1103 1.3010299956639813
1156 1.0
1162 1.0
1176 1.3010299956639813
1194 1.0
1204 2.146128035678238
1222 1.3010299956639813
1243 1.6020599913279625
1245 1.0
1268 1.0
1277 1.0
1304 1.0
1313 1.0
1315 1.0
