0 1.0
2 1.0
3 1.0
20 1.0
37 1.3010299956639813
40 1.0
45 1.0
47 1.0
64 1.0
73 1.0
77 1.6989700043360187
83 1.0
90 1.0
94 1.3010299956639813
96 1.0
97 1.0
100 1.6989700043360187
125 1.0
127 1.0
136 1.0
148 1.0
149 1.3010299956639813
163 1.0
188 1.0
189 1.0
193 1.0
195 1.3010299956639813
220 1.0
222 1.0
230 1.0
236 1.0
237 1.0
255 1.3010299956639813
262 1.0
268 1.9542425094393248
272 1.0
274 1.3010299956639813
276 1.0
277 1.0
287 1.0
290 1.0
313 1.0
316 1.3010299956639813
317 1.0
324 1.0
332 1.6020599913279625
340 1.0
346 1.0
349 1.6989700043360187
354 1.0
376 1.0
380 1.0
388 1.4771212547196624
389 1.0
392 1.0
397 1.0
400 1.3010299956639813
407 1.0
410 1.0
412 1.0
423 1.0
424 1.0
425 1.0
428 1.0
451 1.0
459 1.0
465 1.0
468 1.0
474 1.0
476 1.0
479 1.0
480 1.0
489 1.0
497 1.0
502 1.0
509 1.0
522 1.0
523 1.0
533 1.0
534 1.3010299956639813
541 1.0
545 1.0
560 1.0
565 1.0
581 1.0
599 1.0
605 1.0
606 1.0
608 1.0
614 1.0
643 1.3010299956639813
648 1.0
655 1.0
668 1.0
669 1.3010299956639813
676 1.3010299956639813
679 1.3010299956639813
681 1.3010299956639813
682 1.0
705 1.0
718 1.0
741 1.0
751 1.0
752 1.0
757 1.0
773 1.0
782 1.0
786 1.0
790 1.4771212547196624
796 1.3010299956639813
805 1.0
807 1.4771212547196624
823 1.4771212547196624
824 1.0
825 1.0
839 1.3010299956639813
840 1.3010299956639813
846 1.3010299956639813
848 1.0
872 1.0
880 1.0
897 1.3010299956639813
902 1.0
916 1.0
934 1.3010299956639813
945 1.3010299956639813
968 1.3010299956639813
971 1.0
981 1.0
988 1.0
996 1.0
1011 1.0
1012 1.0
1013 1.3010299956639813
1015 1.0
1016 1.3010299956639813
1026 1.0
1034 1.0
1038 1.0
1042 1.0
1057 1.0
1058 1.0
1065 1.0
1072 1.0
1095 1.3010299956639813
1100 1.0
1114 1.0
1117 1.0
1118 1.0
1127 1.4771212547196624
1128 1.4771212547196624
1129 1.0
1130 1.0
1131 1.0
1132 1.0
1137 1.3010299956639813
1138 1.3010299956639813
1139 1.3010299956639813
1140 1.6989700043360187
1141 1.3010299956639813
1142 1.3010299956639813
1145 1.4771212547196624
1146 1.4771212547196624
1147 1.845098040014257
1148 1.845098040014257
1150 1.0
1159 1.6020599913279625
1161 1.0
1183 1.3010299956639813
1185 1.0
1190 1.4771212547196624
1198 1.0
1213 1.0
1234 1.0
1243 1.3010299956639813
1254 1.6020599913279625
1264 1.0
1277 1.0
1283 1.0
1295 1.0
1300 1.0
1305 1.0
1307 1.0
