5 1.6020599913279625
8 1.0
10 1.3010299956639813
14 1.0
21 2.4471580313422194
22 1.0
41 1.7781512503836436
45 1.0
64 1.0
73 1.0
93 1.7781512503836436
149 1.0
193 1.0
268 1.3010299956639813
294 1.845098040014257
304 1.0
311 1.0
349 1.6989700043360187
358 1.0
379 1.0
410 1.0
518 1.0
588 1.6020599913279625
614 1.3010299956639813
637 1.0
676 1.3010299956639813
698 1.0
706 1.0
723 1.0
769 1.4771212547196624
770 1.4771212547196624
781 1.0
904 1.0
906 1.3010299956639813
964 1.0
1013 1.0
1019 1.0
1048 1.3010299956639813
1074 1.0
1075 1.0
1127 1.0
1128 1.0
1129 1.0
1130 1.0
1145 1.0
1146 1.0
1147 1.4771212547196624
1148 1.4771212547196624
1162 1.3010299956639813
1163 1.6020599913279625
1166 1.0
1169 1.4771212547196624
1174 1.0
1178 1.0
1179 1.4771212547196624
1180 1.0
1181 1.0
1280 1.0
1318 1.0
