27 1.0
182 1.3010299956639813
183 1.7781512503836436
205 1.0
206 1.0
209 1.7781512503836436
214 1.0
215 1.0
216 1.4771212547196624
217 1.3010299956639813
222 1.3010299956639813
225 1.0
226 1.3010299956639813
238 1.0
244 1.0
285 1.9030899869919435
464 1.0
466 1.0
478 1.845098040014257
489 1.0
491 1.4771212547196624
506 1.6020599913279625
524 1.0
530 1.3010299956639813
564 1.3010299956639813
667 1.3010299956639813
686 1.0
733 1.4771212547196624
740 1.3010299956639813
768 1.4771212547196624
903 1.0
1252 1.0
1254 1.0
1257 1.3010299956639813
1264 1.3010299956639813
1271 1.3010299956639813
1278 1.3010299956639813
1286 1.3010299956639813
1291 1.0
1295 1.845098040014257
1298 2.0
1300 1.3010299956639813
1307 1.0
1323 1.0
