158 1.0
172 1.3010299956639813
182 1.4771212547196624
183 1.6020599913279625
209 1.4771212547196624
211 1.4771212547196624
214 1.6989700043360187
215 1.3010299956639813
216 1.0
219 1.0
220 1.4771212547196624
224 1.0
231 1.0
464 1.4771212547196624
468 1.0
516 1.3010299956639813
564 1.3010299956639813
714 1.0
744 1.0
768 1.845098040014257
786 1.0
788 1.3010299956639813
790 1.3010299956639813
1249 1.845098040014257
1257 1.4771212547196624
1267 1.7781512503836436
1278 1.3010299956639813
1286 1.6020599913279625
1291 1.0
1310 1.0
1315 1.3010299956639813
