5 1.0
7 1.3010299956639813
8 1.0
17 1.0
21 1.4771212547196624
25 1.3010299956639813
37 1.0
43 1.3010299956639813
55 1.3010299956639813
66 1.0
69 1.6020599913279625
71 1.6020599913279625
83 1.0
90 1.3010299956639813
93 1.3010299956639813
96 1.3010299956639813
97 1.3010299956639813
98 1.0
101 1.0
118 1.3010299956639813
135 1.0
139 1.0
142 1.4771212547196624
143 1.0
145 1.0
148 1.0
155 1.3010299956639813
162 1.3010299956639813
163 1.0
179 1.0
189 1.0
190 1.0
192 1.7781512503836436
197 1.0
209 1.0
216 1.0
217 1.4771212547196624
220 1.0
232 1.3010299956639813
234 1.0
245 1.845098040014257
259 1.0
263 1.3010299956639813
264 1.0
274 1.6020599913279625
275 1.0
276 1.0
277 1.6989700043360187
278 1.0
284 1.0
288 1.0
294 1.3010299956639813
302 1.0
307 1.0
314 1.0
319 1.7781512503836436
323 1.6020599913279625
324 1.0
325 1.4771212547196624
327 1.0
329 1.0
332 1.0
333 1.3010299956639813
334 1.0
337 1.3010299956639813
341 1.4771212547196624
346 1.6020599913279625
349 1.0
352 1.0
353 1.0
360 1.3010299956639813
362 1.0
364 1.0
367 1.3010299956639813
368 1.0
370 1.0
377 1.0
379 1.0
389 1.0
391 1.0
392 1.0
393 1.0
394 1.0
395 1.0
397 1.0
403 1.0
404 1.4771212547196624
408 1.0
410 1.4771212547196624
412 1.0
416 1.0
439 1.0
445 1.6989700043360187
474 1.0
488 1.0
497 1.0
508 1.6020599913279625
513 1.0
517 1.4771212547196624
523 1.0
524 1.3010299956639813
527 1.0
539 1.0
567 1.0
576 1.0
582 1.3010299956639813
583 1.3010299956639813
586 1.0
615 1.3010299956639813
624 1.0
633 1.3010299956639813
640 1.0
644 1.6020599913279625
656 1.0
669 1.0
670 1.0
677 1.0
680 1.0
681 1.0
685 1.0
689 1.6020599913279625
696 1.3010299956639813
701 1.0
705 1.4771212547196624
721 1.0
724 1.0
727 1.0
732 1.0
736 1.0
738 1.0
741 1.0
756 1.0
770 1.3010299956639813
771 2.380211241711606
786 1.0
787 1.845098040014257
792 1.0
800 1.0
807 1.4771212547196624
809 1.0
816 1.0
824 1.3010299956639813
825 1.3010299956639813
830 1.3010299956639813
832 1.3010299956639813
833 1.3010299956639813
836 1.0
839 1.0
840 1.0
841 1.0
846 1.0
848 1.0
849 1.0
851 1.0
853 1.0
855 1.3010299956639813
856 1.0
858 1.3010299956639813
868 1.0
869 1.0
872 1.4771212547196624
878 1.0
879 1.3010299956639813
884 1.3010299956639813
885 1.0
887 1.3010299956639813
889 1.0
890 1.0
893 1.0
898 1.0
901 1.0
910 1.0
912 1.0
919 1.0
921 1.3010299956639813
923 1.0
925 1.3010299956639813
926 1.7781512503836436
927 1.0
930 1.6020599913279625
933 1.0
935 1.3010299956639813
943 1.0
944 1.0
948 1.3010299956639813
954 1.0
957 1.0
959 1.0
960 1.0
961 1.3010299956639813
964 1.0
967 1.0
968 1.0
984 1.3010299956639813
985 1.0
986 1.0
987 1.4771212547196624
989 1.3010299956639813
990 1.3010299956639813
993 1.0
997 1.3010299956639813
999 1.3010299956639813
1000 1.0
1002 1.0
1003 1.0
1006 1.0
1010 1.4771212547196624
1013 1.4771212547196624
1014 1.0
1016 1.0
1020 1.0
1021 1.0
1022 1.0
1037 1.0
1049 1.3010299956639813
1051 1.6020599913279625
1074 1.3010299956639813
1075 1.3010299956639813
1097 1.3010299956639813
1099 1.0
1114 1.0
1127 1.3010299956639813
1128 1.3010299956639813
1129 1.6020599913279625
1130 1.6020599913279625
1141 1.3010299956639813
1142 1.3010299956639813
1150 1.0
1155 1.0
1160 1.0
1161 1.6020599913279625
1162 1.0
1173 1.0
1176 1.0
1179 1.3010299956639813
1182 1.3010299956639813
1185 1.3010299956639813
1198 1.3010299956639813
1227 1.3010299956639813
1231 1.0
1235 1.0
1236 1.0
1238 1.0
1239 1.4771212547196624
1243 1.6020599913279625
1251 1.0
1259 1.0
1260 1.0
1265 1.0
1266 1.0
1269 1.0
1270 1.0
1276 1.0
1277 1.0
1282 1.0
1293 1.0
1305 1.3010299956639813
1314 1.0
1317 1.0
1318 1.3010299956639813
1321 1.3010299956639813
