34 1.0
53 1.3010299956639813
74 1.4771212547196624
107 1.3010299956639813
121 1.0
152 1.0
222 1.0
228 1.0
241 1.0
249 1.0
270 1.0
289 1.0
296 1.3010299956639813
302 1.0
314 1.3010299956639813
323 1.0
352 1.0
387 1.0
398 1.0
443 1.3010299956639813
498 1.0
537 1.3010299956639813
543 1.0
544 1.0
576 1.0
592 1.0
595 1.0
608 1.0
609 1.6989700043360187
617 1.0
648 1.0
659 1.0
666 1.0
689 1.3010299956639813
694 1.0
713 1.0
718 1.0
731 1.3010299956639813
749 1.0
758 1.0
795 1.0
895 1.0
903 1.0
926 1.0
1039 1.0
1046 1.0
1055 1.0
1068 1.0
1071 1.3010299956639813
1091 1.3010299956639813
1103 1.0
1165 1.0
1194 1.0
1221 1.0
1226 1.0
1230 1.3010299956639813
1238 1.0
1247 1.0
1266 1.0
1313 1.4771212547196624
