7 1.9030899869919435
29 1.0
41 1.0
45 1.0
48 1.0
57 1.0
75 1.0
79 1.0
128 1.0
207 1.0
335 1.0
343 1.4771212547196624
345 1.0
442 1.3010299956639813
455 1.0
495 1.0
497 1.0
513 1.3010299956639813
584 1.0
585 1.0
605 1.0
606 1.0
611 1.0
634 1.3010299956639813
680 1.6020599913279625
777 1.3010299956639813
793 1.0
805 1.3010299956639813
808 1.0
848 1.0
894 1.0
933 1.0
942 1.6020599913279625
946 1.3010299956639813
951 1.6989700043360187
959 1.3010299956639813
964 1.0
966 1.0
972 1.9030899869919435
994 1.0
1000 1.3010299956639813
1037 1.0
1038 1.0
1039 1.0
1121 1.0
1129 1.0
1130 1.0
1143 1.3010299956639813
1144 1.3010299956639813
1159 1.0
1176 1.0
1177 1.4771212547196624
1183 1.3010299956639813
1191 1.3010299956639813
1205 1.0
1314 1.0
