7 1.0
15 1.0
18 1.3010299956639813
45 1.0
58 1.3010299956639813
70 1.0
74 1.0
75 1.0
77 1.3010299956639813
93 1.0
103 1.0
108 1.0
149 1.0
157 1.0
163 1.0
164 1.0
178 1.0
180 1.0
191 1.6020599913279625
193 1.3010299956639813
214 1.0
224 1.0
236 1.0
237 1.0
241 1.0
245 1.6020599913279625
247 1.3010299956639813
256 1.0
264 1.3010299956639813
272 1.3010299956639813
293 1.0
296 1.0
319 1.0
324 1.0
330 1.4771212547196624
332 1.4771212547196624
335 1.0
349 1.0
350 1.0
357 1.3010299956639813
375 1.0
376 1.4771212547196624
380 1.0
386 1.0
388 2.079181246047625
396 1.0
401 1.0
417 1.3010299956639813
430 1.3010299956639813
437 1.0
442 1.4771212547196624
443 1.3010299956639813
481 1.0
488 1.0
497 1.3010299956639813
501 1.0
513 1.0
517 1.3010299956639813
533 1.0
534 1.4771212547196624
535 1.4771212547196624
554 1.0
555 1.6989700043360187
562 1.3010299956639813
563 1.3010299956639813
568 1.4771212547196624
569 1.4771212547196624
570 1.845098040014257
571 1.0
576 1.3010299956639813
578 1.0
591 1.0
596 1.0
597 1.3010299956639813
598 1.3010299956639813
602 1.3010299956639813
603 1.3010299956639813
605 1.0
606 1.0
608 1.0
610 1.0
632 1.0
643 1.0
650 2.0413926851582254
669 1.4771212547196624
670 1.0
680 1.3010299956639813
682 1.9030899869919435
689 1.4771212547196624
691 2.113943352306837
692 1.3010299956639813
694 1.3010299956639813
698 1.3010299956639813
704 1.3010299956639813
715 1.7781512503836436
717 1.6020599913279625
723 1.0
731 2.113943352306837
733 1.3010299956639813
735 1.3010299956639813
740 1.0
751 1.9542425094393248
770 1.3010299956639813
781 1.0
792 1.6020599913279625
802 1.0
803 1.0
829 1.3010299956639813
838 1.0
850 1.0
855 1.0
870 1.3010299956639813
897 1.4771212547196624
935 1.7781512503836436
939 1.6989700043360187
948 1.4771212547196624
979 1.0
1005 1.0
1006 1.845098040014257
1011 1.0
1012 1.0
1020 1.0
1044 1.0
1057 1.0
1058 1.0
1059 1.3010299956639813
1072 1.7781512503836436
1078 1.0
1080 1.0
1086 1.4771212547196624
1091 1.4771212547196624
1109 1.0
1114 1.0
1117 1.0
1118 1.0
1119 1.0
1127 1.0
1128 1.0
1129 1.6989700043360187
1130 1.6989700043360187
1135 1.0
1136 1.0
1140 1.4771212547196624
1141 1.0
1142 1.0
1143 1.0
1144 1.0
1147 1.0
1148 1.0
1149 1.6020599913279625
1150 1.6020599913279625
1165 1.0
1169 1.0
1208 1.0
1218 1.0
1223 1.0
1227 1.4771212547196624
1235 1.3010299956639813
1236 1.0
1245 1.0
1272 1.0
1276 1.0
