3 1.4771212547196624
9 1.0
12 1.3010299956639813
14 1.0
28 1.0
29 1.6989700043360187
32 1.845098040014257
41 1.0
45 1.6020599913279625
48 1.6989700043360187
59 1.3010299956639813
60 1.3010299956639813
69 1.6020599913279625
71 1.0
74 2.4313637641589874
77 1.3010299956639813
90 1.4771212547196624
91 1.7781512503836436
94 1.845098040014257
102 1.7781512503836436
103 1.0
111 1.0
115 1.0
123 1.4771212547196624
124 1.4771212547196624
126 1.4771212547196624
127 1.0
131 1.3010299956639813
132 2.146128035678238
135 1.845098040014257
139 1.6020599913279625
145 1.3010299956639813
146 1.0
157 2.204119982655925
160 1.0
161 1.3010299956639813
162 1.0
163 2.414973347970818
165 1.0
179 1.0
180 1.0
184 1.9542425094393248
185 2.230448921378274
188 1.3010299956639813
190 1.0
192 1.6989700043360187
194 1.3010299956639813
200 1.3010299956639813
201 1.0
216 1.3010299956639813
217 1.0
220 1.3010299956639813
222 1.4771212547196624
230 2.380211241711606
234 1.7781512503836436
236 1.4771212547196624
250 1.0
256 1.6020599913279625
261 1.9542425094393248
262 1.0
263 1.6020599913279625
267 1.4771212547196624
270 2.361727836017593
274 1.7781512503836436
275 1.0
276 1.6020599913279625
281 1.0
283 1.0
284 1.0
289 1.6989700043360187
290 1.4771212547196624
296 2.0
302 1.0
303 1.3010299956639813
307 1.0
314 1.7781512503836436
319 1.9542425094393248
321 1.0
324 1.7781512503836436
325 1.4771212547196624
327 1.3010299956639813
332 1.6020599913279625
333 1.0
335 1.0
342 1.0
349 1.3010299956639813
350 1.0
355 1.0
360 1.0
364 1.0
366 1.0
371 1.6989700043360187
394 1.4771212547196624
396 1.4771212547196624
398 1.6989700043360187
400 1.3010299956639813
410 1.3010299956639813
414 1.0
420 1.4771212547196624
436 1.6020599913279625
440 1.0
441 1.3010299956639813
443 2.204119982655925
448 1.0
472 1.3010299956639813
473 1.7781512503836436
474 1.845098040014257
477 1.3010299956639813
482 1.0
493 1.7781512503836436
496 1.4771212547196624
498 1.0
500 1.3010299956639813
508 1.3010299956639813
516 1.0
517 1.4771212547196624
522 1.0
526 1.3010299956639813
529 1.0
535 1.3010299956639813
545 1.0
550 1.6989700043360187
554 1.0
558 1.3010299956639813
565 1.4771212547196624
571 2.230448921378274
577 1.3010299956639813
580 1.3010299956639813
584 1.4771212547196624
585 1.4771212547196624
586 1.3010299956639813
589 1.0
592 1.845098040014257
595 1.9542425094393248
596 2.230448921378274
601 1.0
608 1.4771212547196624
615 1.6020599913279625
618 1.0
619 1.4771212547196624
620 1.0
628 1.0
632 1.0
656 1.4771212547196624
664 1.0
669 1.3010299956639813
670 1.0
671 1.4771212547196624
677 1.3010299956639813
681 1.0
686 1.6020599913279625
689 1.0
690 1.3010299956639813
692 1.3010299956639813
693 1.4771212547196624
695 1.0
700 1.0
710 1.0
716 1.0
719 1.3010299956639813
733 1.0
738 1.0
743 1.7781512503836436
761 2.3222192947339195
765 1.3010299956639813
769 1.0
771 1.0
772 1.6989700043360187
787 1.6020599913279625
788 1.3010299956639813
789 1.4771212547196624
797 1.0
798 1.0
800 1.0
807 1.4771212547196624
810 1.3010299956639813
811 1.0
819 1.6020599913279625
828 1.3010299956639813
829 1.3010299956639813
830 1.3010299956639813
839 1.4771212547196624
840 1.4771212547196624
841 1.3010299956639813
844 1.0
846 1.0
850 1.4771212547196624
851 1.6989700043360187
854 1.0
855 1.0
868 1.6989700043360187
869 1.6989700043360187
871 1.0
872 1.3010299956639813
876 1.0
877 1.0
878 1.3010299956639813
888 1.3010299956639813
889 1.4771212547196624
890 1.4771212547196624
891 1.0
893 1.0
894 1.0
897 1.0
899 1.0
901 1.4771212547196624
904 1.0
913 1.0
916 1.3010299956639813
921 1.4771212547196624
922 1.4771212547196624
926 1.0
927 1.6020599913279625
929 2.079181246047625
935 1.6989700043360187
942 1.4771212547196624
943 1.6020599913279625
944 1.6020599913279625
946 1.0
951 1.3010299956639813
956 1.845098040014257
963 1.0
965 1.0
966 1.3010299956639813
968 1.3010299956639813
973 1.0
979 1.0
980 1.0
985 1.0
987 1.0
989 1.0
990 1.3010299956639813
991 1.0
996 2.255272505103306
997 1.0
1019 1.3010299956639813
1042 1.0
1047 1.7781512503836436
1054 1.6989700043360187
1059 1.0
1061 1.0
1068 1.0
1083 1.6020599913279625
1093 2.0
1099 1.6020599913279625
1121 1.4771212547196624
1149 1.6989700043360187
1150 1.6989700043360187
1151 2.380211241711606
1153 1.0
1158 1.0
1160 1.4771212547196624
1161 1.3010299956639813
1162 1.0
1163 1.0
1165 2.1760912590556813
1186 1.6020599913279625
1188 1.3010299956639813
1191 1.0
1192 1.0
1213 1.3010299956639813
1218 1.0
1234 1.0
1236 1.4771212547196624
1237 1.0
1241 2.079181246047625
1247 1.0
1252 1.0
1259 1.6989700043360187
1267 1.0
1269 1.3010299956639813
1275 1.0
1276 1.7781512503836436
1277 2.57978359661681
1281 1.3010299956639813
1283 1.0
1284 1.0
1289 1.0
1324 1.0
