2 1.845098040014257
3 1.0
32 1.0
37 1.0
48 1.4771212547196624
59 1.0
60 1.0
82 1.0
90 1.3010299956639813
91 1.6020599913279625
116 1.3010299956639813
118 1.0
123 1.0
124 1.0
137 1.0
189 1.0
216 1.0
222 1.0
244 1.3010299956639813
263 1.0
380 1.0
393 1.3010299956639813
394 1.0
409 1.4771212547196624
412 1.3010299956639813
415 1.6989700043360187
424 1.0
428 1.0
436 1.3010299956639813
446 1.3010299956639813
447 1.3010299956639813
478 1.0
493 1.3010299956639813
506 1.0
510 1.3010299956639813
521 1.0
528 1.0
581 1.0
651 1.0
686 1.3010299956639813
692 1.0
712 1.0
720 1.0
749 1.0
755 1.0
768 1.0
788 1.0
794 1.0
872 1.0
896 1.0
933 1.0
996 1.0
1045 1.0
1083 1.3010299956639813
1102 1.0
1160 1.3010299956639813
1174 1.0
1177 1.0
1236 1.3010299956639813
1245 1.3010299956639813
1259 1.4771212547196624
1263 1.0
1293 1.6020599913279625
1317 1.0
1321 1.3010299956639813
