4 1.0
10 1.0
25 1.0
29 1.0
30 1.0
35 1.0
36 1.0
47 1.0
68 1.0
72 1.3010299956639813
74 2.414973347970818
81 1.4771212547196624
87 1.3010299956639813
107 2.5314789170422554
108 1.4771212547196624
125 1.0
129 1.0
130 1.7781512503836436
132 2.113943352306837
152 1.4771212547196624
157 2.113943352306837
163 2.380211241711606
184 1.9030899869919435
185 2.204119982655925
191 1.4771212547196624
199 1.6020599913279625
207 2.146128035678238
227 1.3010299956639813
230 2.361727836017593
236 1.3010299956639813
237 1.4771212547196624
242 1.0
247 1.0
258 1.7781512503836436
261 1.0
264 1.0
266 1.4771212547196624
270 2.342422680822206
274 1.3010299956639813
276 1.0
295 1.3010299956639813
296 1.9542425094393248
301 1.6989700043360187
306 1.0
325 1.0
330 1.0
334 1.0
346 1.0
348 1.6989700043360187
352 1.3010299956639813
359 1.845098040014257
361 1.3010299956639813
373 1.0
377 1.6020599913279625
380 1.0
388 1.0
396 1.3010299956639813
435 1.0
438 1.4771212547196624
443 2.1760912590556813
444 1.3010299956639813
473 1.4771212547196624
479 1.0
499 1.0
503 1.3010299956639813
534 1.4771212547196624
535 1.0
543 1.0
544 1.0
550 1.0
555 1.3010299956639813
557 1.0
559 1.845098040014257
568 1.0
569 1.0
570 1.0
571 2.113943352306837
579 1.4771212547196624
584 1.0
585 1.0
593 1.0
594 1.6020599913279625
595 1.9030899869919435
596 2.1760912590556813
607 1.3010299956639813
609 2.113943352306837
610 2.204119982655925
619 1.3010299956639813
648 1.6989700043360187
672 1.3010299956639813
674 1.0
675 1.0
696 1.9542425094393248
697 1.7781512503836436
727 1.6020599913279625
737 1.3010299956639813
743 1.4771212547196624
761 1.0
776 1.3010299956639813
809 1.0
819 1.3010299956639813
830 1.0
856 1.0
860 1.0
861 1.0
862 1.4771212547196624
868 1.0
869 1.0
880 1.0
881 1.7781512503836436
900 1.4771212547196624
929 1.0
932 1.3010299956639813
941 1.0
961 1.0
1005 1.6989700043360187
1009 1.0
1018 1.6020599913279625
1022 1.0
1027 1.3010299956639813
1035 1.4771212547196624
1038 1.0
1047 1.4771212547196624
1064 1.0
1069 1.6020599913279625
1080 1.3010299956639813
1098 1.7781512503836436
1099 1.0
1117 1.0
1118 1.0
1119 1.0
1139 1.6989700043360187
1140 1.7781512503836436
1149 1.6020599913279625
1150 1.6020599913279625
1151 2.361727836017593
1157 1.6020599913279625
1164 1.6989700043360187
1165 2.146128035678238
1173 1.845098040014257
1176 1.0
1181 1.0
1182 1.0
1215 1.7781512503836436
1226 1.0
1227 2.204119982655925
1228 2.462397997898956
1230 1.7781512503836436
1231 2.255272505103306
1233 1.9030899869919435
1235 2.146128035678238
1238 1.7781512503836436
1241 2.0413926851582254
1265 1.845098040014257
1266 2.361727836017593
1276 1.6989700043360187
1277 2.5563025007672873
