53 1.0
75 1.0
100 1.0
168 1.3010299956639813
192 1.0
225 1.3010299956639813
226 1.0
247 1.0
255 1.0
261 1.0
272 1.0
273 1.0
310 1.0
312 1.0
330 1.0
352 1.0
398 1.0
428 1.0
431 1.0
432 1.9542425094393248
449 1.0
493 1.0
496 1.0
508 1.0
519 1.0
546 1.0
558 1.0
560 1.0
570 1.0
572 1.0
584 1.0
585 1.0
645 1.0
657 1.0
659 1.0
688 1.0
707 1.0
731 1.0
734 1.0
742 1.3010299956639813
747 1.0
761 1.0
785 1.0
850 1.0
896 1.0
901 1.0
929 1.0
933 1.0
1014 1.0
1020 1.0
1036 1.0
1085 1.0
1088 1.0
1111 1.0
1112 1.0
1117 1.0
1118 1.0
1194 1.0
1213 1.0
1251 1.0
1279 1.0
1301 1.0
