3 1.0
19 1.0
59 1.7781512503836436
60 1.7781512503836436
79 1.4771212547196624
90 1.0
91 1.3010299956639813
118 1.0
128 1.3010299956639813
136 1.6020599913279625
211 1.0
223 1.0
229 1.3010299956639813
231 1.0
240 1.0
246 1.0
251 1.3010299956639813
276 1.0
278 1.3010299956639813
280 1.0
314 1.0
408 1.6020599913279625
409 1.0
447 1.0
451 1.3010299956639813
452 1.0
466 1.0
487 1.3010299956639813
493 1.0
540 1.0
546 1.0
547 1.0
548 1.0
600 1.0
622 1.6020599913279625
624 1.6020599913279625
627 1.0
643 1.0
644 1.4771212547196624
645 1.4771212547196624
658 1.0
659 1.0
661 1.3010299956639813
681 1.3010299956639813
683 1.0
710 1.0
739 1.3010299956639813
742 1.0
748 1.3010299956639813
752 1.0
754 1.6020599913279625
755 1.0
756 1.0
758 1.3010299956639813
759 2.146128035678238
761 1.4771212547196624
762 1.0
790 1.3010299956639813
814 1.0
821 1.3010299956639813
826 1.0
885 1.3010299956639813
905 1.0
906 1.3010299956639813
914 1.0
915 1.3010299956639813
918 1.9030899869919435
1010 1.4771212547196624
1013 1.6989700043360187
1062 1.3010299956639813
1068 1.3010299956639813
1070 1.0
1073 1.6989700043360187
1085 1.0
1089 1.0
1090 1.0
1104 1.6020599913279625
1109 1.0
1119 1.0
1120 1.0
1141 1.4771212547196624
1142 1.4771212547196624
1182 1.0
1194 1.0
1204 1.0
1211 1.0
1212 1.0
1221 1.3010299956639813
1222 1.0
1226 1.4771212547196624
1243 1.3010299956639813
1245 1.0
1254 1.0
1259 1.0
1285 1.0
1289 1.3010299956639813
1294 1.0
1322 1.0
