1 1.0
19 1.0
29 1.0
41 1.0
87 1.0
98 1.0
102 1.0
180 1.0
234 1.3010299956639813
265 1.0
277 1.0
314 1.0
337 1.3010299956639813
367 1.0
417 1.6020599913279625
444 1.0
450 2.255272505103306
453 1.0
473 1.6020599913279625
498 1.3010299956639813
517 2.380211241711606
582 1.0
583 1.0
629 1.0
635 1.0
636 1.0
652 1.0
653 1.0
666 1.3010299956639813
682 1.0
695 1.0
704 1.0
711 1.3010299956639813
717 1.0
741 1.0
742 1.3010299956639813
780 1.3010299956639813
784 1.3010299956639813
799 1.0
800 1.0
836 1.0
848 1.0
849 1.0
855 1.845098040014257
865 1.0
870 1.0
888 1.0
914 1.3010299956639813
920 1.0
926 1.3010299956639813
935 1.4771212547196624
940 1.4771212547196624
943 1.3010299956639813
944 1.3010299956639813
946 1.0
947 1.0
948 1.3010299956639813
956 1.0
958 1.0
959 1.0
962 1.0
969 1.0
971 1.0
978 1.3010299956639813
991 1.4771212547196624
994 1.0
999 1.4771212547196624
1040 1.0
1072 1.0
1124 1.0
1185 1.0
1246 1.0
