1 1.0
58 1.4771212547196624
84 1.3010299956639813
90 1.0
93 1.0
209 1.0
220 1.3010299956639813
241 1.3010299956639813
253 1.0
255 1.3010299956639813
256 1.0
297 1.3010299956639813
349 1.3010299956639813
382 1.0
388 1.3010299956639813
398 1.0
402 1.3010299956639813
425 1.0
455 1.0
487 1.0
533 1.0
540 1.3010299956639813
551 1.0
553 1.0
608 1.0
625 1.0
644 1.3010299956639813
647 1.0
657 1.0
674 1.0
675 1.0
677 1.3010299956639813
679 1.0
682 1.4771212547196624
692 1.0
694 1.0
711 1.0
718 1.0
738 1.3010299956639813
748 1.0
758 1.0
768 1.3010299956639813
773 1.0
788 1.0
895 1.0
915 1.3010299956639813
1000 1.0
1004 1.0
1019 1.0
1028 1.0
1029 1.0
1086 1.0
1171 1.0
1243 1.0
1254 1.0
1269 1.0
1310 1.0
