15 1.0
48 1.3010299956639813
59 1.3010299956639813
60 1.3010299956639813
65 1.0
79 1.3010299956639813
157 1.3010299956639813
179 1.0
190 1.0
234 1.0
251 1.0
309 1.0
315 1.0
319 1.3010299956639813
388 1.4771212547196624
408 1.0
443 1.0
457 1.0
487 1.0
518 1.0
532 1.0
537 1.4771212547196624
566 1.6989700043360187
570 1.0
573 1.3010299956639813
574 1.3010299956639813
596 1.0
623 1.0
657 1.0
696 1.3010299956639813
697 1.0
715 1.0
759 1.845098040014257
761 1.0
767 1.0
823 1.0
824 1.0
825 1.0
841 1.0
842 1.0
843 1.0
848 1.7781512503836436
851 1.0
922 1.0
926 1.0
927 1.7781512503836436
941 1.0
994 1.0
999 1.0
1002 1.4771212547196624
1140 1.0
1156 1.0
1164 1.6020599913279625
1191 1.0
1192 1.0
1279 1.0
1289 1.0
1307 1.0
1309 1.0
