47 1.0
59 1.0
60 1.0
64 1.0
81 1.0
90 1.0
99 1.0
115 1.0
185 1.0
191 1.0
220 1.0
226 1.0
233 1.0
236 1.0
237 1.3010299956639813
242 1.0
255 1.0
264 1.0
270 1.0
276 1.0
297 1.0
301 1.0
314 1.0
334 1.0
346 1.0
348 1.0
352 1.0
373 1.0
377 1.0
380 1.0
392 1.3010299956639813
444 1.3010299956639813
455 1.0
499 1.0
503 1.3010299956639813
528 1.0
534 1.4771212547196624
535 1.0
546 1.0
550 1.3010299956639813
568 1.0
569 1.0
593 1.0
610 1.3010299956639813
674 1.0
675 1.0
708 1.0
735 1.0
769 1.0
782 1.0
819 1.3010299956639813
845 1.3010299956639813
862 1.4771212547196624
929 1.0
941 1.0
996 1.0
1027 1.3010299956639813
1038 1.0
1047 1.0
1064 1.0
1065 1.3010299956639813
1080 1.3010299956639813
1087 1.0
1099 1.0
1119 1.0
1126 1.0
1140 1.0
1141 1.0
1142 1.0
1149 1.0
1150 1.0
1151 1.0
1173 1.3010299956639813
1182 1.3010299956639813
1226 1.3010299956639813
1231 1.0
1266 1.0
1277 1.0
