13 1.3010299956639813
19 1.0
20 1.3010299956639813
39 1.0
48 1.0
49 1.0
84 1.3010299956639813
88 1.0
108 1.0
110 1.0
135 1.0
137 1.0
155 1.6020599913279625
168 1.0
179 1.0
188 1.0
190 1.0
214 1.0
216 1.0
220 1.4771212547196624
221 1.0
222 1.0
223 1.0
226 1.6020599913279625
236 1.6989700043360187
245 1.4771212547196624
256 1.0
267 1.0
274 1.0
276 1.3010299956639813
277 1.3010299956639813
291 1.0
310 1.0
318 1.4771212547196624
319 1.6989700043360187
324 1.0
339 1.0
346 1.3010299956639813
350 1.3010299956639813
361 1.0
364 1.6020599913279625
366 1.3010299956639813
374 1.0
391 1.3010299956639813
392 1.4771212547196624
399 1.3010299956639813
402 1.0
406 1.3010299956639813
408 1.0
433 1.0
445 1.0
449 1.0
453 1.0
455 1.4771212547196624
477 1.0
482 1.0
498 1.0
505 1.0
513 1.0
520 1.0
527 1.3010299956639813
534 1.6020599913279625
542 1.3010299956639813
546 1.3010299956639813
552 1.3010299956639813
564 1.0
590 1.0
597 1.0
598 1.0
617 1.0
679 1.0
682 1.0
692 1.0
703 1.0
704 1.0
732 1.0
743 1.0
756 1.4771212547196624
759 1.0
761 1.0
769 1.4771212547196624
801 1.0
810 1.0
831 1.0
847 1.3010299956639813
855 1.0
861 1.3010299956639813
878 1.0
893 1.0
895 1.0
910 1.0
918 1.0
940 1.0
958 1.0
973 1.0
986 1.0
1004 1.0
1023 1.0
1044 1.0
1054 1.0
1096 1.0
1109 1.0
1110 1.0
1111 1.3010299956639813
1112 1.3010299956639813
1117 1.0
1118 1.0
1129 1.0
1130 1.0
1131 1.0
1132 1.0
1141 1.4771212547196624
1142 1.4771212547196624
1177 1.0
1183 1.0
1186 1.845098040014257
1204 1.0
1243 1.0
1300 1.0
1321 1.0
