6 2.204119982655925
75 1.0
174 1.0
226 1.0
247 1.3010299956639813
272 1.3010299956639813
293 1.0
309 1.0
310 1.6020599913279625
312 1.0
386 1.3010299956639813
387 1.0
444 1.3010299956639813
454 1.3010299956639813
496 1.0
540 1.0
543 1.3010299956639813
544 1.3010299956639813
545 1.0
565 1.0
567 1.3010299956639813
611 1.0
613 1.3010299956639813
614 1.0
624 1.0
659 1.7781512503836436
661 1.0
688 1.0
736 1.0
748 1.0
797 1.4771212547196624
812 1.0
851 1.0
870 1.0
895 1.0
901 1.0
939 1.3010299956639813
948 1.3010299956639813
959 1.0
1008 1.0
1029 1.0
1042 1.0
1092 1.0
1204 1.0
1269 1.0
1288 1.0
