18 1.6020599913279625
39 1.0
59 1.3010299956639813
60 1.3010299956639813
115 1.0
134 1.4771212547196624
168 1.0
176 1.0
193 1.4771212547196624
200 1.4771212547196624
201 1.4771212547196624
204 1.3010299956639813
220 1.0
234 1.0
242 1.0
289 1.0
319 1.0
329 1.3010299956639813
356 1.3010299956639813
364 1.0
377 1.0
388 1.6020599913279625
504 1.0
505 1.0
535 1.0
593 1.0
613 1.0
641 1.0
682 1.0
687 1.0
689 1.3010299956639813
694 1.0
704 1.0
721 1.0
731 1.3010299956639813
772 1.0
795 1.3010299956639813
851 1.0
867 1.0
940 1.0
943 1.0
944 1.0
969 1.0
980 1.0
991 1.0
1037 1.4771212547196624
1161 1.0
1217 1.4771212547196624
1260 1.3010299956639813
1262 1.0
1266 1.0
1268 1.0
1302 1.3010299956639813
