11 1.3010299956639813
80 1.0
83 1.0
127 1.0
217 1.0
297 1.6989700043360187
310 1.0
335 1.0
349 1.0
382 1.0
402 1.0
408 1.0
433 1.0
470 1.0
540 1.0
550 1.0
617 1.0
622 1.9030899869919435
627 1.0
651 1.0
659 1.0
660 1.0
741 1.9542425094393248
756 1.6020599913279625
759 1.845098040014257
762 1.6020599913279625
769 1.0
814 1.3010299956639813
821 1.9030899869919435
826 1.0
843 1.0
864 1.3010299956639813
905 1.0
921 1.0
929 1.3010299956639813
1007 1.0
1015 1.0
1016 1.0
1037 1.0
1057 1.0
1058 1.0
1062 1.6989700043360187
1065 1.0
1068 1.845098040014257
1070 1.6020599913279625
1073 1.9030899869919435
1085 1.0
1088 1.3010299956639813
1090 1.6020599913279625
1104 1.3010299956639813
1119 1.3010299956639813
1120 1.0
1122 1.0
1125 1.0
1194 1.6989700043360187
1204 1.0
1214 1.6020599913279625
1221 1.0
1225 1.0
1226 1.6020599913279625
