27 1.0
80 1.3010299956639813
110 1.0
113 1.0
114 1.0
127 1.0
132 1.0
149 1.0
157 1.0
190 1.0
226 1.0
230 1.0
249 1.0
253 1.4771212547196624
256 1.0
293 1.0
296 1.0
302 1.0
314 1.0
322 1.0
325 1.0
364 1.0
379 1.0
398 1.3010299956639813
401 1.0
423 1.0
424 1.0
449 1.6020599913279625
450 1.4771212547196624
482 1.0
496 1.0
498 1.0
541 1.0
552 1.0
554 1.0
561 1.0
571 1.0
577 1.0
614 1.0
624 1.0
637 1.0
639 1.0
643 1.0
659 1.0
677 1.4771212547196624
682 1.0
689 1.3010299956639813
694 1.6020599913279625
702 1.3010299956639813
706 1.0
736 1.0
739 1.0
740 1.0
756 1.0
769 1.3010299956639813
783 1.3010299956639813
794 1.0
819 1.0
837 1.0
843 1.0
845 1.0
849 1.0
850 1.0
851 1.3010299956639813
864 1.0
885 1.0
897 1.0
901 1.0
903 1.0
943 1.0
944 1.0
953 1.0
979 1.0
989 1.0
996 1.0
1028 1.0
1036 1.0
1050 1.0
1073 1.0
1095 1.0
1121 1.3010299956639813
1127 1.0
1128 1.0
1137 1.0
1138 1.0
1139 1.0
1140 1.0
1145 1.0
1146 1.0
1163 1.0
1165 1.0
1168 1.0
1189 1.0
1202 1.4771212547196624
1228 1.0
1235 1.0
1247 1.0
1266 1.0
1276 1.0
