15 1.0
36 1.6989700043360187
37 1.0
38 1.0
39 1.4771212547196624
45 1.0
47 1.0
51 1.0
62 1.3010299956639813
63 1.6989700043360187
67 1.0
84 1.0
86 2.204119982655925
87 1.0
88 2.0
100 1.0
103 1.3010299956639813
109 1.0
111 1.0
112 1.3010299956639813
116 1.0
121 1.3010299956639813
125 1.0
135 1.0
140 1.0
142 2.0
146 1.6989700043360187
153 1.0
166 1.0
170 1.0
188 1.0
192 2.079181246047625
195 1.6020599913279625
197 1.6020599913279625
198 1.3010299956639813
209 1.0
211 1.0
254 1.4771212547196624
267 1.3010299956639813
274 1.4771212547196624
277 1.6020599913279625
281 1.3010299956639813
284 1.4771212547196624
286 1.0
291 2.0
293 1.0
294 1.0
299 1.0
314 1.0
318 1.0
329 1.0
334 1.6020599913279625
339 1.6020599913279625
363 1.3010299956639813
378 1.9542425094393248
380 1.0
381 1.4771212547196624
383 1.9030899869919435
397 1.0
400 1.4771212547196624
411 2.079181246047625
419 1.3010299956639813
428 1.0
449 1.0
461 1.0
474 1.845098040014257
497 1.3010299956639813
498 1.3010299956639813
499 1.0
508 1.0
531 1.0
575 1.0
584 1.0
585 1.0
614 1.0
640 1.7781512503836436
688 1.6989700043360187
692 1.0
696 1.0
701 1.0
723 1.0
725 1.3010299956639813
730 2.113943352306837
733 1.7781512503836436
771 1.0
787 1.6020599913279625
824 1.7781512503836436
825 1.7781512503836436
839 1.4771212547196624
840 1.4771212547196624
841 1.4771212547196624
847 1.0
863 1.0
870 1.6989700043360187
871 1.0
875 1.3010299956639813
879 1.0
882 1.0
924 1.0
929 1.0
940 1.4771212547196624
943 1.3010299956639813
944 1.3010299956639813
960 1.0
989 2.0
1013 1.3010299956639813
1021 1.3010299956639813
1023 1.9030899869919435
1024 1.3010299956639813
1044 1.3010299956639813
1049 1.9542425094393248
1053 1.0
1095 1.0
1097 1.0
1129 1.3010299956639813
1130 1.3010299956639813
1153 1.0
1158 1.0
1193 1.0
1226 1.0
