38 1.0
44 1.0
46 1.0
81 1.6020599913279625
117 1.0
195 1.6989700043360187
208 1.0
217 1.0
265 1.0
354 1.0
364 1.0
506 1.0
507 1.3010299956639813
587 1.0
622 1.4771212547196624
644 2.0
657 1.0
658 1.0
659 1.0
694 1.0
741 1.0
747 1.0
752 1.0
756 1.3010299956639813
759 1.0
821 1.0
845 1.3010299956639813
851 1.4771212547196624
864 1.0
895 1.0
901 1.0
914 1.4771212547196624
918 1.0
1013 1.4771212547196624
1042 1.3010299956639813
1065 1.0
1068 1.4771212547196624
1085 1.0
1088 1.3010299956639813
1090 1.0
1199 1.3010299956639813
1204 1.0
1220 1.0
1226 1.0
