0 1.0
2 1.6020599913279625
5 1.4771212547196624
6 1.0
13 1.3010299956639813
14 1.6020599913279625
15 1.0
17 1.0
18 1.0
21 1.3010299956639813
23 1.0
24 1.0
27 1.0
33 1.0
34 1.3010299956639813
37 1.0
38 1.3010299956639813
42 1.0
43 1.3010299956639813
48 1.0
50 1.4771212547196624
55 1.0
57 1.0
58 1.0
69 1.0
80 1.0
82 1.0
85 1.3010299956639813
90 1.0
113 1.0
114 1.0
118 1.4771212547196624
131 1.0
139 1.3010299956639813
144 1.3010299956639813
145 1.3010299956639813
146 1.0
158 1.3010299956639813
165 1.0
166 1.0
170 1.0
171 1.3010299956639813
180 1.3010299956639813
181 1.0
190 1.3010299956639813
192 1.0
194 1.0
200 1.0
201 1.0
206 1.0
209 1.0
211 1.0
213 1.0
217 1.0
218 1.0
219 1.6020599913279625
220 1.0
221 1.0
243 1.0
244 1.0
264 1.3010299956639813
273 1.0
274 1.0
276 1.3010299956639813
278 1.0
280 1.6989700043360187
283 1.0
285 1.0
291 1.0
300 1.0
304 1.0
314 1.0
318 1.4771212547196624
319 1.6989700043360187
322 1.4771212547196624
324 1.0
325 1.0
327 1.0
349 1.3010299956639813
353 1.9542425094393248
368 1.0
378 1.0
384 1.3010299956639813
386 1.3010299956639813
395 1.0
397 1.0
400 1.0
403 1.4771212547196624
408 1.0
409 1.4771212547196624
412 1.0
417 1.0
418 1.0
422 1.0
423 1.0
425 1.4771212547196624
428 1.0
442 1.3010299956639813
443 1.0
444 1.3010299956639813
446 1.0
455 1.3010299956639813
468 1.0
469 1.0
473 1.3010299956639813
478 1.0
481 1.0
482 1.0
486 1.0
487 1.4771212547196624
488 1.7781512503836436
490 1.0
494 1.0
496 1.0
503 1.9030899869919435
505 1.3010299956639813
506 2.113943352306837
516 1.0
518 1.4771212547196624
521 1.0
527 1.4771212547196624
534 1.6020599913279625
536 1.0
538 1.0
553 1.0
554 1.3010299956639813
555 1.0
564 1.0
572 1.3010299956639813
573 1.0
574 1.0
581 1.0
584 1.3010299956639813
585 1.3010299956639813
597 1.3010299956639813
598 1.3010299956639813
599 1.0
601 1.0
602 1.3010299956639813
603 1.3010299956639813
613 1.0
627 1.0
631 1.0
640 1.0
644 1.0
665 1.0
671 1.0
678 1.0
679 1.3010299956639813
681 1.0
682 1.0
699 1.0
704 1.4771212547196624
710 1.3010299956639813
718 1.0
723 1.0
728 1.4771212547196624
740 1.0
742 1.0
755 1.3010299956639813
764 1.3010299956639813
770 1.3010299956639813
772 1.3010299956639813
780 1.0
781 1.0
785 1.0
786 1.0
788 1.3010299956639813
790 1.3010299956639813
810 1.3010299956639813
815 1.0
824 1.0
825 1.0
827 1.0
830 1.0
831 1.0
842 1.0
845 1.3010299956639813
851 1.4771212547196624
881 1.0
902 1.3010299956639813
903 1.0
904 1.0
908 1.3010299956639813
932 1.6020599913279625
935 1.0
947 1.0
990 1.3010299956639813
1008 1.3010299956639813
1013 1.3010299956639813
1014 1.0
1026 1.0
1029 1.0
1044 1.6989700043360187
1045 1.0
1053 1.0
1055 1.0
1059 1.0
1064 1.0
1068 1.3010299956639813
1073 1.6020599913279625
1080 1.3010299956639813
1087 1.0
1095 1.0
1104 1.0
1114 1.9542425094393248
1115 1.3010299956639813
1116 1.3010299956639813
1117 1.4771212547196624
1118 1.4771212547196624
1124 1.0
1129 2.4913616938342726
1130 2.4913616938342726
1131 1.7781512503836436
1132 1.845098040014257
1135 1.9030899869919435
1136 1.9030899869919435
1137 1.9030899869919435
1138 1.9030899869919435
1143 1.6020599913279625
1144 1.6020599913279625
1147 1.3010299956639813
1148 1.3010299956639813
1158 1.0
1159 1.0
1161 1.3010299956639813
1162 1.3010299956639813
1166 1.0
1168 1.0
1169 1.0
1170 1.0
1176 1.3010299956639813
1179 1.0
1180 1.0
1183 1.3010299956639813
1198 1.0
1204 1.0
1214 1.0
1219 1.0
1228 1.0
1250 1.3010299956639813
1256 1.0
1259 1.0
1260 1.0
1268 1.0
1274 1.0
1279 1.0
1285 1.0
1298 1.3010299956639813
1299 1.0
1300 1.0
1301 1.0
1302 1.0
1303 1.3010299956639813
1308 1.0
1312 1.3010299956639813
1318 1.0
