29 1.3010299956639813
96 1.3010299956639813
101 1.4771212547196624
108 1.0
139 1.0
140 1.0
193 1.4771212547196624
236 1.3010299956639813
245 1.3010299956639813
262 1.0
284 1.0
292 1.0
311 1.0
319 1.6020599913279625
337 1.3010299956639813
354 1.0
361 1.3010299956639813
367 1.0
379 1.6020599913279625
384 1.0
473 1.0
488 1.6989700043360187
503 1.0
518 1.0
534 1.3010299956639813
602 1.0
603 1.0
650 1.0
657 1.0
673 2.113943352306837
695 1.0
712 1.0
757 1.0
764 1.0
770 1.0
823 1.0
845 1.0
851 1.3010299956639813
856 1.4771212547196624
872 1.0
897 1.3010299956639813
918 1.0
932 1.4771212547196624
1005 1.0
1011 2.0413926851582254
1012 2.0413926851582254
1015 2.0
1016 2.0
1020 1.0
1027 1.0
1033 1.0
1037 1.0
1050 1.6020599913279625
1054 1.0
1057 1.9030899869919435
1058 1.9030899869919435
1096 1.0
1099 1.0
1114 1.9030899869919435
1115 1.0
1116 1.0
1127 1.3010299956639813
1128 1.3010299956639813
1129 2.3010299956639813
1130 2.3010299956639813
1131 1.6989700043360187
1132 1.7781512503836436
1133 1.3010299956639813
1134 1.3010299956639813
1135 1.845098040014257
1136 1.845098040014257
1137 1.845098040014257
1138 1.845098040014257
1139 1.6020599913279625
1140 1.6020599913279625
1141 1.0
1142 1.0
1143 1.3010299956639813
1144 1.3010299956639813
1149 1.6020599913279625
1150 1.6020599913279625
1182 1.0
1191 1.3010299956639813
1234 1.0
1258 1.0
1303 1.0
