3 1.0
15 1.0
33 1.0
56 1.3010299956639813
75 1.0
81 1.4771212547196624
93 1.0
94 1.0
96 1.0
110 1.0
116 1.0
118 1.3010299956639813
126 1.0
133 1.0
138 1.0
145 1.0
147 1.3010299956639813
150 1.0
200 1.0
201 1.0
208 1.0
226 1.0
278 1.0
280 1.845098040014257
283 1.0
302 1.0
303 1.0
314 1.0
321 1.3010299956639813
324 1.0
325 1.0
333 1.0
337 1.6020599913279625
340 1.0
353 1.3010299956639813
367 1.0
383 1.0
408 1.0
409 1.0
412 1.0
414 1.0
452 1.0
463 1.0
485 1.0
486 1.0
493 1.0
496 1.0
503 1.0
506 1.0
510 1.0
518 1.0
521 1.0
542 1.3010299956639813
553 1.0
572 1.3010299956639813
599 1.0
610 1.0
615 1.0
620 1.0
627 1.0
630 1.0
645 1.0
666 1.0
679 1.0
681 1.0
682 1.0
685 1.0
686 1.0
693 1.3010299956639813
703 1.0
704 1.0
719 1.0
743 1.0
748 1.0
768 1.0
769 1.0
774 1.0
782 1.0
788 1.0
790 1.0
792 1.6020599913279625
802 1.3010299956639813
803 1.3010299956639813
806 1.3010299956639813
813 1.0
815 1.0
817 1.3010299956639813
818 1.3010299956639813
819 1.6020599913279625
832 1.3010299956639813
833 1.3010299956639813
834 1.6020599913279625
835 1.6020599913279625
847 1.3010299956639813
848 1.0
860 1.0
863 1.0
878 1.0
911 1.3010299956639813
914 1.0
926 1.3010299956639813
932 1.0
950 1.0
954 1.3010299956639813
957 1.0
978 1.6020599913279625
988 1.0
991 1.4771212547196624
993 1.4771212547196624
998 1.4771212547196624
999 1.0
1002 1.4771212547196624
1005 1.0
1020 1.0
1022 1.0
1077 1.0
1087 1.0
1095 1.6020599913279625
1096 1.0
1107 1.0
1110 1.0
1141 1.4771212547196624
1142 1.4771212547196624
1161 1.6020599913279625
1166 1.6020599913279625
1194 1.0
1195 1.0
1219 1.0
1231 1.0
1245 1.3010299956639813
1259 1.0
1268 1.0
1285 1.0
1295 1.0
1321 1.0
