39 1.6989700043360187
61 1.4771212547196624
75 1.6020599913279625
90 1.0
100 1.0
110 1.0
118 1.0
200 1.0
201 1.0
209 1.3010299956639813
255 1.0
256 1.0
272 1.0
293 1.0
307 1.0
312 1.3010299956639813
376 1.0
382 1.0
388 1.0
417 1.3010299956639813
428 1.0
432 1.845098040014257
433 1.4771212547196624
450 1.0
452 1.0
493 1.3010299956639813
496 1.0
519 1.0
531 1.0
537 1.0
540 1.3010299956639813
560 1.0
562 1.0
563 1.0
570 1.0
572 1.0
584 1.4771212547196624
585 1.4771212547196624
613 1.0
615 1.3010299956639813
624 1.0
625 1.0
639 1.0
647 1.0
651 1.3010299956639813
664 1.0
682 1.0
687 1.4771212547196624
703 1.0
705 1.0
707 1.0
723 1.0
734 1.0
781 1.0
785 1.0
788 1.3010299956639813
797 1.0
837 1.3010299956639813
845 1.3010299956639813
870 1.0
896 1.0
897 1.3010299956639813
901 1.0
914 1.4771212547196624
915 1.3010299956639813
982 1.0
1006 1.0
1008 1.0
1020 1.0
1034 1.0
1036 1.0
1039 1.0
1045 1.0
1061 1.0
1065 1.0
1072 1.0
1078 1.3010299956639813
1081 1.0
1090 1.0
1092 1.3010299956639813
1111 1.0
1112 1.0
1171 1.0
1214 1.0
1232 1.0
1273 1.0
1301 1.0
