2 1.3010299956639813
5 1.0
69 1.0
74 1.0
107 1.0
125 1.0
132 1.3010299956639813
139 1.0
149 1.0
157 1.6020599913279625
163 1.0
174 1.0
186 1.0
187 1.3010299956639813
207 1.0
230 1.0
236 1.3010299956639813
261 1.0
324 1.0
364 1.4771212547196624
368 1.3010299956639813
373 1.0
422 1.0
453 1.0
488 1.6989700043360187
503 1.0
518 1.0
524 1.0
566 1.6020599913279625
568 1.0
569 1.0
595 1.0
597 1.3010299956639813
598 1.3010299956639813
602 1.3010299956639813
603 1.3010299956639813
628 1.0
632 1.0
678 1.0
691 1.845098040014257
715 1.0
731 1.0
739 1.0
802 1.4771212547196624
803 1.4771212547196624
829 1.4771212547196624
848 1.0
868 1.0
869 1.0
873 1.0
915 1.0
935 1.0
942 1.6020599913279625
972 1.0
1013 1.0
1036 1.0
1052 1.845098040014257
1059 1.3010299956639813
1095 1.3010299956639813
1129 1.0
1130 1.0
1143 1.0
1144 1.0
1156 1.0
1238 1.0
1244 1.6020599913279625
