18 1.0
32 1.3010299956639813
36 1.0
47 1.0
48 1.0
64 1.0
67 1.0
71 1.0
79 1.0
83 1.0
84 1.3010299956639813
102 1.0
103 1.0
109 1.0
112 1.0
113 1.0
114 1.0
115 1.0
135 1.0
136 1.3010299956639813
140 1.0
141 1.3010299956639813
147 1.0
148 1.0
180 1.0
182 1.0
196 1.3010299956639813
200 1.0
201 1.0
202 1.4771212547196624
209 1.0
210 1.0
211 1.0
227 1.4771212547196624
229 1.3010299956639813
231 1.0
235 1.3010299956639813
240 1.0
243 1.0
246 1.0
290 1.0
309 1.0
313 1.3010299956639813
321 1.3010299956639813
394 1.0
400 1.0
427 1.0
461 1.4771212547196624
472 1.0
473 1.3010299956639813
474 1.0
478 1.0
484 1.0
489 1.0
498 1.0
500 1.0
503 1.0
509 1.0
511 1.0
527 1.6989700043360187
536 1.0
538 1.3010299956639813
540 1.0
541 1.0
545 1.0
551 1.0
566 1.6989700043360187
572 1.0
577 1.0
592 1.3010299956639813
599 1.0
601 1.0
617 1.0
620 1.0
628 1.3010299956639813
644 1.0
649 1.0
651 1.0
652 1.0
657 1.0
661 1.0
669 1.0
683 1.0
685 1.3010299956639813
700 1.0
701 1.0
708 1.0
714 1.0
731 1.0
733 1.0
743 1.0
744 1.0
770 1.0
771 1.6989700043360187
773 1.0
775 1.4771212547196624
782 1.3010299956639813
788 1.0
790 1.0
794 1.0
795 1.4771212547196624
797 1.0
802 1.0
803 1.0
859 1.3010299956639813
878 1.0
884 1.3010299956639813
889 1.3010299956639813
890 1.3010299956639813
893 1.0
896 1.0
898 1.0
906 1.3010299956639813
914 1.0
919 1.4771212547196624
922 1.0
924 1.0
928 1.4771212547196624
933 1.0
935 1.0
940 1.0
950 1.4771212547196624
951 1.0
957 1.0
958 1.0
972 1.0
985 1.0
989 1.0
1000 1.0
1001 1.0
1042 1.0
1060 1.0
1064 1.4771212547196624
1083 1.6020599913279625
1085 1.9542425094393248
1089 1.3010299956639813
1092 1.0
1109 1.3010299956639813
1126 1.0
1153 1.4771212547196624
1173 1.0
1219 1.0
1237 1.3010299956639813
1243 1.0
1258 1.0
1278 1.0
1287 1.0
1290 1.0
1297 1.0
