3 1.0
4 1.3010299956639813
5 1.0
15 1.7781512503836436
17 2.079181246047625
19 1.0
20 1.3010299956639813
21 1.3010299956639813
24 1.0
34 1.3010299956639813
36 1.0
38 1.0
39 1.0
45 1.9030899869919435
47 1.0
48 1.0
51 1.4771212547196624
52 1.3010299956639813
55 1.9030899869919435
58 1.3010299956639813
61 1.0
62 1.0
65 1.6989700043360187
67 1.3010299956639813
69 2.079181246047625
70 1.3010299956639813
74 1.0
75 1.0
77 1.7781512503836436
79 1.0
81 1.3010299956639813
86 1.0
89 1.0
93 1.3010299956639813
94 1.845098040014257
95 1.3010299956639813
96 1.0
97 1.0
98 1.9030899869919435
100 1.4771212547196624
101 1.0
105 1.0
107 1.4771212547196624
110 1.6020599913279625
113 1.0
114 1.0
117 2.0
121 1.3010299956639813
126 1.0
127 1.0
130 1.0
131 1.3010299956639813
132 1.3010299956639813
134 1.3010299956639813
139 1.0
146 1.0
148 1.4771212547196624
154 1.3010299956639813
157 1.0
161 1.0
162 1.0
163 1.0
166 1.0
168 1.3010299956639813
170 1.0
176 1.3010299956639813
178 1.3010299956639813
179 1.4771212547196624
185 1.0
189 1.6989700043360187
197 1.0
200 1.9542425094393248
201 2.0413926851582254
207 1.6989700043360187
209 1.6989700043360187
211 1.0
214 1.4771212547196624
217 1.4771212547196624
218 1.0
220 1.0
221 1.0
222 1.6020599913279625
224 1.3010299956639813
229 1.0
236 1.0
244 1.0
245 1.0
251 1.6020599913279625
253 1.0
260 1.0
261 1.3010299956639813
262 1.0
263 1.6989700043360187
267 1.3010299956639813
268 1.0
270 1.0
271 1.0
273 1.3010299956639813
275 1.4771212547196624
276 1.0
279 2.0413926851582254
280 1.0
281 1.0
284 1.6020599913279625
285 1.4771212547196624
287 1.0
288 1.4771212547196624
290 1.0
291 1.9030899869919435
302 1.3010299956639813
303 1.4771212547196624
306 1.3010299956639813
307 1.4771212547196624
309 1.0
312 1.0
318 1.0
319 1.4771212547196624
322 1.7781512503836436
323 1.3010299956639813
326 1.3010299956639813
327 2.255272505103306
329 1.4771212547196624
332 1.3010299956639813
334 1.4771212547196624
337 1.4771212547196624
341 1.0
344 1.7781512503836436
349 1.9542425094393248
350 1.3010299956639813
353 1.0
364 1.4771212547196624
367 1.4771212547196624
368 1.4771212547196624
371 1.3010299956639813
375 1.3010299956639813
378 1.0
380 1.9030899869919435
387 1.0
388 1.0
389 1.0
391 1.3010299956639813
396 1.3010299956639813
397 1.0
400 1.9030899869919435
401 1.0
403 1.0
404 1.4771212547196624
406 1.3010299956639813
408 1.3010299956639813
409 1.0
410 1.0
411 1.4771212547196624
412 1.3010299956639813
415 1.3010299956639813
417 1.6989700043360187
422 1.4771212547196624
425 1.6020599913279625
429 1.0
432 1.3010299956639813
443 1.3010299956639813
445 1.3010299956639813
455 1.0
459 1.0
461 1.0
466 1.0
474 1.0
482 1.3010299956639813
494 1.3010299956639813
496 1.3010299956639813
497 1.9030899869919435
506 1.4771212547196624
507 1.6989700043360187
511 1.0
513 1.0
515 1.0
518 1.9030899869919435
528 1.0
529 1.4771212547196624
534 1.0
536 1.0
537 1.845098040014257
538 1.0
542 1.0
552 1.0
555 1.3010299956639813
559 1.0
565 1.4771212547196624
566 1.4771212547196624
567 1.3010299956639813
571 1.3010299956639813
573 1.0
574 1.0
576 1.4771212547196624
577 1.0
578 1.0
586 1.3010299956639813
588 1.6989700043360187
589 1.0
593 1.0
596 1.0
597 1.0
598 1.0
599 1.0
602 1.6989700043360187
603 1.6989700043360187
605 1.3010299956639813
606 1.3010299956639813
609 1.3010299956639813
612 1.3010299956639813
613 1.0
615 1.0
620 1.3010299956639813
622 1.4771212547196624
630 1.7781512503836436
635 1.0
636 1.0
638 1.0
645 1.0
647 1.0
662 1.0
664 1.0
666 1.3010299956639813
669 1.0
671 1.4771212547196624
674 1.0
675 1.0
676 1.3010299956639813
677 1.6020599913279625
678 1.3010299956639813
679 1.4771212547196624
681 1.0
682 1.6020599913279625
687 2.0413926851582254
689 1.9542425094393248
690 1.4771212547196624
692 1.6020599913279625
694 1.6020599913279625
697 1.0
698 1.3010299956639813
700 1.0
703 1.3010299956639813
704 1.845098040014257
705 1.0
706 1.4771212547196624
713 1.3010299956639813
715 1.6989700043360187
717 1.0
720 1.0
721 1.3010299956639813
722 1.0
723 1.0
724 2.079181246047625
727 1.0
728 1.4771212547196624
729 1.3010299956639813
731 1.3010299956639813
732 1.0
733 1.845098040014257
737 1.0
740 2.079181246047625
742 1.4771212547196624
743 1.0
748 1.0
751 1.0
754 1.0
755 1.4771212547196624
764 1.0
765 1.3010299956639813
769 1.3010299956639813
770 1.0
771 1.6020599913279625
779 1.3010299956639813
781 1.0
788 1.3010299956639813
790 1.7781512503836436
793 1.0
794 1.6020599913279625
795 1.3010299956639813
812 1.3010299956639813
815 1.0
823 1.4771212547196624
824 1.0
825 1.0
826 1.4771212547196624
827 1.0
831 1.0
836 1.0
838 1.9542425094393248
842 1.0
848 1.0
850 1.6020599913279625
854 1.0
855 1.3010299956639813
866 1.6020599913279625
868 2.0
869 2.0
870 1.3010299956639813
871 1.3010299956639813
872 1.0
874 1.3010299956639813
876 1.0
879 1.3010299956639813
889 1.6020599913279625
890 1.6020599913279625
893 1.4771212547196624
895 1.6020599913279625
897 1.0
901 1.6989700043360187
902 1.0
903 1.4771212547196624
906 1.0
908 1.0
911 1.0
914 1.0
924 1.0
926 1.3010299956639813
927 1.0
929 1.3010299956639813
940 1.0
941 1.3010299956639813
943 1.0
944 1.0
950 1.0
954 1.0
963 1.0
969 1.0
975 1.0
981 1.0
988 1.0
989 1.0
990 1.6989700043360187
991 1.3010299956639813
1003 1.0
1005 1.0
1014 1.0
1019 1.845098040014257
1020 1.0
1021 1.845098040014257
1023 1.4771212547196624
1026 1.0
1027 1.0
1028 1.0
1030 1.0
1032 1.3010299956639813
1033 1.0
1034 1.0
1038 1.3010299956639813
1048 1.3010299956639813
1054 1.6020599913279625
1055 1.9030899869919435
1071 1.0
1072 1.3010299956639813
1077 1.0
1079 1.0
1083 1.3010299956639813
1087 1.0
1089 1.0
1091 1.0
1093 1.0
1095 1.3010299956639813
1096 1.0
1099 1.3010299956639813
1104 1.0
1105 1.0
1106 1.0
1110 1.0
1115 1.3010299956639813
1116 1.3010299956639813
1117 1.0
1118 1.0
1121 1.3010299956639813
1123 1.0
1124 1.3010299956639813
1125 1.3010299956639813
1126 1.0
1127 1.3010299956639813
1128 1.3010299956639813
1129 1.3010299956639813
1130 1.3010299956639813
1137 1.0
1138 1.0
1139 1.0
1140 1.0
1143 1.0
1144 1.0
1147 1.0
1148 1.0
1151 1.0
1153 1.0
1158 1.0
1159 1.0
1160 1.7781512503836436
1165 1.0
1171 1.0
1173 1.0
1174 1.3010299956639813
1176 1.3010299956639813
1177 1.4771212547196624
1179 1.3010299956639813
1185 1.0
1193 1.0
1197 1.0
1198 1.3010299956639813
1203 1.0
1213 1.0
1228 1.0
1229 1.3010299956639813
1231 1.0
1232 1.3010299956639813
1234 1.0
1235 1.6989700043360187
1238 1.0
1239 1.0
1241 1.0
1243 1.0
1244 1.0
1251 1.0
1260 1.0
1265 1.0
1266 1.3010299956639813
1268 1.6020599913279625
1269 1.3010299956639813
1275 1.0
1277 1.3010299956639813
1283 1.0
1298 1.0
1308 1.0
1314 1.0
