3 1.0
15 1.0
48 1.0
74 1.0
75 1.0
81 1.0
84 1.0
90 1.0
91 1.0
99 1.0
110 1.4771212547196624
115 1.0
157 1.3010299956639813
207 1.3010299956639813
213 1.0
270 1.3010299956639813
362 1.0
376 1.0
392 1.0
398 1.0
405 1.0
418 1.0
433 1.0
434 1.0
444 1.0
446 1.0
456 1.0
535 1.0
543 1.0
544 1.0
570 1.0
572 1.0
581 1.0
609 1.3010299956639813
611 1.0
613 1.3010299956639813
615 1.0
619 1.0
633 1.3010299956639813
639 1.0
650 1.3010299956639813
669 1.0
681 1.0
696 1.0
703 1.0
764 1.0
805 1.0
808 1.3010299956639813
816 1.0
849 1.6020599913279625
867 1.0
892 1.3010299956639813
910 1.0
922 1.0
947 1.4771212547196624
965 1.0
977 1.0
1016 1.0
1021 1.3010299956639813
1041 1.4771212547196624
1129 1.3010299956639813
1130 1.3010299956639813
1135 1.0
1136 1.0
1150 1.0
1156 1.7781512503836436
1165 1.3010299956639813
1173 1.0
1214 1.0
1227 1.0
1231 1.3010299956639813
1250 1.0
1262 1.3010299956639813
1269 1.0
1276 1.4771212547196624
1277 1.0
1309 1.0
