0 1.0
6 1.0
10 1.0
14 1.0
18 1.7781512503836436
29 1.0
34 1.0
36 1.0
39 1.0
48 1.0
54 1.0
58 1.3010299956639813
69 1.3010299956639813
94 1.0
100 1.0
113 1.0
114 1.0
116 1.3010299956639813
139 1.0
161 1.3010299956639813
176 1.3010299956639813
193 1.0
210 1.0
247 1.0
253 1.845098040014257
265 1.6020599913279625
273 1.0
284 1.0
297 1.6020599913279625
305 1.4771212547196624
307 1.0
309 1.0
310 1.4771212547196624
344 1.0
355 1.3010299956639813
374 1.0
376 1.0
393 1.3010299956639813
398 1.7781512503836436
400 1.0
431 1.0
449 1.0
461 1.0
465 1.0
485 1.0
487 1.0
494 1.0
496 1.3010299956639813
498 1.0
500 1.0
516 1.0
518 1.0
521 1.0
523 1.3010299956639813
539 1.4771212547196624
540 1.0
541 1.4771212547196624
545 1.0
558 1.0
565 1.0
570 1.0
576 1.3010299956639813
577 1.0
581 1.0
584 1.0
585 1.0
588 2.0
589 1.0
600 1.0
601 1.0
607 1.3010299956639813
645 1.0
650 1.3010299956639813
651 1.3010299956639813
657 1.0
658 1.0
661 1.0
669 1.0
677 1.0
682 1.3010299956639813
686 1.0
688 1.0
692 1.3010299956639813
693 1.0
705 1.3010299956639813
708 1.0
711 1.3010299956639813
715 1.0
721 1.4771212547196624
724 1.0
737 1.0
740 1.6989700043360187
742 1.3010299956639813
752 1.0
756 1.0
765 1.4771212547196624
770 1.3010299956639813
771 1.0
775 1.3010299956639813
779 1.3010299956639813
781 1.3010299956639813
782 1.0
783 1.0
791 1.3010299956639813
794 1.6989700043360187
797 1.0
800 1.3010299956639813
802 1.3010299956639813
803 1.3010299956639813
814 1.0
837 1.0
842 1.4771212547196624
845 1.0
849 1.4771212547196624
851 1.3010299956639813
870 1.0
882 1.0
889 1.0
890 1.0
893 1.0
895 1.3010299956639813
898 1.0
903 1.6020599913279625
910 1.0
919 1.0
942 1.0
943 1.0
944 1.0
954 1.0
968 1.0
982 1.3010299956639813
983 1.0
1005 1.0
1015 1.0
1016 1.0
1029 1.0
1032 1.3010299956639813
1033 1.0
1038 1.6989700043360187
1041 1.0
1056 1.3010299956639813
1064 1.0
1072 1.0
1073 1.0
1082 1.3010299956639813
1105 1.0
1106 1.0
1115 1.0
1116 1.0
1121 1.0
1127 1.0
1128 1.0
1129 1.6020599913279625
1130 1.6020599913279625
1147 1.0
1148 1.0
1153 1.0
1158 1.0
1159 1.0
1160 1.0
1178 1.3010299956639813
1179 1.0
1183 1.0
1190 1.4771212547196624
1191 1.0
1192 1.0
1221 1.0
1242 1.0
1259 1.3010299956639813
1264 1.0
1268 1.0
1279 1.7781512503836436
1295 1.0
1310 1.0
1313 1.3010299956639813
1319 1.0
1321 1.0
