3 1.3010299956639813
9 1.0
11 1.0
15 1.0
16 1.0
26 1.0
32 1.4771212547196624
34 1.0
45 1.4771212547196624
53 1.3010299956639813
59 1.0
60 1.0
63 1.6020599913279625
65 1.0
69 1.3010299956639813
70 1.0
77 1.0
82 1.0
88 1.0
89 1.3010299956639813
90 1.0
93 1.0
94 1.3010299956639813
97 1.3010299956639813
99 1.0
103 1.0
104 1.0
106 1.0
108 1.0
109 1.0
113 1.3010299956639813
114 1.3010299956639813
118 1.0
123 1.3010299956639813
124 1.3010299956639813
126 1.0
127 1.0
134 1.0
137 1.4771212547196624
144 1.3010299956639813
148 1.0
152 1.3010299956639813
157 1.0
162 1.0
165 1.0
167 1.0
173 1.0
174 1.3010299956639813
180 1.0
186 1.0
187 1.0
189 1.3010299956639813
190 1.3010299956639813
192 1.0
193 1.6989700043360187
197 1.0
200 1.0
201 1.0
202 1.3010299956639813
208 1.0
210 1.0
218 1.0
223 1.3010299956639813
225 1.0
226 1.3010299956639813
229 1.0
233 1.0
234 1.0
236 1.0
237 1.0
243 1.0
245 1.0
247 1.3010299956639813
254 1.4771212547196624
257 1.3010299956639813
262 1.0
263 1.3010299956639813
276 1.3010299956639813
280 1.0
283 1.0
287 1.3010299956639813
293 1.0
296 1.0
297 1.0
303 1.0
319 1.6020599913279625
320 1.4771212547196624
321 1.0
325 1.0
333 1.0
338 1.0
341 1.0
346 1.0
349 1.4771212547196624
351 1.0
357 1.3010299956639813
360 1.4771212547196624
361 1.0
362 1.0
363 1.0
364 1.7781512503836436
368 1.0
371 1.0
372 1.3010299956639813
373 1.4771212547196624
378 1.3010299956639813
381 1.0
384 1.0
386 1.0
388 1.4771212547196624
389 1.0
395 1.0
396 1.0
401 1.0
407 1.0
409 1.0
415 1.0
417 1.3010299956639813
418 1.0
422 1.0
424 1.0
425 1.3010299956639813
429 1.0
437 1.0
440 1.3010299956639813
450 1.0
451 1.0
454 1.0
461 1.0
462 1.0
472 1.0
473 1.0
479 1.0
481 1.0
488 2.0
492 1.0
493 1.0
496 1.6989700043360187
497 1.0
500 1.0
501 1.0
505 1.4771212547196624
506 1.3010299956639813
513 1.0
517 1.0
518 1.0
520 1.0
534 1.3010299956639813
535 1.0
537 1.6989700043360187
546 1.4771212547196624
547 1.0
548 1.0
552 1.0
557 1.0
559 1.3010299956639813
565 1.0
575 1.0
576 1.0
578 1.0
586 1.0
587 1.0
595 1.0
597 1.0
598 1.0
602 1.6989700043360187
603 1.6989700043360187
605 1.6020599913279625
606 1.6020599913279625
608 1.0
609 1.0
610 1.0
613 1.0
615 1.0
620 1.0
622 1.0
629 1.0
633 1.3010299956639813
640 1.0
641 1.0
645 1.0
649 1.0
650 1.3010299956639813
656 1.0
657 1.0
664 1.6020599913279625
667 1.0
669 1.4771212547196624
670 1.9542425094393248
671 1.3010299956639813
674 1.0
675 1.0
677 1.3010299956639813
678 1.0
681 1.4771212547196624
682 1.0
685 1.3010299956639813
687 1.3010299956639813
688 1.0
689 1.0
691 1.0
692 1.0
695 1.0
696 1.6989700043360187
697 1.3010299956639813
698 1.0
700 1.4771212547196624
702 1.0
704 1.3010299956639813
706 1.3010299956639813
707 1.0
711 1.0
713 1.0
715 1.0
721 1.0
724 1.0
725 1.0
735 1.3010299956639813
739 1.0
743 1.0
751 1.0
756 1.0
759 1.0
761 1.0
763 1.0
769 1.6020599913279625
770 1.3010299956639813
779 1.3010299956639813
788 1.4771212547196624
794 1.0
795 1.3010299956639813
800 1.0
802 1.0
803 1.0
804 1.0
813 1.0
814 1.3010299956639813
819 1.0
823 1.3010299956639813
830 1.0
832 1.0
833 1.0
838 1.0
839 1.0
840 1.0
843 1.4771212547196624
855 1.0
864 1.0
866 1.0
867 1.0
868 1.0
869 1.0
881 1.0
883 1.0
895 1.0
897 1.0
898 1.0
901 1.4771212547196624
906 1.4771212547196624
908 1.0
918 1.0
942 1.0
948 1.0
978 1.0
979 1.0
994 1.0
1001 1.0
1004 1.0
1011 1.3010299956639813
1012 1.3010299956639813
1021 1.3010299956639813
1027 1.6020599913279625
1038 1.0
1045 1.0
1047 1.0
1049 1.0
1052 1.3010299956639813
1054 1.7781512503836436
1061 1.3010299956639813
1062 1.0
1063 1.0
1068 1.0
1073 1.6020599913279625
1080 1.0
1083 1.0
1085 1.3010299956639813
1092 1.0
1094 1.0
1095 1.0
1096 1.0
1097 1.0
1099 1.0
1111 1.3010299956639813
1112 1.3010299956639813
1114 1.0
1117 1.0
1118 1.0
1119 1.3010299956639813
1127 1.0
1128 1.0
1129 1.6989700043360187
1130 1.6989700043360187
1139 1.0
1140 1.0
1145 1.0
1146 1.0
1147 1.4771212547196624
1148 1.4771212547196624
1149 1.0
1150 1.0
1154 1.0
1160 1.3010299956639813
1162 1.0
1165 1.0
1166 1.0
1173 1.0
1174 1.0
1180 1.0
1182 1.3010299956639813
1183 1.0
1185 1.4771212547196624
1186 1.0
1189 1.0
1193 1.7781512503836436
1196 1.0
1204 1.0
1212 1.0
1213 1.0
1217 1.0
1220 1.0
1227 1.0
1234 1.4771212547196624
1236 1.0
1241 1.0
1246 1.0
1252 1.0
1254 1.0
1265 1.3010299956639813
1272 1.0
1273 1.0
1274 1.0
1277 1.3010299956639813
1289 1.0
1293 1.0
1301 1.0
1303 1.3010299956639813
1304 1.0
1310 1.0
1311 1.0
1318 1.0
1321 1.3010299956639813
