38 1.3010299956639813
53 1.0
103 1.3010299956639813
133 1.0
146 1.0
148 1.0
157 1.0
167 1.845098040014257
182 1.0
189 1.0
190 1.0
265 1.0
277 1.0
288 1.0
297 1.0
304 1.0
306 1.0
322 1.0
334 1.0
336 1.0
364 1.0
368 1.0
369 1.9030899869919435
378 1.0
395 1.3010299956639813
396 1.0
415 1.0
442 1.0
444 1.0
497 1.0
518 1.0
523 1.0
561 1.0
573 1.0
574 1.0
586 1.0
721 1.0
731 1.0
756 1.0
761 1.0
779 1.0
810 1.0
839 1.0
840 1.0
871 1.0
992 1.0
1013 1.0
1027 1.9542425094393248
1049 1.0
1074 1.0
1075 1.0
1153 1.3010299956639813
1165 1.0
1166 1.0
1183 1.0
1198 1.0
1238 1.0
