0 1.3010299956639813
3 1.0
5 1.3010299956639813
6 1.0
7 1.0
20 1.0
22 1.4771212547196624
39 1.7781512503836436
41 1.0
43 1.0
47 1.0
54 1.0
55 1.0
58 1.0
77 1.0
79 1.0
83 1.0
91 1.0
92 1.3010299956639813
118 1.3010299956639813
125 1.0
128 1.3010299956639813
132 1.0
138 1.0
142 1.4771212547196624
146 1.0
153 1.7781512503836436
176 1.0
177 1.3010299956639813
189 1.0
192 2.204119982655925
197 1.7781512503836436
206 1.0
209 1.0
218 1.0
245 1.0
248 1.0
254 1.0
267 1.0
268 1.0
270 1.7781512503836436
273 1.3010299956639813
274 1.0
281 1.3010299956639813
288 1.0
297 1.0
304 1.6020599913279625
305 1.0
311 1.0
323 1.0
337 1.3010299956639813
344 1.0
354 1.3010299956639813
363 1.0
365 1.0
367 1.0
368 1.0
383 1.0
384 1.4771212547196624
393 1.0
400 1.0
409 1.3010299956639813
412 1.3010299956639813
422 1.0
430 1.0
440 1.0
444 1.0
448 1.0
450 1.0
459 1.0
474 1.0
481 1.0
487 1.0
488 1.0
493 1.4771212547196624
497 1.0
501 1.0
506 1.0
508 1.0
509 1.0
518 1.0
523 1.0
532 1.0
542 1.0
554 1.0
555 1.3010299956639813
572 1.0
580 1.0
587 1.0
592 1.0
614 1.0
615 1.6989700043360187
620 1.4771212547196624
626 1.0
631 1.0
635 1.3010299956639813
640 1.0
676 1.0
681 1.0
686 1.0
687 1.3010299956639813
689 1.0
692 1.7781512503836436
693 1.0
698 1.0
699 1.0
703 1.0
705 1.3010299956639813
719 1.0
721 1.0
730 1.4771212547196624
743 1.3010299956639813
751 1.0
755 1.0
771 1.0
802 1.3010299956639813
803 1.3010299956639813
804 1.3010299956639813
824 1.0
825 1.0
830 1.0
838 1.6020599913279625
841 1.0
848 1.0
850 1.0
855 1.0
858 1.0
859 1.0
864 1.3010299956639813
867 1.0
894 1.0
910 1.4771212547196624
917 1.0
923 1.0
925 1.0
926 1.0
930 1.0
938 1.6020599913279625
942 1.4771212547196624
948 1.0
950 1.4771212547196624
959 1.0
960 1.0
962 1.0
969 1.0
978 1.7781512503836436
981 1.0
989 1.0
990 1.0
991 1.0
994 1.0
997 1.4771212547196624
1000 1.3010299956639813
1008 1.0
1016 1.0
1021 1.0
1025 1.0
1026 2.361727836017593
1028 1.3010299956639813
1040 1.0
1048 1.4771212547196624
1065 1.0
1073 1.0
1096 1.0
1105 1.0
1106 1.0
1111 1.0
1112 1.0
1129 1.4771212547196624
1130 1.4771212547196624
1137 1.0
1138 1.0
1140 1.0
1141 1.0
1142 1.0
1143 1.6020599913279625
1144 1.6020599913279625
1150 1.0
1155 1.3010299956639813
1163 1.0
1167 1.0
1169 1.0
1185 1.3010299956639813
1193 1.0
1195 1.3010299956639813
1236 1.0
1241 1.0
1243 1.0
1273 1.4771212547196624
1285 1.0
1304 1.0
1318 1.0
1321 1.0
