2 1.3010299956639813
5 1.0
6 1.0
10 1.3010299956639813
11 1.6989700043360187
12 1.0
13 1.3010299956639813
26 1.3010299956639813
29 1.0
32 1.3010299956639813
33 1.0
34 1.3010299956639813
39 1.4771212547196624
43 1.0
58 1.0
73 1.0
83 1.0
88 1.0
96 1.3010299956639813
100 1.0
110 1.0
208 1.0
214 1.0
217 1.0
223 1.0
224 1.0
261 1.0
272 1.3010299956639813
277 1.0
280 1.0
288 1.0
289 1.0
297 1.0
298 1.0
306 1.0
312 1.0
314 1.0
316 1.0
346 1.0
357 1.0
379 1.6020599913279625
383 1.0
403 1.0
408 1.0
412 1.0
417 1.0
421 1.0
424 1.4771212547196624
425 1.0
430 1.3010299956639813
440 1.0
448 1.0
449 1.0
452 1.3010299956639813
455 1.3010299956639813
474 1.0
479 1.0
496 1.0
497 1.3010299956639813
499 1.0
540 1.3010299956639813
550 1.0
566 1.0
567 1.0
575 1.7781512503836436
587 1.0
588 1.0
592 1.4771212547196624
599 1.0
613 1.0
622 1.0
624 1.3010299956639813
630 1.0
645 1.0
652 1.3010299956639813
658 1.3010299956639813
659 1.0
667 1.3010299956639813
677 1.0
689 1.0
690 1.3010299956639813
696 1.0
706 1.0
725 1.0
743 1.0
748 1.0
750 1.0
758 1.0
761 1.0
765 1.0
769 1.0
771 1.0
794 1.3010299956639813
795 1.3010299956639813
802 1.0
803 1.0
812 1.0
821 1.0
845 1.0
855 1.3010299956639813
868 1.0
869 1.0
870 1.3010299956639813
872 1.0
876 1.0
885 1.0
903 1.4771212547196624
906 1.0
940 1.0
962 1.0
982 1.0
986 1.3010299956639813
1007 1.0
1008 1.0
1009 1.0
1047 1.3010299956639813
1054 1.0
1055 1.0
1068 1.0
1072 1.6989700043360187
1073 1.3010299956639813
1078 1.0
1083 1.0
1085 1.0
1087 1.3010299956639813
1096 1.0
1113 1.6020599913279625
1119 1.3010299956639813
1134 1.0
1160 1.0
1162 1.0
1167 1.3010299956639813
1170 1.4771212547196624
1194 1.0
1197 1.3010299956639813
1198 1.0
1201 1.3010299956639813
1238 1.0
1257 1.0
1278 1.0
1285 1.0
1291 1.0
1300 1.7781512503836436
