2 1.0
12 1.0
22 1.0
68 1.0
77 1.0
91 1.0
119 1.0
149 1.0
193 1.0
216 1.0
218 1.0
230 1.0
278 1.0
298 1.0
316 1.0
318 1.0
344 1.6020599913279625
376 1.0
379 1.0
393 1.0
394 1.0
409 1.3010299956639813
422 1.0
427 1.0
450 1.3010299956639813
460 1.0
462 1.0
498 1.0
575 1.0
588 1.0
613 1.0
632 1.0
681 1.0
685 1.0
687 1.0
688 1.0
702 1.3010299956639813
720 1.0
749 1.0
761 1.0
770 1.3010299956639813
771 1.0
788 1.0
795 1.0
802 1.0
803 1.0
824 1.0
825 1.0
829 1.0
906 1.0
948 1.3010299956639813
950 1.0
1000 1.0
1002 1.0
1008 1.3010299956639813
1032 1.0
1042 1.0
1047 1.0
1082 1.0
1086 1.0
1113 1.0
1129 1.3010299956639813
1130 1.3010299956639813
1155 1.0
1167 1.0
1168 1.0
1170 1.0
1181 1.0
1187 1.7781512503836436
1210 1.3010299956639813
1221 1.0
1222 1.0
1260 1.0
