5 1.4771212547196624
13 1.0
21 1.0
24 1.0
34 1.0
45 1.0
51 1.0
56 1.0
58 1.3010299956639813
65 1.0
84 1.3010299956639813
96 1.3010299956639813
111 1.0
116 1.0
127 1.0
130 1.0
132 1.0
140 1.0
148 1.0
171 1.0
177 1.0
180 1.0
268 1.3010299956639813
273 1.0
305 1.0
318 1.0
341 1.0
374 1.0
394 1.0
400 1.0
409 1.0
412 1.0
440 1.0
442 1.0
444 1.0
452 1.0
455 1.0
457 1.0
459 1.3010299956639813
462 1.3010299956639813
463 1.0
472 1.0
474 1.3010299956639813
482 1.0
497 1.0
510 1.3010299956639813
522 1.0
540 1.0
550 1.0
561 1.0
567 1.0
570 1.0
599 1.0
627 1.0
669 1.3010299956639813
674 1.0
675 1.0
676 1.0
682 1.3010299956639813
694 1.3010299956639813
698 1.0
703 1.0
722 1.0
723 1.0
726 1.0
742 1.0
754 1.0
761 1.0
790 1.3010299956639813
795 1.0
796 1.0
832 1.0
833 1.0
838 1.3010299956639813
839 1.0
840 1.0
850 1.3010299956639813
851 1.0
867 1.0
885 1.0
918 1.0
941 1.0
954 1.0
1021 1.0
1045 1.0
1049 1.0
1050 1.0
1054 1.0
1068 1.0
1086 1.0
1096 1.0
1102 1.0
1104 1.0
1110 1.0
1141 1.3010299956639813
1142 1.3010299956639813
1143 1.0
1144 1.0
1160 1.4771212547196624
1213 1.0
1224 1.0
1251 1.0
1259 1.0
1264 1.3010299956639813
1265 1.0
1267 1.3010299956639813
1269 1.3010299956639813
1272 1.3010299956639813
1275 1.0
1285 1.0
1286 1.0
1289 1.0
1293 1.0
1297 1.3010299956639813
1298 1.0
1302 1.0
1307 1.0
1322 1.0
