2 1.0
3 1.0
6 1.0
9 1.0
49 1.0
54 1.0
58 1.0
59 1.0
60 1.0
62 1.0
71 1.0
81 1.0
100 1.0
111 1.4771212547196624
116 1.0
121 1.0
128 1.0
130 1.0
136 1.3010299956639813
148 1.0
165 1.0
176 1.0
193 1.0
220 1.0
221 1.0
224 1.0
229 1.0
249 1.3010299956639813
252 1.0
261 1.0
272 1.4771212547196624
289 1.4771212547196624
307 1.0
309 1.0
315 1.0
329 1.0
347 1.0
350 1.0
352 1.6020599913279625
361 1.0
388 1.0
412 1.0
420 1.0
421 1.0
447 1.0
450 1.0
453 1.0
459 1.0
464 1.0
472 1.0
478 1.0
482 1.3010299956639813
483 1.0
487 1.0
493 1.0
496 1.0
498 1.4771212547196624
500 1.0
515 1.0
516 1.0
524 1.0
530 1.0
538 1.0
545 1.0
550 1.3010299956639813
551 1.0
552 1.0
555 1.0
558 1.0
567 1.0
589 1.3010299956639813
591 1.0
592 1.3010299956639813
612 1.0
622 1.0
628 1.0
632 1.0
634 1.0
640 1.0
720 1.0
732 1.0
749 1.0
794 1.0
807 1.3010299956639813
810 1.0
815 1.0
824 1.0
825 1.0
827 1.0
837 1.0
851 1.0
871 1.0
892 1.0
896 1.0
903 1.4771212547196624
915 1.0
918 1.0
922 1.0
929 1.0
939 1.0
951 1.0
965 1.0
973 1.0
982 1.0
996 1.0
999 1.0
1049 1.0
1065 1.0
1068 1.0
1079 1.0
1110 1.3010299956639813
1141 1.3010299956639813
1142 1.3010299956639813
1153 1.0
1176 1.3010299956639813
1185 1.0
1186 1.0
1196 1.3010299956639813
1219 1.0
1263 1.0
1278 1.0
1289 1.0
1293 1.3010299956639813
1313 1.0
