6 1.3010299956639813
14 1.0
116 1.0
154 1.0
173 1.0
174 1.0
185 1.0
195 1.3010299956639813
223 1.0
231 1.0
265 1.3010299956639813
272 1.4771212547196624
285 1.0
297 1.0
307 1.3010299956639813
309 1.3010299956639813
333 1.3010299956639813
346 1.0
350 1.0
403 1.0
421 1.0
429 1.0
506 1.0
564 1.0
567 1.0
589 1.6989700043360187
613 1.3010299956639813
623 1.0
689 1.0
713 1.0
715 1.0
730 1.0
744 1.0
761 1.3010299956639813
772 1.0
783 1.0
789 1.0
797 1.0
812 1.3010299956639813
832 1.0
833 1.0
837 1.6020599913279625
845 1.0
849 1.0
906 1.3010299956639813
924 1.0
926 1.0
928 1.0
940 1.4771212547196624
941 1.3010299956639813
995 1.0
1034 1.0
1165 1.0
1182 1.0
1241 1.0
1278 1.0
