83 1.3010299956639813
100 1.0
132 1.4771212547196624
157 1.6020599913279625
208 1.0
230 1.0
249 1.0
270 1.6020599913279625
273 1.0
274 1.4771212547196624
275 1.0
301 1.0
307 1.4771212547196624
310 1.0
341 1.4771212547196624
346 1.0
401 1.3010299956639813
402 1.0
431 1.0
441 1.0
445 1.0
449 1.0
456 1.0
482 1.3010299956639813
506 1.0
540 1.0
550 1.0
567 1.0
580 1.0
592 1.3010299956639813
596 1.0
608 1.0
645 1.0
652 1.0
655 1.0
658 1.0
665 1.0
688 1.3010299956639813
693 1.0
736 1.0
761 1.0
769 1.0
776 1.0
802 1.0
803 1.0
839 1.0
840 1.0
847 1.0
850 1.4771212547196624
870 1.0
893 1.0
904 1.0
914 1.0
922 1.3010299956639813
926 1.3010299956639813
929 1.3010299956639813
941 1.0
943 1.0
944 1.0
954 1.0
979 1.0
980 1.0
989 1.3010299956639813
1010 1.0
1035 1.0
1045 1.3010299956639813
1089 1.0
1102 1.0
1103 1.0
1126 1.0
1129 1.0
1130 1.0
1141 1.0
1142 1.0
1151 1.0
1165 1.3010299956639813
1193 1.0
1214 1.0
1227 1.0
1228 1.0
1266 1.0
