1 1.0
26 1.0
32 1.0
41 1.0
61 1.3010299956639813
66 1.0
72 1.0
168 1.0
234 1.0
272 1.0
274 1.0
316 1.0
319 1.6989700043360187
329 1.0
400 1.0
401 1.0
424 1.0
444 1.0
482 1.0
592 1.0
615 1.0
620 1.0
621 1.0
643 1.0
695 1.0
711 1.0
742 1.6020599913279625
743 1.0
811 1.0
845 1.3010299956639813
878 1.3010299956639813
906 1.0
929 1.0
982 1.3010299956639813
1001 1.0
1013 1.0
1045 1.0
1061 1.0
1063 1.3010299956639813
1078 1.0
1131 1.0
1132 1.0
1137 1.0
1138 1.0
1139 1.0
1140 1.3010299956639813
1183 1.0
1246 1.0
1261 1.0
1298 1.0
1304 1.0
