15 1.6020599913279625
21 1.0
36 1.0
41 1.3010299956639813
52 1.3010299956639813
77 1.0
81 1.3010299956639813
84 1.0
86 1.6989700043360187
88 1.6020599913279625
89 1.3010299956639813
96 1.4771212547196624
100 1.4771212547196624
102 1.0
104 1.0
107 1.0
111 1.0
117 1.6020599913279625
131 1.4771212547196624
132 1.3010299956639813
135 1.4771212547196624
144 1.0
149 1.3010299956639813
150 1.0
163 1.0
179 1.3010299956639813
180 1.845098040014257
181 1.0
185 1.3010299956639813
186 1.0
187 1.0
190 1.3010299956639813
191 1.0
193 1.6020599913279625
207 1.4771212547196624
230 1.0
234 1.6020599913279625
237 1.3010299956639813
243 1.3010299956639813
250 1.0
251 1.0
254 1.3010299956639813
261 1.0
262 1.0
268 2.414973347970818
272 1.0
275 1.0
279 1.0
283 1.0
294 1.6020599913279625
298 1.0
303 1.0
306 1.0
314 1.0
322 1.0
323 1.0
326 1.6020599913279625
337 1.6989700043360187
341 1.4771212547196624
344 1.0
346 1.0
349 1.6989700043360187
353 1.4771212547196624
355 1.0
359 1.0
364 2.0413926851582254
367 1.3010299956639813
380 1.6989700043360187
391 1.3010299956639813
400 1.0
401 1.3010299956639813
404 1.3010299956639813
406 1.4771212547196624
409 1.0
411 1.0
413 1.0
420 1.0
424 1.0
429 1.0
442 1.0
450 1.0
452 1.0
456 1.0
464 1.0
473 1.4771212547196624
474 1.6020599913279625
476 1.0
477 1.0
483 1.3010299956639813
496 1.3010299956639813
498 1.6989700043360187
499 1.3010299956639813
507 1.0
514 1.0
516 1.0
518 1.0
534 1.4771212547196624
539 1.3010299956639813
541 1.3010299956639813
543 1.0
544 1.0
545 1.0
555 1.4771212547196624
558 1.0
560 2.0413926851582254
568 1.0
569 1.0
572 1.0
586 1.0
587 1.3010299956639813
588 1.6989700043360187
589 1.4771212547196624
592 1.0
593 1.0
595 1.6020599913279625
599 1.0
602 1.0
603 1.0
604 1.3010299956639813
611 1.4771212547196624
614 1.0
617 1.0
626 1.0
630 1.3010299956639813
637 1.3010299956639813
638 1.0
640 1.0
676 1.0
677 1.0
689 1.3010299956639813
692 1.0
696 1.0
698 1.0
705 1.0
706 1.0
711 1.0
720 1.0
741 1.0
749 1.0
763 1.0
770 1.0
771 1.4771212547196624
783 1.0
787 1.3010299956639813
794 1.3010299956639813
807 1.0
814 1.0
824 1.4771212547196624
825 1.4771212547196624
834 1.0
835 1.0
841 1.4771212547196624
843 1.3010299956639813
845 1.3010299956639813
848 1.3010299956639813
850 1.6989700043360187
851 1.3010299956639813
859 1.0
868 1.3010299956639813
869 1.3010299956639813
871 1.0
872 1.0
882 1.0
893 1.6020599913279625
901 1.3010299956639813
903 1.0
904 1.3010299956639813
906 1.3010299956639813
911 1.4771212547196624
927 1.3010299956639813
929 1.0
931 1.3010299956639813
932 1.3010299956639813
941 1.0
942 1.7781512503836436
950 1.4771212547196624
954 1.0
969 1.4771212547196624
981 1.3010299956639813
983 1.0
991 1.3010299956639813
1002 1.3010299956639813
1003 1.6020599913279625
1008 1.0
1011 1.0
1012 1.0
1015 1.3010299956639813
1016 1.3010299956639813
1018 1.0
1024 1.845098040014257
1035 1.3010299956639813
1036 1.0
1043 1.0
1045 1.0
1048 1.6020599913279625
1054 1.0
1055 1.0
1057 1.3010299956639813
1058 1.3010299956639813
1064 1.0
1065 1.3010299956639813
1072 1.4771212547196624
1085 1.0
1086 1.0
1090 1.0
1096 1.4771212547196624
1097 1.0
1098 1.0
1100 1.0
1117 1.3010299956639813
1118 1.3010299956639813
1119 1.0
1121 1.0
1129 1.6020599913279625
1130 1.6020599913279625
1135 1.0
1136 1.0
1147 1.0
1148 1.0
1157 1.0
1159 2.1760912590556813
1162 1.0
1173 1.0
1174 1.4771212547196624
1181 1.0
1187 1.0
1202 1.0
1204 1.0
1206 1.6020599913279625
1211 1.0
1214 1.0
1218 1.0
1222 1.0
1226 1.0
1228 1.0
1236 1.6020599913279625
1239 1.0
1242 1.3010299956639813
1251 1.0
1254 1.0
1257 1.0
1258 1.0
1266 1.0
1268 1.0
1271 1.0
1274 1.3010299956639813
1278 1.0
1279 1.3010299956639813
1281 1.0
1291 1.0
1294 1.0
1303 1.6989700043360187
1304 1.0
1309 1.0
1311 1.0
1313 1.3010299956639813
1315 1.4771212547196624
1323 1.0
