5 1.0
10 1.0
12 1.3010299956639813
22 1.3010299956639813
23 1.4771212547196624
43 1.3010299956639813
45 1.0
47 1.0
54 1.0
61 1.0
91 1.0
121 1.0
181 1.0
198 1.0
214 1.4771212547196624
220 1.4771212547196624
221 1.0
225 1.3010299956639813
233 1.0
244 1.4771212547196624
272 1.3010299956639813
274 1.3010299956639813
300 1.4771212547196624
309 1.3010299956639813
329 1.0
398 1.0
399 1.0
401 1.3010299956639813
425 1.0
433 1.0
440 1.0
444 1.0
468 1.0
491 1.3010299956639813
493 1.0
496 1.3010299956639813
521 1.3010299956639813
577 1.0
588 1.4771212547196624
615 1.0
621 1.3010299956639813
624 1.0
645 1.0
651 1.0
710 1.0
723 1.0
734 1.0
744 1.0
750 1.0
768 1.0
771 1.3010299956639813
772 1.0
780 1.0
797 1.6020599913279625
800 1.3010299956639813
821 2.0413926851582254
826 1.0
837 1.0
849 1.4771212547196624
870 1.0
892 1.0
896 1.4771212547196624
906 1.4771212547196624
915 1.0
918 1.0
919 1.0
924 1.0
936 1.0
939 1.0
940 1.3010299956639813
952 1.3010299956639813
964 1.0
984 1.0
994 1.3010299956639813
1002 1.3010299956639813
1070 1.3010299956639813
1082 1.0
1086 1.0
1090 1.0
1161 1.4771212547196624
1177 1.0
1194 1.0
1198 1.0
1210 1.0
1219 1.3010299956639813
1222 1.0
1245 1.0
1259 1.0
1285 1.0
1304 1.3010299956639813
