0 1.3010299956639813
1 1.0
2 1.0
7 1.4771212547196624
8 1.0
11 1.4771212547196624
12 1.0
17 1.0
19 1.0
20 1.6989700043360187
21 1.3010299956639813
26 1.0
28 1.0
29 1.3010299956639813
33 1.0
43 1.3010299956639813
46 1.6989700043360187
47 2.0413926851582254
53 1.3010299956639813
56 1.6020599913279625
58 1.3010299956639813
70 1.0
77 1.0
80 1.3010299956639813
82 1.0
94 1.7781512503836436
95 1.0
96 1.6989700043360187
98 1.3010299956639813
100 1.9030899869919435
113 1.6989700043360187
114 1.6989700043360187
116 1.0
119 1.0
132 1.845098040014257
134 1.3010299956639813
137 1.3010299956639813
153 1.0
157 1.4771212547196624
161 1.4771212547196624
167 1.0
170 1.3010299956639813
180 1.3010299956639813
184 1.0
185 1.6020599913279625
187 1.0
189 1.3010299956639813
193 2.230448921378274
194 1.0
195 1.0
207 1.4771212547196624
213 1.3010299956639813
220 1.9542425094393248
243 1.4771212547196624
245 1.7781512503836436
251 1.845098040014257
263 1.3010299956639813
268 1.0
274 1.0
275 1.0
280 2.079181246047625
287 1.6020599913279625
291 1.0
302 1.0
303 1.0
306 1.3010299956639813
310 1.3010299956639813
313 1.3010299956639813
316 1.6020599913279625
319 1.6989700043360187
320 1.3010299956639813
322 1.0
325 1.3010299956639813
329 1.0
331 1.0
333 1.3010299956639813
337 1.845098040014257
341 1.0
342 1.0
344 1.0
346 1.0
349 1.7781512503836436
353 1.9030899869919435
354 1.3010299956639813
360 1.6020599913279625
362 1.3010299956639813
364 2.4313637641589874
367 1.6020599913279625
371 1.6989700043360187
375 1.845098040014257
378 1.0
382 1.0
386 1.6020599913279625
397 1.4771212547196624
407 1.3010299956639813
408 1.0
411 1.0
416 1.0
417 1.0
427 1.3010299956639813
430 1.3010299956639813
436 1.3010299956639813
440 1.845098040014257
442 1.4771212547196624
445 1.6020599913279625
452 1.6020599913279625
455 1.3010299956639813
459 1.3010299956639813
461 1.4771212547196624
465 1.6020599913279625
468 1.0
472 1.0
473 1.6989700043360187
475 1.0
491 1.0
505 1.3010299956639813
506 1.3010299956639813
507 1.0
511 1.0
513 1.3010299956639813
514 1.3010299956639813
518 1.0
526 1.4771212547196624
532 1.4771212547196624
535 1.3010299956639813
554 1.7781512503836436
558 1.0
561 1.0
567 1.0
586 1.3010299956639813
589 1.0
591 1.4771212547196624
597 1.845098040014257
598 1.845098040014257
605 1.0
606 1.0
609 1.6020599913279625
620 1.4771212547196624
625 1.0
630 1.6020599913279625
637 1.6989700043360187
642 1.0
643 1.4771212547196624
660 1.6020599913279625
668 1.3010299956639813
671 1.0
676 1.4771212547196624
682 1.3010299956639813
687 1.6020599913279625
692 1.7781512503836436
698 1.4771212547196624
699 1.3010299956639813
700 1.3010299956639813
703 1.6989700043360187
705 2.0413926851582254
712 1.6020599913279625
717 1.4771212547196624
724 1.0
732 1.3010299956639813
742 1.0
748 1.4771212547196624
749 1.3010299956639813
770 1.4771212547196624
779 1.3010299956639813
811 1.4771212547196624
815 1.4771212547196624
823 1.0
829 1.4771212547196624
834 1.0
835 1.0
839 1.0
840 1.0
842 1.0
849 1.0
851 1.0
859 1.0
862 1.4771212547196624
864 1.7781512503836436
866 1.0
872 1.6989700043360187
875 1.0
879 1.3010299956639813
896 1.0
901 1.3010299956639813
902 1.3010299956639813
918 1.4771212547196624
927 1.6020599913279625
929 1.3010299956639813
939 1.4771212547196624
942 1.4771212547196624
943 1.6020599913279625
944 1.6020599913279625
948 1.0
961 1.0
969 1.6020599913279625
981 1.3010299956639813
991 1.6020599913279625
1002 1.0
1008 1.0
1015 1.7781512503836436
1016 1.845098040014257
1020 1.0
1027 1.4771212547196624
1033 1.6020599913279625
1047 1.0
1051 1.4771212547196624
1052 2.0
1054 1.0
1062 1.0
1065 1.0
1068 1.9542425094393248
1070 1.3010299956639813
1071 1.0
1072 1.6020599913279625
1073 1.6989700043360187
1095 1.0
1096 1.3010299956639813
1108 1.0
1113 2.0413926851582254
1121 1.3010299956639813
1125 1.3010299956639813
1129 2.255272505103306
1130 2.255272505103306
1143 1.6989700043360187
1144 1.6989700043360187
1145 1.0
1146 1.0
1147 1.6020599913279625
1148 1.6020599913279625
1155 1.3010299956639813
1169 1.3010299956639813
1170 1.6020599913279625
1171 1.0
1177 1.6020599913279625
1183 1.0
1193 1.0
1210 1.4771212547196624
1214 1.0
1219 1.3010299956639813
1226 1.3010299956639813
1240 1.0
1242 1.3010299956639813
1250 1.7781512503836436
1257 1.0
1263 1.3010299956639813
1266 1.6020599913279625
1268 1.6020599913279625
1272 1.6989700043360187
1276 1.0
1277 1.6989700043360187
1280 1.0
1285 1.7781512503836436
1291 1.0
1299 1.3010299956639813
1301 1.0
1302 1.4771212547196624
1313 2.0413926851582254
