0 1.0
3 1.3010299956639813
5 1.0
9 1.3010299956639813
13 1.0
15 1.0
18 1.4771212547196624
20 1.4771212547196624
22 1.0
23 1.0
27 1.3010299956639813
34 1.0
37 1.0
40 1.0
41 1.4771212547196624
45 1.4771212547196624
48 1.6020599913279625
49 1.845098040014257
50 1.3010299956639813
51 1.0
56 1.3010299956639813
61 1.0
67 1.0
71 1.0
74 1.3010299956639813
75 1.3010299956639813
79 1.0
80 1.0
81 1.3010299956639813
86 1.3010299956639813
88 1.0
89 1.6989700043360187
90 1.0
97 1.0
100 1.845098040014257
101 1.3010299956639813
107 1.3010299956639813
113 1.0
114 1.0
117 1.0
120 1.4771212547196624
122 1.0
123 1.0
124 1.0
127 1.9030899869919435
131 1.6020599913279625
132 1.7781512503836436
134 1.0
136 1.3010299956639813
139 1.0
144 1.6989700043360187
145 1.6020599913279625
146 1.3010299956639813
148 1.0
156 1.0
158 1.3010299956639813
159 1.0
161 1.3010299956639813
162 1.0
163 1.0
170 1.0
171 1.6020599913279625
172 1.7781512503836436
173 1.4771212547196624
176 1.3010299956639813
178 1.3010299956639813
182 1.6020599913279625
183 2.079181246047625
185 1.4771212547196624
189 1.0
193 1.0
197 1.3010299956639813
198 1.3010299956639813
203 1.4771212547196624
205 1.7781512503836436
206 1.845098040014257
207 1.3010299956639813
209 2.3222192947339195
210 1.7781512503836436
211 2.230448921378274
213 1.0
214 1.9542425094393248
216 1.6020599913279625
217 2.0413926851582254
218 1.7781512503836436
219 2.0
220 1.9030899869919435
222 1.6989700043360187
223 1.4771212547196624
224 1.9542425094393248
225 1.0
226 1.3010299956639813
228 1.0
229 1.3010299956639813
230 1.0
231 1.6020599913279625
233 1.0
235 1.6989700043360187
236 1.4771212547196624
238 1.3010299956639813
240 1.6020599913279625
243 1.3010299956639813
244 1.0
245 1.3010299956639813
246 1.6020599913279625
247 1.0
248 1.7781512503836436
249 1.845098040014257
251 1.4771212547196624
254 1.0
255 1.4771212547196624
256 1.3010299956639813
257 1.0
259 1.0
260 2.0
264 1.0
270 1.0
271 1.845098040014257
273 1.6989700043360187
276 1.0
278 1.6989700043360187
280 1.3010299956639813
285 1.0
286 1.0
287 1.4771212547196624
288 1.3010299956639813
293 1.0
298 1.0
300 1.7781512503836436
301 1.4771212547196624
304 1.4771212547196624
305 1.0
306 1.0
310 1.0
311 1.3010299956639813
312 1.3010299956639813
313 1.0
316 1.4771212547196624
317 1.0
318 1.0
319 1.6020599913279625
323 1.3010299956639813
326 1.3010299956639813
327 1.3010299956639813
333 1.0
334 1.0
337 1.6020599913279625
349 1.6020599913279625
353 1.0
354 1.0
358 1.3010299956639813
361 1.4771212547196624
364 2.1760912590556813
367 1.4771212547196624
375 1.0
379 1.3010299956639813
380 1.845098040014257
383 1.0
386 1.0
387 1.0
388 1.3010299956639813
390 1.0
394 1.4771212547196624
395 1.0
400 1.0
403 1.3010299956639813
405 1.0
407 1.0
409 1.845098040014257
412 1.6020599913279625
414 1.0
415 1.0
422 1.0
425 1.3010299956639813
427 1.0
430 1.0
433 1.0
434 1.0
435 1.0
436 1.0
437 1.0
439 1.6989700043360187
440 1.7781512503836436
442 1.0
445 1.0
446 1.845098040014257
447 1.3010299956639813
448 1.0
450 1.0
451 1.6020599913279625
452 1.3010299956639813
455 1.0
458 1.0
459 1.0
461 1.3010299956639813
462 1.6989700043360187
463 1.0
464 1.4771212547196624
466 1.0
467 1.0
469 1.6020599913279625
470 1.3010299956639813
473 1.4771212547196624
474 1.3010299956639813
476 1.3010299956639813
478 1.7781512503836436
480 1.0
481 1.4771212547196624
482 1.3010299956639813
486 1.6020599913279625
487 1.0
490 1.6020599913279625
493 1.845098040014257
494 1.3010299956639813
496 1.0
497 1.3010299956639813
498 1.3010299956639813
499 1.0
501 1.0
502 1.0
503 1.3010299956639813
505 1.0
506 1.0
508 1.0
509 1.7781512503836436
510 1.6989700043360187
514 1.0
515 1.0
524 1.0
526 1.3010299956639813
527 1.6020599913279625
531 1.0
532 1.3010299956639813
533 1.6989700043360187
534 1.0
535 1.0
536 1.0
538 2.1760912590556813
540 1.0
542 2.230448921378274
543 1.3010299956639813
544 1.3010299956639813
546 2.0413926851582254
547 1.6989700043360187
548 1.4771212547196624
549 1.6989700043360187
551 1.9030899869919435
552 1.9030899869919435
553 1.0
555 1.6020599913279625
560 1.0
562 1.0
563 1.0
566 1.0
568 1.0
569 1.0
571 1.0
572 1.6020599913279625
575 1.0
576 1.0
580 1.0
581 1.0
584 1.0
585 1.0
586 1.0
588 1.0
592 1.3010299956639813
595 1.3010299956639813
597 1.7781512503836436
598 1.7781512503836436
599 1.3010299956639813
601 1.4771212547196624
602 1.6989700043360187
603 1.6989700043360187
609 1.4771212547196624
610 1.0
614 1.0
622 1.0
627 1.0
629 1.0
631 1.0
633 1.0
637 1.6020599913279625
644 1.0
645 1.4771212547196624
647 1.4771212547196624
650 1.3010299956639813
652 1.0
656 1.0
659 1.0
660 1.0
662 1.0
663 1.0
668 1.0
673 1.0
676 1.0
677 1.4771212547196624
678 1.0
679 1.6989700043360187
681 1.6020599913279625
684 1.0
685 1.4771212547196624
686 1.3010299956639813
687 1.3010299956639813
689 1.0
691 1.6020599913279625
693 1.3010299956639813
694 1.0
695 1.0
696 1.3010299956639813
699 1.0
700 1.0
702 1.0
703 1.4771212547196624
705 1.3010299956639813
707 1.3010299956639813
708 1.0
709 1.0
711 1.0
712 1.3010299956639813
714 1.4771212547196624
715 1.0
719 1.0
720 1.0
721 1.3010299956639813
734 1.6020599913279625
739 1.4771212547196624
740 1.0
744 1.3010299956639813
748 1.3010299956639813
750 1.0
751 1.6020599913279625
759 1.4771212547196624
764 1.0
765 1.0
768 1.6020599913279625
770 1.0
771 1.6020599913279625
781 1.0
782 1.0
786 1.3010299956639813
787 1.0
788 1.7781512503836436
790 1.4771212547196624
792 1.0
794 1.3010299956639813
804 1.0
810 1.3010299956639813
811 1.3010299956639813
815 1.0
820 1.0
821 1.0
822 1.0
824 1.3010299956639813
825 1.3010299956639813
829 1.0
830 1.3010299956639813
832 1.6020599913279625
833 1.6020599913279625
845 1.0
847 1.0
856 1.3010299956639813
861 1.0
862 1.0
863 1.0
864 1.6989700043360187
867 1.4771212547196624
876 1.0
879 1.0
880 1.0
883 1.6989700043360187
885 1.3010299956639813
892 1.0
893 1.4771212547196624
901 1.0
902 1.0
903 1.0
906 1.0
907 1.0
914 1.0
917 1.0
918 1.3010299956639813
920 1.0
924 1.0
926 1.3010299956639813
927 1.3010299956639813
933 1.3010299956639813
935 1.3010299956639813
939 1.3010299956639813
940 1.3010299956639813
942 1.3010299956639813
943 1.0
944 1.0
949 1.0
950 1.3010299956639813
963 1.0
968 1.3010299956639813
969 1.0
981 1.0
983 1.0
991 1.0
999 1.0
1005 1.0
1007 1.3010299956639813
1013 1.0
1015 1.6989700043360187
1016 1.7781512503836436
1019 1.0
1021 1.0
1026 1.0
1028 1.0
1033 1.0
1036 1.0
1037 1.3010299956639813
1043 1.6020599913279625
1048 1.0
1049 1.3010299956639813
1052 1.3010299956639813
1055 1.0
1064 1.0
1068 1.845098040014257
1070 1.0
1072 1.4771212547196624
1073 1.3010299956639813
1078 1.4771212547196624
1080 1.0
1083 1.0
1088 1.0
1092 1.0
1099 1.0
1100 1.3010299956639813
1101 1.3010299956639813
1103 1.0
1104 1.4771212547196624
1111 1.0
1112 1.0
1113 1.3010299956639813
1114 1.0
1115 1.0
1116 1.0
1117 1.6020599913279625
1118 1.6020599913279625
1121 1.0
1127 1.4771212547196624
1128 1.4771212547196624
1129 2.146128035678238
1130 2.146128035678238
1135 1.0
1136 1.0
1137 1.7781512503836436
1138 1.7781512503836436
1139 1.4771212547196624
1140 1.4771212547196624
1141 1.4771212547196624
1142 1.4771212547196624
1143 1.4771212547196624
1144 1.4771212547196624
1147 1.0
1148 1.0
1150 1.0
1151 1.0
1156 1.0
1160 1.3010299956639813
1162 1.4771212547196624
1164 1.0
1165 1.6989700043360187
1166 1.0
1168 1.0
1170 1.0
1176 1.0
1178 1.3010299956639813
1180 1.4771212547196624
1181 1.3010299956639813
1182 1.0
1185 1.0
1189 1.4771212547196624
1190 1.6020599913279625
1191 1.0
1200 1.0
1208 1.4771212547196624
1209 1.0
1210 1.0
1211 1.0
1213 1.7781512503836436
1217 1.3010299956639813
1218 1.3010299956639813
1219 1.0
1226 1.0
1228 1.0
1229 1.0
1231 1.0
1232 1.0
1233 1.0
1234 1.6020599913279625
1235 1.3010299956639813
1236 1.3010299956639813
1241 1.3010299956639813
1242 1.0
1243 1.0
1244 1.0
1245 1.3010299956639813
1246 1.0
1249 1.0
1250 1.4771212547196624
1252 1.0
1254 1.3010299956639813
1259 1.3010299956639813
1260 1.4771212547196624
1262 1.0
1263 1.0
1264 1.4771212547196624
1265 1.0
1266 1.4771212547196624
1268 1.0
1269 1.3010299956639813
1270 1.3010299956639813
1271 1.4771212547196624
1272 1.4771212547196624
1274 1.0
1277 1.4771212547196624
1278 1.0
1279 1.0
1281 1.6020599913279625
1284 1.7781512503836436
1285 1.6989700043360187
1286 1.3010299956639813
1290 1.0
1292 1.0
1293 1.6020599913279625
1294 1.3010299956639813
1295 1.0
1297 1.0
1298 1.845098040014257
1299 1.0
1302 1.3010299956639813
1303 1.3010299956639813
1305 1.0
1306 1.4771212547196624
1307 2.0
1308 1.4771212547196624
1310 1.0
1311 1.0
1313 2.0
1317 1.3010299956639813
1318 1.6020599913279625
1319 1.0
1320 1.0
1321 1.6989700043360187
1322 1.0
1323 1.0
1324 1.3010299956639813
