6 1.0
48 1.0
51 1.0
79 1.0
81 1.0
90 1.0
91 1.0
109 1.0
121 1.0
142 1.0
147 1.0
152 1.0
206 1.0
219 1.0
220 1.0
222 1.0
226 1.0
229 1.0
247 1.0
261 1.0
263 1.0
268 1.0
271 1.0
273 1.3010299956639813
305 1.3010299956639813
310 1.0
335 1.0
346 1.0
364 1.3010299956639813
369 1.0
398 1.0
400 1.3010299956639813
403 1.0
407 1.0
409 1.0
412 1.0
429 1.0
447 1.0
478 1.3010299956639813
518 1.0
528 1.0
531 1.0
539 1.0
542 1.0
545 1.0
555 1.0
559 1.0
560 1.0
565 1.0
570 1.0
575 1.0
576 1.0
581 1.0
586 1.3010299956639813
587 1.0
601 1.0
608 1.0
613 1.0
629 1.0
631 1.0
637 1.0
656 1.0
671 1.0
677 1.0
681 1.0
688 1.0
708 1.0
710 1.0
714 1.0
733 1.0
769 1.0
772 1.0
800 1.0
802 1.0
803 1.0
838 1.0
855 1.0
858 1.3010299956639813
894 1.3010299956639813
897 1.3010299956639813
902 1.0
903 1.0
939 1.0
941 1.0
943 1.6020599913279625
944 1.6020599913279625
971 1.3010299956639813
986 1.0
988 1.0
996 1.3010299956639813
1001 1.0
1037 1.0
1064 1.4771212547196624
1065 1.0
1072 1.0
1090 1.0
1092 1.0
1141 1.0
1142 1.0
1163 1.3010299956639813
1170 1.0
1179 1.0
1190 1.0
1198 1.0
1199 1.0
1204 1.3010299956639813
1238 1.0
1251 1.0
1266 1.0
1268 1.0
1272 1.0
1281 1.0
1293 1.0
1317 1.3010299956639813
1319 1.0
1321 1.0
