2 1.4771212547196624
34 1.0
71 1.0
84 1.3010299956639813
118 1.0
171 1.3010299956639813
174 1.0
176 1.0
183 1.0
216 1.0
222 1.3010299956639813
226 1.0
231 1.0
277 1.3010299956639813
411 1.0
421 1.0
425 1.0
478 1.0
493 1.4771212547196624
500 1.0
503 1.0
509 1.0
510 1.0
521 1.0
550 1.0
551 1.0
593 1.0
624 1.0
634 1.3010299956639813
642 1.0
644 2.113943352306837
661 1.0
662 1.3010299956639813
708 1.0
715 1.0
734 1.0
742 1.0
757 1.0
782 1.0
786 1.0
841 1.0
868 1.4771212547196624
869 1.4771212547196624
1008 1.0
1010 1.0
1042 1.0
1064 1.6989700043360187
1077 1.0
1083 1.0
1107 1.3010299956639813
1123 1.3010299956639813
1163 1.3010299956639813
1199 1.0
1204 1.3010299956639813
1222 1.6020599913279625
1244 1.0
1283 1.0
1306 1.0
