12 1.0
59 1.0
60 1.0
65 1.7781512503836436
79 1.4771212547196624
83 1.0
107 1.0
115 1.0
118 1.0
123 1.3010299956639813
124 1.3010299956639813
130 1.3010299956639813
136 1.0
161 1.3010299956639813
182 1.0
183 1.6020599913279625
223 1.3010299956639813
228 1.0
229 1.0
255 1.0
260 1.3010299956639813
271 1.0
272 1.0
277 1.0
291 1.0
298 1.0
309 1.0
310 1.0
323 1.0
333 1.0
377 1.4771212547196624
380 1.0
394 1.0
399 1.3010299956639813
401 1.0
408 1.0
412 1.0
415 1.0
417 1.0
422 1.0
423 1.0
429 1.0
440 1.0
446 1.0
448 1.3010299956639813
452 1.0
455 1.0
456 1.6020599913279625
459 1.0
460 1.4771212547196624
463 1.0
472 1.0
477 1.4771212547196624
479 1.4771212547196624
491 1.0
493 1.0
494 1.0
509 1.0
522 1.0
525 1.0
527 1.0
537 1.0
541 1.0
542 1.3010299956639813
566 1.0
591 1.3010299956639813
610 1.0
614 1.0
630 1.0
633 1.0
643 1.0
653 1.0
655 1.0
662 1.0
686 1.0
690 1.0
692 1.0
703 1.0
707 1.0
720 1.0
728 1.3010299956639813
731 1.0
733 1.0
749 1.3010299956639813
754 1.0
758 1.0
761 1.3010299956639813
763 1.3010299956639813
768 1.0
781 1.3010299956639813
788 1.0
802 1.4771212547196624
803 1.4771212547196624
813 1.3010299956639813
814 1.0
820 1.0
821 1.0
826 1.0
843 1.0
867 1.4771212547196624
879 1.0
881 1.0
889 1.0
890 1.0
905 1.0
914 1.0
915 1.4771212547196624
926 1.9030899869919435
968 1.0
1001 1.3010299956639813
1006 1.3010299956639813
1020 1.0
1039 1.0
1042 1.0
1054 1.3010299956639813
1062 1.3010299956639813
1065 1.0
1083 1.7781512503836436
1088 1.0
1109 1.3010299956639813
1139 1.0
1140 1.0
1161 1.6989700043360187
1163 1.0
1190 1.6020599913279625
1225 1.0
1228 1.6020599913279625
1231 1.0
1247 1.0
1249 1.4771212547196624
1263 1.7781512503836436
1266 1.0
1283 1.0
1285 1.4771212547196624
1300 1.0
1302 1.4771212547196624
1312 1.0
