3 1.3010299956639813
7 1.0
11 1.3010299956639813
12 1.0
14 1.6989700043360187
17 1.0
24 1.4771212547196624
26 1.0
37 1.0
39 1.4771212547196624
41 1.0
46 1.0
47 1.3010299956639813
57 1.0
58 1.0
59 1.3010299956639813
60 1.3010299956639813
64 1.0
69 1.3010299956639813
70 1.0
74 1.0
78 1.0
84 1.0
90 1.0
93 1.6989700043360187
96 1.0
97 1.6020599913279625
100 1.0
110 1.6020599913279625
128 1.0
132 1.3010299956639813
140 1.0
144 1.0
145 1.0
148 1.0
157 1.6989700043360187
163 1.0
176 1.4771212547196624
179 1.0
182 1.0
190 1.4771212547196624
191 1.0
193 1.4771212547196624
195 1.0
198 1.6989700043360187
200 1.0
201 1.0
202 1.3010299956639813
209 1.0
211 1.3010299956639813
217 1.3010299956639813
218 1.3010299956639813
222 1.0
230 1.0
236 1.0
245 1.4771212547196624
250 1.0
257 1.0
262 1.0
264 1.0
274 1.3010299956639813
275 1.0
276 1.0
277 1.0
279 1.0
283 1.0
294 1.0
300 1.0
310 1.0
319 1.4771212547196624
337 1.4771212547196624
364 1.845098040014257
388 1.4771212547196624
391 1.0
393 1.0
394 1.0
400 1.0
403 1.0
406 1.0
409 1.6020599913279625
413 1.0
417 1.0
427 1.0
428 1.0
429 1.4771212547196624
436 1.4771212547196624
440 1.0
442 1.0
444 1.0
446 1.0
451 1.0
453 1.0
459 1.0
473 1.0
482 1.0
488 1.0
493 1.7781512503836436
498 1.0
503 1.0
505 1.4771212547196624
506 1.3010299956639813
510 1.0
513 1.0
521 1.0
536 1.0
541 1.3010299956639813
543 1.0
544 1.0
547 1.0
548 1.0
554 1.0
555 1.6020599913279625
556 1.3010299956639813
560 1.0
566 1.0
571 1.0
586 1.0
587 1.0
588 1.0
592 1.3010299956639813
596 1.0
602 1.0
603 1.0
613 1.0
620 1.0
636 1.0
637 1.3010299956639813
644 1.0
645 1.0
658 1.0
674 1.0
675 1.0
679 1.0
688 1.0
693 1.3010299956639813
701 1.0
703 1.6020599913279625
704 1.6020599913279625
707 1.3010299956639813
710 1.0
711 1.3010299956639813
715 1.6020599913279625
716 1.0
717 1.4771212547196624
723 1.3010299956639813
748 1.0
754 1.0
759 1.0
764 1.0
770 1.0
772 1.0
779 1.3010299956639813
794 1.3010299956639813
795 1.0
802 1.0
803 1.0
813 1.4771212547196624
821 1.3010299956639813
822 1.0
829 1.3010299956639813
848 1.0
849 1.0
850 1.3010299956639813
851 1.0
868 1.0
869 1.0
877 1.0
897 1.0
901 1.0
906 1.4771212547196624
918 1.0
923 1.0
935 1.0
1013 1.0
1028 1.0
1036 1.0
1039 1.0
1045 1.3010299956639813
1047 1.0
1048 1.0
1051 1.6020599913279625
1052 1.0
1070 1.0
1072 1.0
1073 1.3010299956639813
1091 1.6020599913279625
1095 1.0
1096 1.0
1097 1.0
1111 1.3010299956639813
1112 1.3010299956639813
1129 1.3010299956639813
1130 1.3010299956639813
1131 1.0
1132 1.0
1135 1.0
1136 1.0
1140 1.3010299956639813
1149 1.3010299956639813
1150 1.3010299956639813
1152 1.7781512503836436
1172 1.0
1174 1.3010299956639813
1177 1.6989700043360187
1187 1.0
1189 1.0
1191 1.0
1196 1.4771212547196624
1198 1.0
1226 1.0
1239 1.0
1257 1.0
1263 1.0
1266 1.0
1271 1.0
1272 1.0
1274 1.3010299956639813
1276 1.0
1279 1.0
1289 1.3010299956639813
1295 1.0
1297 1.0
1304 1.0
1317 1.0
1318 1.0
1321 1.0
1322 1.0
