16 1.3010299956639813
29 1.4771212547196624
34 1.0
41 1.0
43 1.0
46 1.0
66 1.0
74 1.0
84 1.3010299956639813
94 1.4771212547196624
102 1.0
107 1.0
115 1.3010299956639813
121 2.0413926851582254
127 1.0
130 1.0
146 1.3010299956639813
175 1.6020599913279625
194 1.6989700043360187
196 1.0
200 1.4771212547196624
201 1.0
202 1.0
209 2.690196080028514
219 1.9030899869919435
220 2.361727836017593
221 1.6020599913279625
223 1.6020599913279625
228 1.4771212547196624
233 1.6020599913279625
236 1.0
244 2.0413926851582254
254 1.0
259 1.3010299956639813
265 1.0
274 1.4771212547196624
281 1.0
302 1.9030899869919435
313 1.0
314 1.3010299956639813
318 1.4771212547196624
324 1.0
325 1.0
344 1.0
354 1.0
362 1.0
363 1.0
384 1.3010299956639813
388 1.3010299956639813
402 1.0
408 1.3010299956639813
442 1.0
450 1.0
453 1.0
459 1.0
464 1.0
473 1.6020599913279625
478 1.0
484 1.6989700043360187
491 1.3010299956639813
506 1.6020599913279625
509 1.6020599913279625
513 1.0
517 1.0
524 1.3010299956639813
526 1.6020599913279625
541 1.0
566 1.0
568 1.0
569 1.0
575 1.3010299956639813
590 1.0
592 1.3010299956639813
616 1.3010299956639813
619 1.0
625 2.079181246047625
633 1.3010299956639813
658 1.0
681 1.3010299956639813
682 1.0
683 1.3010299956639813
690 1.3010299956639813
694 1.3010299956639813
706 1.0
721 2.361727836017593
726 1.0
733 1.0
754 1.3010299956639813
761 1.0
770 1.3010299956639813
771 2.0413926851582254
779 1.6020599913279625
788 1.845098040014257
790 1.7781512503836436
795 1.3010299956639813
799 1.3010299956639813
810 1.0
821 1.3010299956639813
822 1.3010299956639813
854 1.0
857 1.0
864 1.0
865 1.0
866 1.0
893 1.4771212547196624
895 1.6020599913279625
897 1.0
901 1.0
905 1.6020599913279625
907 1.0
921 1.0
940 1.3010299956639813
952 1.0
971 1.0
977 1.0
986 1.0
996 1.0
1010 1.0
1013 1.0
1020 1.4771212547196624
1027 1.3010299956639813
1047 1.0
1068 1.0
1072 1.4771212547196624
1096 1.3010299956639813
1099 1.0
1104 1.0
1123 1.0
1181 1.0
1190 1.3010299956639813
1213 1.0
1214 1.3010299956639813
1234 1.3010299956639813
1239 1.0
1243 1.9542425094393248
1245 1.845098040014257
1252 1.4771212547196624
1254 1.4771212547196624
1259 1.9030899869919435
1261 1.845098040014257
1271 1.0
1272 2.113943352306837
1274 1.0
1285 1.0
1290 1.0
1293 1.6989700043360187
1298 1.9542425094393248
1302 1.0
1305 1.0
1311 1.0
1321 1.3010299956639813
1322 1.0
1324 1.0
