17 1.0
28 1.0
54 1.4771212547196624
73 1.0
116 1.0
158 1.0
197 1.0
200 1.3010299956639813
253 1.0
256 1.0
309 1.0
314 1.0
409 1.0
436 1.0
555 1.0
565 1.0
577 1.0
584 1.0
585 1.0
586 1.0
625 1.0
654 1.0
685 1.0
692 1.3010299956639813
693 1.3010299956639813
740 1.0
769 1.0
795 1.0
816 1.0
820 1.0
843 1.0
855 1.0
911 1.0
914 1.0
982 1.0
984 1.3010299956639813
1000 1.0
1002 1.0
1029 1.0
1041 1.0
1048 1.0
1105 1.0
1106 1.0
1125 1.0
1126 1.0
1134 1.0
1238 1.3010299956639813
1261 1.3010299956639813
1269 1.0
