2 1.0
3 1.0
15 1.0
37 1.0
38 1.0
48 1.0
58 1.3010299956639813
59 1.0
60 1.0
61 1.3010299956639813
62 1.4771212547196624
74 1.0
75 1.3010299956639813
81 1.0
87 1.0
90 1.3010299956639813
91 1.3010299956639813
98 1.4771212547196624
103 1.3010299956639813
106 1.0
110 1.3010299956639813
117 1.0
126 1.0
127 1.0
134 1.0
138 1.0
148 1.0
154 1.0
157 1.0
163 1.0
165 1.0
177 1.0
180 1.0
186 1.0
192 1.0
195 1.0
199 1.0
200 1.0
201 1.0
214 1.0
234 1.0
253 1.0
265 2.7558748556724915
266 1.3010299956639813
274 1.0
275 1.3010299956639813
277 1.3010299956639813
278 1.0
290 1.0
297 1.0
307 1.0
309 1.0
318 1.0
323 1.0
327 1.0
330 1.0
337 1.0
350 1.0
353 1.3010299956639813
358 1.0
361 1.0
364 1.0
365 1.0
367 1.0
368 1.0
376 1.3010299956639813
378 1.0
392 1.0
393 1.0
404 1.0
411 1.0
412 1.0
413 1.0
416 1.0
417 1.0
422 1.0
429 1.0
439 1.0
444 1.0
479 1.0
482 1.0
498 1.6020599913279625
506 1.0
511 1.0
518 1.0
539 1.4771212547196624
541 1.3010299956639813
561 1.0
565 1.4771212547196624
572 1.0
587 1.0
588 1.3010299956639813
591 1.7781512503836436
595 1.0
599 1.0
601 1.4771212547196624
611 1.0
613 1.0
628 1.0
634 1.0
651 1.0
653 1.0
658 1.0
669 1.6020599913279625
678 1.0
681 1.0
692 1.0
693 1.0
700 1.0
701 1.0
706 1.0
708 1.0
715 1.3010299956639813
723 1.3010299956639813
730 1.0
736 1.0
738 1.3010299956639813
739 1.3010299956639813
740 1.0
742 1.0
743 1.3010299956639813
752 1.0
755 1.0
765 1.3010299956639813
769 1.0
770 1.0
774 1.0
783 1.9030899869919435
786 1.0
794 1.6989700043360187
809 1.0
834 1.0
835 1.0
837 1.0
843 1.0
845 1.3010299956639813
850 1.0
851 1.4771212547196624
852 1.0
853 1.0
864 1.6989700043360187
866 1.0
867 1.0
868 1.0
869 1.0
870 1.0
871 2.0413926851582254
877 1.0
885 1.0
887 1.0
889 1.0
890 1.0
893 1.3010299956639813
895 1.3010299956639813
897 1.0
898 1.4771212547196624
901 1.6989700043360187
917 1.3010299956639813
918 1.3010299956639813
935 1.0
940 1.4771212547196624
943 1.3010299956639813
944 1.3010299956639813
949 1.0
957 1.0
963 1.3010299956639813
966 1.0
974 1.0
979 1.0
980 1.0
988 1.0
1001 1.0
1008 1.0
1019 1.0
1028 1.0
1030 1.0
1032 1.0
1042 1.0
1053 1.0
1065 1.0
1083 1.0
1090 1.3010299956639813
1091 1.0
1096 1.6020599913279625
1101 1.0
1155 1.0
1160 1.0
1185 1.0
1188 1.0
1191 1.0
1193 1.0
1198 1.3010299956639813
1221 1.0
1222 1.0
1235 1.3010299956639813
1238 1.4771212547196624
1247 1.0
1262 1.0
1263 1.0
1266 1.0
1269 1.0
1270 1.0
1271 1.0
1272 1.3010299956639813
1285 1.3010299956639813
1292 1.0
1306 1.0
1317 1.0
1322 1.0
