15 1.845098040014257
24 1.6020599913279625
45 1.0
47 1.0
48 1.0
67 1.0
71 1.0
99 1.3010299956639813
110 1.0
137 1.0
144 1.0
157 1.3010299956639813
194 1.0
224 1.0
247 2.591064607026499
256 1.6020599913279625
278 1.0
280 1.0
281 1.4771212547196624
293 1.3010299956639813
297 1.0
305 1.3010299956639813
318 1.9030899869919435
329 1.0
351 1.0
364 1.0
372 1.3010299956639813
415 1.0
432 1.0
518 1.0
540 1.0
552 1.0
572 1.0
588 1.3010299956639813
645 1.3010299956639813
648 1.0
650 1.0
657 1.0
658 1.0
694 1.0
701 1.0
707 1.0
756 1.4771212547196624
759 1.9030899869919435
772 1.4771212547196624
791 1.3010299956639813
800 1.0
824 1.0
825 1.0
845 1.0
850 1.0
863 1.0
864 1.0
870 1.0
875 1.6020599913279625
889 1.0
890 1.0
897 1.0
906 1.3010299956639813
910 1.0
911 1.0
918 1.0
929 1.4771212547196624
935 1.3010299956639813
941 1.0
958 1.0
982 1.0
1000 1.0
1004 2.0
1013 1.0
1015 1.0
1016 1.0
1022 1.0
1037 1.0
1052 1.0
1057 1.0
1058 1.0
1079 1.0
1104 1.3010299956639813
1117 1.0
1118 1.0
1140 1.0
1154 1.0
1177 1.0
1194 1.0
1202 1.3010299956639813
1272 1.0
1279 1.0
1298 1.0
1304 1.6020599913279625
1307 1.0
