156 1.6020599913279625
158 1.845098040014257
159 1.6020599913279625
171 2.204119982655925
172 1.4771212547196624
173 1.9030899869919435
182 1.9030899869919435
183 2.146128035678238
205 1.0
206 1.4771212547196624
209 1.6020599913279625
210 2.113943352306837
211 2.4471580313422194
214 1.0
215 1.845098040014257
216 1.6020599913279625
217 2.278753600952829
218 2.0
219 1.6989700043360187
220 2.113943352306837
222 2.342422680822206
223 2.0
224 2.0413926851582254
225 1.6989700043360187
226 1.9030899869919435
228 2.0
231 2.146128035678238
233 1.6989700043360187
238 1.9542425094393248
243 2.079181246047625
244 1.9542425094393248
259 2.113943352306837
313 1.9030899869919435
458 2.57978359661681
461 1.3010299956639813
468 2.0
484 1.6989700043360187
506 1.3010299956639813
553 1.7781512503836436
560 1.0
572 2.079181246047625
581 1.845098040014257
590 1.3010299956639813
599 2.113943352306837
600 1.6020599913279625
601 2.0
631 1.9030899869919435
649 1.3010299956639813
683 1.9030899869919435
685 1.6989700043360187
710 1.6989700043360187
714 1.9030899869919435
734 1.845098040014257
744 1.6020599913279625
768 1.0
773 1.0
782 1.0
788 1.3010299956639813
790 1.7781512503836436
1269 1.6020599913279625
1282 1.3010299956639813
1284 1.6020599913279625
1286 1.3010299956639813
1288 1.0
1295 1.0
1317 1.0
