4 1.0
5 1.6020599913279625
14 1.4771212547196624
18 1.0
22 1.0
23 1.0
26 1.0
36 1.3010299956639813
38 1.0
43 1.0
45 1.4771212547196624
56 1.3010299956639813
70 1.0
82 1.3010299956639813
92 1.0
95 1.0
100 1.4771212547196624
102 1.0
108 1.0
109 1.0
110 1.4771212547196624
112 1.7781512503836436
121 1.6020599913279625
123 1.0
124 1.0
127 1.3010299956639813
128 1.0
132 1.3010299956639813
137 1.0
142 1.0
146 1.4771212547196624
151 1.0
157 1.3010299956639813
160 1.0
161 1.0
183 1.0
185 1.0
191 1.0
192 1.6020599913279625
193 1.0
195 1.0
197 1.0
198 1.6020599913279625
200 1.0
201 1.0
211 1.0
215 1.0
217 1.0
220 1.0
221 1.0
231 1.0
245 1.3010299956639813
251 1.0
259 1.0
265 1.3010299956639813
276 1.0
280 1.0
281 1.3010299956639813
284 1.845098040014257
298 1.0
300 1.6989700043360187
311 1.6020599913279625
314 1.0
318 1.0
325 1.0
329 1.0
337 1.6989700043360187
343 1.0
361 1.0
364 1.4771212547196624
367 1.0
368 1.0
374 1.0
378 1.0
379 1.0
381 1.0
388 1.0
396 1.0
401 1.0
403 1.0
410 1.0
411 1.6020599913279625
422 1.0
423 1.6989700043360187
427 1.0
429 1.3010299956639813
430 1.0
440 1.0
442 1.0
449 1.6989700043360187
450 1.0
453 1.0
459 1.0
481 1.0
488 1.3010299956639813
495 1.0
501 1.3010299956639813
508 1.3010299956639813
513 1.0
515 1.0
519 1.0
555 1.0
573 1.0
574 1.0
586 1.0
587 1.6989700043360187
614 1.0
620 1.0
643 1.3010299956639813
644 1.0
651 1.0
678 1.0
684 1.4771212547196624
689 1.0
692 1.3010299956639813
697 1.3010299956639813
705 2.113943352306837
715 1.4771212547196624
732 1.0
733 1.0
745 1.0
750 1.0
751 1.0
759 1.0
769 1.3010299956639813
770 1.0
771 1.4771212547196624
772 1.0
781 1.845098040014257
782 1.0
787 1.0
788 1.0
802 1.4771212547196624
803 1.4771212547196624
804 1.4771212547196624
811 1.0
823 1.0
827 1.0
837 1.0
843 1.0
845 1.0
847 1.0
848 1.0
856 1.3010299956639813
866 1.3010299956639813
871 1.3010299956639813
872 1.0
880 1.4771212547196624
881 1.0
897 1.4771212547196624
898 1.0
917 1.0
918 1.3010299956639813
924 1.0
932 1.0
935 1.0
978 1.0
981 1.0
990 1.0
996 1.0
1002 1.0
1003 1.0
1005 1.6020599913279625
1006 1.0
1013 1.4771212547196624
1017 1.0
1023 1.6989700043360187
1027 1.0
1037 1.0
1047 1.6020599913279625
1049 1.4771212547196624
1052 1.0
1053 1.3010299956639813
1055 1.0
1074 1.6989700043360187
1075 1.6989700043360187
1080 1.0
1083 1.4771212547196624
1086 1.4771212547196624
1091 1.0
1095 1.3010299956639813
1107 1.0
1110 1.0
1113 1.6020599913279625
1126 1.3010299956639813
1127 1.0
1128 1.0
1129 1.845098040014257
1130 1.845098040014257
1143 1.3010299956639813
1144 1.3010299956639813
1145 1.0
1146 1.0
1147 1.0
1148 1.0
1152 1.0
1153 1.3010299956639813
1155 1.0
1162 1.4771212547196624
1174 1.6020599913279625
1176 1.4771212547196624
1180 1.0
1181 1.0
1185 1.3010299956639813
1194 1.0
1198 1.0
1203 1.0
1208 1.0
1210 1.4771212547196624
1226 1.0
1234 1.3010299956639813
1237 1.0
1242 1.3010299956639813
1270 1.0
1295 1.0
1298 1.0
1304 1.0
1318 1.0
1324 1.3010299956639813
