9 1.0
44 1.0
54 1.6020599913279625
84 1.0
136 1.0
137 1.0
176 1.0
200 1.0
201 1.0
209 1.0
213 1.0
222 1.0
229 1.0
253 1.0
259 1.0
260 1.0
273 1.0
306 1.3010299956639813
307 1.3010299956639813
310 1.0
319 1.3010299956639813
382 1.0
387 1.0
393 1.0
414 1.0
429 1.0
450 1.0
452 1.0
482 1.3010299956639813
491 1.0
494 1.3010299956639813
498 1.0
535 1.0
537 1.0
539 1.0
541 1.3010299956639813
543 1.0
544 1.0
550 1.4771212547196624
551 1.0
567 1.0
575 1.0
581 1.0
587 1.0
592 1.0
608 1.0
611 1.0
694 1.0
703 1.3010299956639813
712 1.0
731 1.0
733 1.0
761 1.3010299956639813
781 1.0
787 1.0
805 1.0
807 1.0
814 1.0
838 1.0
839 1.0
840 1.0
847 1.0
849 1.0
878 1.3010299956639813
888 1.0
896 1.0
897 1.3010299956639813
924 1.0
928 1.0
940 1.3010299956639813
954 1.3010299956639813
965 1.0
966 1.0
1002 1.0
1036 1.0
1053 1.0
1067 1.0
1092 1.0
1105 1.3010299956639813
1106 1.3010299956639813
1121 1.0
1183 1.0
1192 1.0
1194 1.0
1197 1.0
1204 1.3010299956639813
1223 1.0
1238 1.0
1240 1.0
1285 1.0
1318 1.0
