48 1.3010299956639813
74 1.3010299956639813
76 1.0
79 1.3010299956639813
84 1.0
88 1.0
96 1.4771212547196624
99 1.0
113 1.0
114 1.0
116 1.7781512503836436
123 1.0
124 1.0
126 1.0
160 1.0
163 1.3010299956639813
182 1.0
229 1.0
270 1.3010299956639813
276 1.3010299956639813
308 1.0
310 1.3010299956639813
313 1.0
319 1.7781512503836436
320 1.6989700043360187
337 1.4771212547196624
346 1.6989700043360187
352 1.0
367 1.4771212547196624
371 1.0
398 1.4771212547196624
420 1.0
446 1.0
449 1.0
478 1.0
483 1.0
484 1.0
506 1.0
509 1.0
511 1.0
541 1.0
547 1.0
561 1.7781512503836436
566 1.0
567 1.0
570 1.0
575 1.3010299956639813
595 1.0
596 1.0
620 1.0
625 1.3010299956639813
645 1.0
649 1.0
669 1.3010299956639813
674 1.0
675 1.0
713 1.3010299956639813
720 1.0
736 1.0
766 1.0
767 1.4771212547196624
769 1.0
775 1.0
778 1.4771212547196624
790 1.0
795 1.0
817 1.0
818 1.0
821 1.0
834 1.0
835 1.0
837 1.0
845 1.0
847 1.0
850 1.0
851 1.0
855 1.6020599913279625
865 1.4771212547196624
871 1.0
877 1.0
882 1.3010299956639813
885 1.0
887 1.0
895 1.0
906 1.0
914 1.0
919 1.3010299956639813
922 1.0
925 1.0
948 1.0
958 1.3010299956639813
964 1.3010299956639813
966 1.0
971 1.0
972 1.0
979 1.0
991 1.0
993 1.0
998 1.6020599913279625
1001 1.0
1015 1.3010299956639813
1016 1.4771212547196624
1023 1.0
1034 1.0
1068 1.3010299956639813
1080 1.0
1096 1.0
1129 1.4771212547196624
1130 1.4771212547196624
1135 1.3010299956639813
1136 1.3010299956639813
1140 1.0
1147 1.0
1148 1.0
1150 1.0
1153 1.0
1163 1.0
1188 1.3010299956639813
1190 1.0
1261 1.6989700043360187
1277 1.0
1294 1.0
1316 1.0
1324 1.0
