3 1.3010299956639813
14 1.0
37 1.0
48 1.3010299956639813
75 1.3010299956639813
90 1.4771212547196624
99 1.0
136 1.0
157 1.0
177 1.0
180 1.0
202 1.0
204 1.4771212547196624
209 1.0
214 1.3010299956639813
217 1.0
219 1.0
220 1.3010299956639813
234 1.0
251 1.0
257 1.3010299956639813
273 1.0
376 1.3010299956639813
388 1.3010299956639813
392 1.0
412 1.0
436 1.0
444 1.0
459 1.0
470 1.0
472 1.0
482 1.3010299956639813
488 1.0
495 1.0
496 2.4913616938342726
501 1.4771212547196624
510 1.0
528 1.0
536 1.0
548 1.0
553 1.0
564 1.0
566 1.0
579 1.0
600 1.3010299956639813
609 1.0
611 1.0
637 1.0
645 1.3010299956639813
663 1.6989700043360187
676 1.0
689 1.3010299956639813
698 1.0
699 1.0
716 1.3010299956639813
763 1.0
765 1.0
770 1.0
794 1.0
814 1.0
837 1.0
845 1.6020599913279625
958 1.0
1036 1.3010299956639813
1038 1.0
1050 1.0
1056 1.0
1062 1.3010299956639813
1119 1.0
1129 1.0
1130 1.0
1156 1.0
1190 1.0
1213 1.0
1219 1.0
1242 1.0
1244 1.0
1272 1.0
1273 1.0
1285 1.6989700043360187
1294 1.0
1299 1.0
1304 1.0
1307 1.0
1309 1.3010299956639813
1312 1.0
1324 1.0
