1 1.0
12 1.0
31 1.4771212547196624
127 1.0
151 1.0
200 1.0
201 1.0
226 1.0
230 1.0
259 1.0
266 1.0
289 1.0
293 1.0
329 1.0
333 1.0
348 1.0
393 1.0
394 1.0
401 1.3010299956639813
420 1.0
429 1.0
432 1.0
539 1.4771212547196624
572 1.0
597 1.6989700043360187
598 1.6989700043360187
608 1.0
614 1.0
626 1.0
637 1.4771212547196624
647 1.3010299956639813
659 1.0
685 1.0
689 1.4771212547196624
692 1.3010299956639813
693 1.4771212547196624
713 1.0
719 1.0
735 1.0
745 1.0
749 1.0
753 1.0
763 1.3010299956639813
781 2.0413926851582254
783 1.0
813 1.0
854 1.0
867 1.0
881 1.0
893 1.4771212547196624
985 1.0
1005 1.0
1028 1.6020599913279625
1036 1.0
1043 1.4771212547196624
1064 1.0
1065 1.0
1078 1.0
1087 1.0
1137 1.6989700043360187
1138 1.6989700043360187
1141 1.4771212547196624
1142 1.4771212547196624
1200 1.0
1206 1.3010299956639813
1214 1.0
1245 1.0
1248 1.3010299956639813
1249 1.0
1259 1.0
1269 1.3010299956639813
1275 1.3010299956639813
1283 1.0
1289 1.0
1304 1.0
