32 1.3010299956639813
56 1.0
65 1.0
69 1.6020599913279625
71 1.3010299956639813
74 1.0
75 1.0
110 1.3010299956639813
116 1.0
163 1.4771212547196624
202 1.3010299956639813
207 1.0
209 1.0
220 1.0
221 1.0
235 1.0
241 1.0
243 1.0
247 1.3010299956639813
256 1.3010299956639813
271 1.0
272 1.6020599913279625
288 1.3010299956639813
310 1.0
311 1.0
329 2.204119982655925
352 1.3010299956639813
355 1.7781512503836436
359 1.0
398 1.0
420 1.0
449 2.0413926851582254
452 1.0
477 1.0
482 1.0
491 1.0
496 1.3010299956639813
498 1.0
504 1.0
506 1.3010299956639813
535 1.0
537 1.6989700043360187
540 1.3010299956639813
547 1.4771212547196624
565 1.0
618 1.0
626 1.0
638 1.0
643 1.0
651 1.0
657 1.0
658 1.0
662 1.0
664 1.6020599913279625
687 1.0
688 1.3010299956639813
692 1.3010299956639813
694 1.0
695 1.0
710 1.0
725 1.0
736 1.0
749 1.4771212547196624
751 1.0
761 1.0
765 1.0
793 1.6989700043360187
796 1.3010299956639813
797 1.0
807 1.0
809 2.146128035678238
815 1.4771212547196624
819 1.0
868 1.0
869 1.0
870 1.0
889 1.3010299956639813
890 1.3010299956639813
893 1.3010299956639813
901 1.3010299956639813
904 2.1760912590556813
906 1.0
908 1.0
940 1.3010299956639813
988 2.3010299956639813
989 1.0
1006 1.0
1008 1.0
1020 1.6020599913279625
1032 1.0
1036 1.0
1056 1.0
1060 1.0
1084 1.0
1085 1.0
1086 1.0
1088 1.3010299956639813
1103 1.0
1113 1.0
1151 1.3010299956639813
1152 1.0
1161 1.0
1177 1.0
1198 1.0
1204 1.0
1211 1.3010299956639813
1222 1.0
1227 1.0
1228 1.3010299956639813
1235 1.3010299956639813
1251 1.0
1266 1.0
1277 1.0
