75 1.0
83 1.0
107 1.0
121 1.0
166 1.0
208 1.0
247 1.0
253 1.0
261 1.0
272 1.0
277 1.0
290 1.3010299956639813
344 1.0
400 1.0
442 1.0
449 1.0
453 1.0
505 1.0
506 1.3010299956639813
545 1.0
565 1.0
611 1.0
614 1.0
617 1.0
624 1.0
633 1.0
640 1.0
644 1.0
651 1.0
663 1.0
677 1.3010299956639813
698 1.0
716 1.0
769 1.0
796 1.3010299956639813
855 1.0
872 1.0
877 1.0
893 1.0
896 1.0
1047 1.0
1065 1.0
1083 1.0
1096 1.3010299956639813
1109 1.0
1201 1.0
1212 1.0
1214 1.0
1235 1.3010299956639813
1248 1.0
1304 1.0
1314 1.0
