51 1.0
65 1.0
94 1.0
102 1.4771212547196624
128 1.3010299956639813
176 1.0
208 1.3010299956639813
226 1.0
256 1.0
272 1.0
273 1.0
297 1.6989700043360187
307 1.4771212547196624
401 1.3010299956639813
402 1.3010299956639813
424 1.3010299956639813
427 1.0
444 1.0
458 1.0
468 1.0
539 1.0
558 1.3010299956639813
559 1.0
567 2.0
570 1.3010299956639813
621 1.0
652 1.0
659 1.0
679 1.0
682 1.0
697 1.0
715 1.0
717 1.0
739 1.3010299956639813
749 1.3010299956639813
802 1.4771212547196624
803 1.4771212547196624
807 1.3010299956639813
824 1.3010299956639813
825 1.3010299956639813
864 1.0
885 1.0
897 1.3010299956639813
922 1.0
963 1.0
971 1.0
1073 1.0
1152 1.0
1161 1.0
1210 1.0
1211 1.0
1239 1.0
1254 1.0
1270 1.3010299956639813
1285 1.0
1294 1.0
1300 1.0
