54 1.0
128 1.0
132 1.0
157 1.0
265 1.3010299956639813
297 1.3010299956639813
326 1.0
329 1.0
335 1.0
353 1.0
421 1.0
424 1.0
567 1.6020599913279625
580 1.845098040014257
587 1.6020599913279625
613 1.0
615 2.380211241711606
634 1.3010299956639813
676 1.0
761 1.0
769 1.0
789 1.0
802 1.0
803 1.0
889 1.0
890 1.0
929 1.0
942 1.6989700043360187
946 1.0
951 1.0
959 1.3010299956639813
994 1.3010299956639813
998 1.4771212547196624
1039 1.0
1040 1.0
1107 1.3010299956639813
1129 1.6020599913279625
1130 1.6020599913279625
1143 1.845098040014257
1144 1.845098040014257
1195 1.0
1196 1.0
1205 1.6989700043360187
1261 1.0
1269 1.0
1290 1.0
