58 1.0
71 1.0
74 1.6989700043360187
100 1.3010299956639813
110 1.0
122 1.0
136 1.0
142 1.6020599913279625
163 1.3010299956639813
185 1.0
222 1.0
230 1.0
250 1.0
315 1.0
337 2.146128035678238
351 1.0
353 1.845098040014257
354 1.7781512503836436
367 1.0
482 1.0
493 1.0
496 1.3010299956639813
499 1.0
510 1.0
523 1.0
532 1.0
540 1.0
556 1.0
558 1.0
566 1.3010299956639813
576 1.3010299956639813
580 1.0
586 1.3010299956639813
587 1.0
592 1.0
614 1.0
618 1.0
633 1.0
636 1.6989700043360187
653 1.0
677 2.4471580313422194
687 1.0
696 1.3010299956639813
697 1.0
716 1.0
769 1.7781512503836436
822 1.0
829 1.0
834 1.3010299956639813
835 1.3010299956639813
841 1.6989700043360187
846 1.0
867 1.3010299956639813
871 1.0
878 1.0
891 1.0
923 1.9542425094393248
930 1.0
938 1.0
942 1.0
959 1.3010299956639813
972 1.4771212547196624
1059 1.0
1083 1.9030899869919435
1111 1.0
1112 1.0
1122 1.0
1124 1.9030899869919435
1165 1.4771212547196624
1173 1.0
1190 1.0
1195 1.3010299956639813
1243 1.0
1245 1.4771212547196624
1259 1.0
1268 1.0
1270 1.3010299956639813
1281 1.0
1285 1.3010299956639813
1294 1.6020599913279625
1304 1.3010299956639813
1307 1.0
1311 1.0
