15 1.0
17 1.0
38 2.414973347970818
44 1.3010299956639813
62 1.3010299956639813
81 1.0
85 1.0
95 1.4771212547196624
126 1.0
129 1.0
133 1.6989700043360187
139 2.0
148 1.0
157 1.0
165 2.462397997898956
250 1.6020599913279625
253 1.0
282 1.6989700043360187
283 1.0
288 1.0
291 1.3010299956639813
314 1.3010299956639813
353 1.3010299956639813
364 1.3010299956639813
368 2.3979400086720375
395 2.079181246047625
396 2.4471580313422194
406 1.0
449 1.0
577 1.0
648 1.0
671 1.3010299956639813
674 1.0
675 1.0
687 1.3010299956639813
868 1.0
869 1.0
870 1.0
873 2.0413926851582254
947 1.0
954 1.4771212547196624
965 1.3010299956639813
1055 2.146128035678238
1099 1.0
1153 1.0
1258 1.0
