9 1.0
17 1.0
25 1.0
30 1.0
45 1.0
64 1.0
86 1.0
87 1.0
96 1.0
97 1.0
99 1.0
104 1.0
123 1.3010299956639813
124 1.3010299956639813
136 1.0
153 1.0
155 1.0
165 1.0
175 1.0
190 1.0
194 1.0
197 1.0
227 1.0
237 1.0
262 1.0
263 1.0
265 1.0
266 1.0
276 1.0
319 1.6020599913279625
327 1.3010299956639813
337 1.3010299956639813
353 1.0
354 1.0
380 1.0
399 1.0
417 2.0
423 1.0
445 1.0
457 1.0
459 1.0
465 1.0
467 1.0
472 1.0
477 1.3010299956639813
494 1.0
528 1.4771212547196624
531 1.0
537 1.0
540 1.0
541 1.0
550 1.0
554 1.0
568 1.0
569 1.0
582 1.4771212547196624
583 1.4771212547196624
586 1.0
588 1.0
596 1.3010299956639813
625 1.0
629 1.0
656 1.0
658 1.0
681 1.0
690 1.0
696 1.6989700043360187
706 1.4771212547196624
725 1.0
733 1.3010299956639813
737 1.0
751 1.0
765 1.0
797 1.0
804 1.0
809 1.0
824 1.3010299956639813
825 1.3010299956639813
841 1.0
843 1.4771212547196624
856 1.0
859 1.0
878 1.0
903 1.0
907 1.0
924 1.0
926 1.3010299956639813
941 1.0
943 1.0
944 1.0
948 1.3010299956639813
950 1.0
969 1.0
974 1.0
979 1.0
982 1.3010299956639813
988 1.0
1008 1.0
1018 1.0
1024 1.4771212547196624
1026 1.0
1048 1.0
1095 1.0
1139 1.0
1140 1.0
1151 1.0
1160 1.0
1161 1.3010299956639813
1185 1.3010299956639813
1215 1.0
1227 1.0
1228 1.0
1234 1.0
1235 1.3010299956639813
1239 1.3010299956639813
1250 1.4771212547196624
1251 1.0
1265 1.0
1275 1.0
1277 1.845098040014257
1285 1.0
1290 1.0
1294 1.0
1297 1.0
1303 1.0
1312 1.3010299956639813
1313 1.6020599913279625
