9 1.0
11 1.0
13 1.0
17 1.4771212547196624
18 1.4771212547196624
34 1.0
47 1.3010299956639813
48 1.0
55 1.0
58 1.0
65 1.0
73 1.0
93 1.0
94 1.0
100 1.0
104 1.3010299956639813
108 1.0
127 1.3010299956639813
140 1.0
148 1.6989700043360187
154 1.0
157 1.0
161 1.3010299956639813
168 1.0
179 1.4771212547196624
189 1.6020599913279625
191 1.0
193 1.0
222 1.0
224 1.0
229 1.0
232 1.0
237 1.6020599913279625
239 1.3010299956639813
252 1.0
255 1.0
261 1.0
262 1.0
263 1.0
276 1.4771212547196624
280 1.0
303 1.0
306 1.3010299956639813
322 1.0
323 1.6989700043360187
325 1.0
327 1.3010299956639813
344 1.0
346 1.0
349 1.4771212547196624
353 1.0
357 1.0
362 1.0
376 1.0
380 1.4771212547196624
384 1.0
388 1.7781512503836436
391 1.0
397 1.0
406 1.0
413 1.0
417 1.0
422 1.0
429 1.3010299956639813
430 1.0
434 1.0
437 1.0
440 1.0
453 1.0
462 1.0
463 1.0
466 1.0
474 1.6020599913279625
493 1.4771212547196624
506 1.4771212547196624
514 1.0
518 1.6989700043360187
521 1.0
529 1.3010299956639813
534 1.0
554 1.3010299956639813
576 1.0
578 1.0
601 1.0
610 1.0
620 1.0
624 1.3010299956639813
627 1.0
634 1.0
644 1.3010299956639813
656 1.0
657 1.3010299956639813
665 1.0
673 1.6020599913279625
676 1.3010299956639813
677 1.0
678 1.0
698 1.4771212547196624
699 1.0
703 1.0
706 1.3010299956639813
715 1.6020599913279625
717 1.0
721 1.0
724 1.3010299956639813
725 1.0
739 1.0
742 1.3010299956639813
751 1.0
755 1.4771212547196624
764 1.0
770 1.0
771 1.4771212547196624
783 1.0
788 1.0
795 1.0
837 1.0
856 1.0
866 1.3010299956639813
868 1.0
869 1.0
874 1.0
883 1.0
885 1.0
895 1.3010299956639813
901 1.0
932 1.0
933 1.0
940 1.0
943 1.3010299956639813
944 1.3010299956639813
974 1.0
1005 1.6989700043360187
1006 1.0
1009 1.0
1011 1.0
1012 1.0
1015 1.4771212547196624
1016 2.230448921378274
1019 1.0
1028 1.0
1029 1.3010299956639813
1054 1.3010299956639813
1057 1.3010299956639813
1058 1.3010299956639813
1062 1.4771212547196624
1071 1.3010299956639813
1074 1.0
1075 1.0
1080 1.0
1083 1.0
1090 1.0
1097 1.0
1104 1.0
1105 1.0
1106 1.0
1113 1.0
1114 1.3010299956639813
1115 1.0
1116 1.0
1127 1.6020599913279625
1128 1.6020599913279625
1129 1.7781512503836436
1130 1.7781512503836436
1131 1.0
1132 1.0
1135 1.3010299956639813
1136 1.3010299956639813
1139 1.0
1140 1.0
1147 1.3010299956639813
1148 1.3010299956639813
1150 2.146128035678238
1171 1.0
1193 1.0
1194 1.0
1198 1.3010299956639813
1199 1.0
1203 1.4771212547196624
1204 1.3010299956639813
1213 1.0
1234 1.0
1235 1.0
1236 1.0
1245 1.3010299956639813
1259 1.0
1277 1.3010299956639813
1293 1.0
1307 1.0
