6 1.3010299956639813
28 1.0
110 1.0
200 1.0
201 1.0
229 1.3010299956639813
232 1.0
247 1.0
253 1.0
277 1.3010299956639813
297 1.3010299956639813
307 1.0
392 1.0
420 1.4771212547196624
421 1.6989700043360187
482 1.3010299956639813
498 1.3010299956639813
521 1.0
541 1.3010299956639813
543 1.4771212547196624
544 1.4771212547196624
551 1.0
558 1.3010299956639813
565 1.0
567 1.0
577 1.0
613 1.0
629 1.0
643 1.0
647 1.0
651 1.0
652 1.3010299956639813
655 1.0
659 1.0
686 1.0
687 1.0
749 1.0
758 1.3010299956639813
790 1.0
807 1.0
837 1.7781512503836436
851 1.0
884 1.0
888 1.0
923 1.0
935 1.0
1064 1.4771212547196624
1090 1.0
1096 1.0
1137 1.0
1138 1.0
1226 1.0
1289 1.0
1301 1.0
1313 1.4771212547196624
