2 1.7781512503836436
5 1.0
11 1.0
18 1.0
21 1.0
32 1.3010299956639813
41 1.0
43 1.3010299956639813
52 1.0
56 1.3010299956639813
61 1.0
69 1.0
73 1.0
74 1.0
75 1.3010299956639813
80 1.0
82 1.0
91 1.0
93 1.4771212547196624
94 1.4771212547196624
101 1.7781512503836436
104 1.4771212547196624
110 1.0
128 1.0
138 1.3010299956639813
142 1.4771212547196624
162 1.0
172 1.0
176 2.0413926851582254
180 1.0
181 1.0
191 1.6020599913279625
207 1.6020599913279625
209 1.4771212547196624
211 1.0
219 1.0
220 1.0
222 1.6989700043360187
223 1.0
224 1.4771212547196624
226 1.0
228 1.0
233 1.0
236 1.6020599913279625
237 1.9542425094393248
239 1.4771212547196624
244 1.3010299956639813
247 1.3010299956639813
262 1.3010299956639813
264 1.0
276 1.845098040014257
289 1.6020599913279625
293 1.3010299956639813
297 1.3010299956639813
311 1.4771212547196624
329 1.0
332 1.4771212547196624
336 1.3010299956639813
343 1.0
355 1.0
363 1.0
366 1.3010299956639813
375 1.0
376 1.0
378 1.0
384 1.0
388 1.4771212547196624
392 1.0
408 1.0
419 1.0
434 1.0
462 1.0
471 1.0
473 1.0
478 1.3010299956639813
488 1.3010299956639813
492 1.0
507 1.0
509 1.6989700043360187
510 1.3010299956639813
511 1.0
518 2.0413926851582254
533 1.4771212547196624
558 1.0
561 1.4771212547196624
576 1.0
592 1.0
613 1.0
615 1.3010299956639813
622 1.4771212547196624
626 1.0
634 1.0
643 1.3010299956639813
652 1.0
661 1.3010299956639813
664 1.0
669 1.0
678 1.0
680 1.4771212547196624
688 1.0
694 1.3010299956639813
695 1.0
696 1.4771212547196624
706 1.0
708 1.0
733 1.0
736 1.3010299956639813
748 1.0
751 1.0
761 1.0
769 1.0
770 1.0
771 1.0
779 1.0
782 1.0
788 1.0
797 1.0
814 1.0
826 1.0
832 1.0
833 1.0
861 1.0
864 1.0
868 1.3010299956639813
869 1.3010299956639813
880 1.4771212547196624
897 1.3010299956639813
901 1.3010299956639813
906 1.0
929 1.0
932 1.3010299956639813
936 1.3010299956639813
942 1.3010299956639813
986 1.0
991 1.0
997 1.0
999 1.0
1004 1.4771212547196624
1020 1.0
1022 1.0
1036 1.0
1042 1.3010299956639813
1045 1.0
1047 1.0
1051 1.0
1053 1.3010299956639813
1062 1.6020599913279625
1064 1.0
1073 1.7781512503836436
1083 1.0
1085 1.0
1094 1.7781512503836436
1100 1.3010299956639813
1104 1.0
1108 1.0
1121 1.3010299956639813
1123 1.3010299956639813
1124 1.0
1129 1.3010299956639813
1130 1.3010299956639813
1151 1.0
1159 1.0
1166 1.0
1173 1.0
1174 1.0
1181 1.3010299956639813
1188 1.0
1194 2.342422680822206
1198 1.0
1199 1.4771212547196624
1204 1.0
1218 1.0
1224 1.0
1226 1.0
1231 1.0
1235 1.0
1238 1.3010299956639813
1239 1.3010299956639813
1260 1.0
1266 1.3010299956639813
1277 1.3010299956639813
1286 1.0
1322 1.0
