16 1.0
62 1.4771212547196624
67 1.0
90 1.3010299956639813
98 1.4771212547196624
110 1.0
142 1.0
145 1.3010299956639813
185 1.0
256 1.3010299956639813
261 1.0
265 2.113943352306837
275 1.0
277 1.0
288 1.0
295 1.0
302 1.0
321 1.0
333 1.3010299956639813
353 1.0
362 1.0
380 1.0
396 1.0
429 1.0
459 1.0
460 1.3010299956639813
477 1.0
494 1.7781512503836436
498 1.845098040014257
535 1.0
539 1.0
557 1.0
565 1.3010299956639813
588 1.0
591 1.0
602 1.3010299956639813
603 1.3010299956639813
605 1.3010299956639813
606 1.3010299956639813
613 1.0
625 1.0
644 1.6020599913279625
661 1.0
677 1.3010299956639813
687 1.0
689 1.6020599913279625
692 1.4771212547196624
694 1.4771212547196624
697 1.0
704 1.3010299956639813
711 1.0
715 1.3010299956639813
723 1.0
739 1.0
761 1.0
765 1.4771212547196624
812 1.0
829 1.0
837 1.0
841 1.4771212547196624
846 1.0
855 1.0
857 1.0
859 1.0
864 1.0
867 1.4771212547196624
871 2.414973347970818
883 1.3010299956639813
885 1.0
893 1.6989700043360187
896 1.0
914 1.4771212547196624
926 1.3010299956639813
955 1.0
966 1.0
975 1.0
999 1.0
1001 1.0
1019 1.0
1021 1.0
1047 1.3010299956639813
1053 1.6020599913279625
1080 1.0
1086 1.0
1087 1.0
1091 1.0
1101 1.3010299956639813
1129 1.0
1130 1.0
1152 1.3010299956639813
1160 1.0
1161 1.3010299956639813
1196 1.0
1206 1.0
1218 1.0
1232 1.0
1233 1.0
1234 1.0
1243 1.0
1245 1.0
1268 1.0
1273 1.3010299956639813
1286 1.0
1295 1.0
