3 1.0
17 1.0
31 1.0
34 1.0
37 1.0
50 1.4771212547196624
84 1.0
90 1.4771212547196624
106 1.0
117 1.0
118 1.0
123 1.4771212547196624
124 1.4771212547196624
132 1.0
136 1.6989700043360187
147 1.0
148 1.0
155 1.0
157 1.0
159 1.0
167 1.0
205 1.0
211 1.4771212547196624
218 1.3010299956639813
222 1.0
224 1.3010299956639813
226 1.0
260 1.0
271 1.0
274 1.3010299956639813
277 1.0
278 1.0
297 1.0
322 1.0
324 1.0
329 1.0
393 1.0
403 1.0
409 1.6020599913279625
412 1.6020599913279625
414 1.0
420 1.3010299956639813
425 1.3010299956639813
428 1.0
436 1.3010299956639813
446 1.3010299956639813
451 1.0
463 1.0
466 1.0
476 1.3010299956639813
478 1.3010299956639813
486 1.0
498 1.0
506 1.0
510 1.3010299956639813
513 1.0
521 1.3010299956639813
527 1.0
538 1.3010299956639813
542 1.0
549 1.0
552 1.0
572 1.4771212547196624
581 1.3010299956639813
586 1.4771212547196624
599 1.6989700043360187
600 1.0
601 1.6020599913279625
633 1.0
681 1.3010299956639813
685 1.0
686 1.0
693 1.0
710 1.0
719 1.0
720 1.0
732 1.3010299956639813
761 1.0
782 1.0
794 1.6020599913279625
824 1.0
825 1.0
847 1.0
849 1.3010299956639813
897 1.3010299956639813
903 1.6989700043360187
926 1.0
943 1.0
944 1.0
985 1.0
1032 1.3010299956639813
1099 1.0
1165 1.0
1190 1.0
1243 1.0
1245 1.3010299956639813
1256 1.0
1257 1.0
1259 1.3010299956639813
1263 1.6020599913279625
1284 1.0
1293 1.6020599913279625
1317 1.6020599913279625
1321 1.0
