11 1.0
13 1.0
21 1.0
37 1.0
50 1.3010299956639813
58 1.0
74 1.0
84 1.4771212547196624
107 1.0
115 1.4771212547196624
123 1.0
124 1.0
132 1.0
133 1.0
136 1.9030899869919435
141 1.0
152 1.3010299956639813
157 1.3010299956639813
159 1.0
183 1.0
185 1.0
196 1.0
206 1.0
207 1.0
209 1.0
210 1.0
211 1.0
219 1.4771212547196624
220 1.3010299956639813
222 1.7781512503836436
224 1.3010299956639813
230 1.0
244 1.0
246 1.0
249 1.0
260 1.0
261 1.0
313 1.0
338 1.0
352 1.0
388 1.0
390 1.0
403 1.6020599913279625
412 1.0
415 1.0
416 1.3010299956639813
440 1.0
446 1.0
448 1.0
450 1.4771212547196624
451 1.0
455 1.0
457 1.845098040014257
468 1.4771212547196624
474 1.0
478 1.0
479 1.0
484 1.6020599913279625
499 1.0
500 1.0
501 1.7781512503836436
509 1.3010299956639813
510 1.7781512503836436
528 1.0
541 1.0
543 1.0
544 1.0
549 1.0
570 1.0
572 1.6020599913279625
581 1.6989700043360187
586 1.6989700043360187
589 1.0
596 1.0
599 1.3010299956639813
601 1.9030899869919435
631 1.6989700043360187
637 1.0
649 1.6020599913279625
651 1.0
679 1.6020599913279625
681 1.4771212547196624
685 1.0
686 1.0
689 1.0
693 1.0
710 1.0
714 2.0
716 1.7781512503836436
718 1.0
719 1.4771212547196624
720 1.4771212547196624
734 1.3010299956639813
743 1.0
770 1.0
782 1.4771212547196624
809 1.0
845 1.3010299956639813
851 1.0
855 1.0
870 1.3010299956639813
873 1.6020599913279625
935 1.0
941 1.0
963 1.0
1002 1.0
1030 1.0
1052 1.0
1096 1.0
1124 1.0
1141 1.0
1142 1.0
1161 1.0
1182 1.0
1221 1.0
1231 1.0
1243 1.0
1259 1.0
1262 1.0
1321 1.0
