45 1.3010299956639813
56 1.0
69 1.0
77 1.0
81 1.0
84 1.0
94 1.6020599913279625
100 1.0
127 1.0
140 1.0
148 1.4771212547196624
189 1.0
220 1.0
238 1.0
267 1.0
291 1.3010299956639813
322 1.0
360 1.0
413 1.0
415 1.0
462 1.3010299956639813
676 1.0
689 1.3010299956639813
704 2.079181246047625
710 1.0
764 1.3010299956639813
773 1.3010299956639813
875 1.3010299956639813
918 1.0
1028 1.7781512503836436
1038 1.0
1095 1.0
1176 1.0
1206 1.0
1221 1.0
1234 1.3010299956639813
1235 1.0
1265 1.0
1272 1.0
1277 1.3010299956639813
1285 1.0
1297 1.3010299956639813
1298 1.0
