15 1.6989700043360187
34 1.0
49 1.0
102 1.0
123 1.0
124 1.0
137 1.0
168 1.0
211 1.0
238 1.0
272 1.0
274 1.0
277 1.3010299956639813
297 1.0
309 1.3010299956639813
310 1.0
318 1.845098040014257
346 1.0
351 1.3010299956639813
402 1.0
412 1.0
417 1.0
420 1.0
428 1.0
453 1.3010299956639813
493 1.0
498 1.4771212547196624
524 1.0
550 1.6020599913279625
586 1.0
590 1.0
593 1.0
601 1.0
653 1.0
682 1.3010299956639813
695 1.0
743 1.3010299956639813
761 1.0
765 1.0
769 1.0
807 1.0
824 1.0
825 1.0
837 1.3010299956639813
839 1.0
840 1.0
851 1.3010299956639813
895 1.0
897 1.0
915 1.0
929 1.4771212547196624
939 1.0
1049 1.0
1054 1.0
1067 1.0
1085 1.0
1086 1.0
1090 1.0
1186 1.9030899869919435
1219 1.0
1243 1.0
1298 1.0
