0 1.0
1 1.0
39 1.0
45 1.3010299956639813
46 1.0
74 1.0
75 1.0
76 1.0
93 1.0
137 1.0
148 1.0
180 1.0
205 1.0
223 1.0
224 1.0
229 1.0
236 1.3010299956639813
247 1.3010299956639813
251 1.3010299956639813
273 1.0
278 1.0
287 1.0
305 1.0
306 1.0
311 1.4771212547196624
325 1.0
332 1.0
375 1.3010299956639813
402 1.0
427 1.0
434 1.0
444 1.0
463 1.0
467 1.0
496 1.3010299956639813
519 1.3010299956639813
555 1.4771212547196624
588 1.0
600 1.0
615 1.0
622 1.0
633 1.4771212547196624
653 1.0
654 1.0
657 1.0
674 1.0
675 1.0
680 1.0
682 1.0
690 1.3010299956639813
692 1.0
694 1.4771212547196624
706 1.0
709 1.7781512503836436
715 1.0
718 1.0
731 1.3010299956639813
741 1.0
752 1.0
756 1.0
761 1.9030899869919435
769 1.0
770 1.0
774 1.3010299956639813
795 1.4771212547196624
797 1.0
807 1.0
814 1.3010299956639813
829 1.3010299956639813
849 1.0
868 1.3010299956639813
869 1.3010299956639813
871 1.0
904 1.0
931 1.0
933 1.0
964 1.3010299956639813
992 1.6020599913279625
1002 1.0
1015 1.0
1016 1.0
1019 1.0
1025 1.0
1027 1.0
1036 1.0
1037 1.0
1040 1.0
1044 1.0
1048 1.4771212547196624
1055 1.0
1057 1.0
1058 1.0
1071 1.0
1083 1.3010299956639813
1093 1.0
1140 1.0
1164 1.0
1165 1.0
1178 1.0
1187 1.0
1189 1.0
1192 1.3010299956639813
1198 1.0
1209 1.0
1236 1.0
1237 1.0
1258 1.0
1285 1.0
1294 1.0
