3 1.6020599913279625
34 1.4771212547196624
46 1.0
79 1.3010299956639813
118 1.0
127 1.0
219 1.0
244 1.0
253 1.0
260 1.0
274 1.0
387 1.0
392 1.0
402 1.0
412 1.3010299956639813
427 1.0
433 1.0
434 1.0
444 1.3010299956639813
454 1.0
459 1.0
463 1.0
496 1.0
498 1.0
524 1.0
540 1.0
549 1.0
552 1.0
565 1.0
572 1.0
633 1.0
687 1.0
765 1.3010299956639813
782 1.0
812 1.0
994 1.0
1036 1.0
1040 1.0
1043 1.0
1045 1.0
1046 1.3010299956639813
1048 1.4771212547196624
1062 1.3010299956639813
1084 1.0
1085 1.0
1087 1.0
1204 1.6020599913279625
1293 1.0
1295 1.0
1311 1.0
1316 1.0
