32 1.0
34 1.3010299956639813
65 1.0
81 1.0
113 1.0
114 1.0
136 1.0
140 1.0
182 1.0
193 1.0
222 1.0
244 1.0
247 1.0
253 1.0
261 1.0
268 1.0
271 1.0
274 1.3010299956639813
289 1.3010299956639813
309 1.0
329 1.0
330 1.0
353 1.0
368 1.3010299956639813
392 1.0
399 1.0
400 1.0
412 1.0
417 1.0
425 1.0
432 1.3010299956639813
433 1.0
434 1.3010299956639813
444 1.0
450 1.0
456 1.0
466 1.0
496 1.0
500 1.0
501 1.0
550 1.0
572 1.0
577 1.0
584 1.0
585 1.0
626 1.0
651 1.0
653 1.0
674 1.0
675 1.0
689 1.0
692 1.0
736 1.0
742 1.0
744 1.0
756 1.0
768 1.0
790 1.0
795 1.0
821 1.0
837 1.0
851 1.0
864 1.0
871 1.0
885 1.0
914 1.0
934 1.0
956 1.0
965 1.0
1013 1.0
1028 1.0
1029 1.0
1045 1.0
1048 1.0
1073 1.0
1083 1.0
1194 1.3010299956639813
1274 1.0
1298 1.0
