12 1.4771212547196624
73 1.0
138 1.3010299956639813
272 1.3010299956639813
273 2.079181246047625
274 1.3010299956639813
305 1.9030899869919435
452 1.0
453 1.0
482 1.0
498 1.0
517 1.0
539 1.6020599913279625
543 1.4771212547196624
544 1.4771212547196624
567 2.079181246047625
575 1.0
589 1.4771212547196624
613 1.0
677 1.3010299956639813
694 1.0
761 1.0
793 1.0
823 1.0
837 1.0
845 1.0
851 1.0
854 1.0
870 1.3010299956639813
893 1.0
929 1.0
935 1.3010299956639813
1014 1.0
1037 1.0
1065 1.0
1072 1.0
1081 1.0
1221 1.0
1304 1.0
1322 1.0
