56 1.0
76 1.0
103 1.0
121 1.0
139 1.0
174 1.3010299956639813
209 1.0
234 1.0
238 1.0
241 1.0
247 1.0
253 1.0
256 1.4771212547196624
272 1.0
274 1.0
275 1.0
277 1.3010299956639813
281 1.0
300 1.0
305 1.0
310 1.3010299956639813
314 1.3010299956639813
329 1.4771212547196624
330 1.3010299956639813
355 1.0
398 1.6020599913279625
420 1.0
421 1.0
427 1.0
429 1.3010299956639813
449 1.3010299956639813
474 1.0
482 1.0
498 1.3010299956639813
517 1.3010299956639813
518 1.0
531 1.0
535 1.0
537 1.0
540 1.4771212547196624
541 1.4771212547196624
543 1.6020599913279625
544 1.6020599913279625
545 1.3010299956639813
550 1.3010299956639813
558 1.6989700043360187
561 1.3010299956639813
565 1.0
566 1.0
567 1.3010299956639813
570 1.3010299956639813
573 1.0
574 1.0
575 1.0
577 1.0
580 1.0
584 1.0
585 1.0
589 1.7781512503836436
592 1.3010299956639813
593 1.0
600 1.0
608 1.3010299956639813
613 1.6020599913279625
622 1.0
647 1.0
650 1.0
651 1.0
653 1.0
659 1.0
663 1.0
674 1.0
675 1.0
682 1.0
687 1.3010299956639813
692 1.0
694 1.4771212547196624
711 1.3010299956639813
724 1.0
736 1.0
739 1.0
743 1.0
754 1.0
761 1.0
764 1.0
769 1.0
795 1.3010299956639813
823 1.0
826 1.3010299956639813
837 1.6020599913279625
839 1.3010299956639813
840 1.3010299956639813
845 1.6989700043360187
848 1.0
849 1.0
850 1.0
851 1.3010299956639813
893 1.845098040014257
895 1.0
903 1.0
922 1.3010299956639813
939 1.3010299956639813
940 1.0
948 1.3010299956639813
953 1.0
1014 1.0
1028 1.3010299956639813
1029 1.3010299956639813
1032 1.0
1034 1.3010299956639813
1038 1.0
1040 1.3010299956639813
1041 1.3010299956639813
1047 1.0
1051 1.0
1055 1.0
1060 1.0
1061 1.0
1062 1.4771212547196624
1064 1.0
1065 1.4771212547196624
1070 1.0
1072 1.0
1078 1.3010299956639813
1084 1.0
1089 1.0
1090 1.0
1102 1.0
1104 1.0
1105 1.3010299956639813
1106 1.3010299956639813
1107 1.0
1110 1.0
1119 1.0
1125 1.3010299956639813
1126 1.0
1149 1.0
1150 1.0
1181 1.0
1194 1.0
1200 1.0
1204 1.0
1214 1.0
1226 1.0
1231 1.0
1238 1.0
1239 1.0
1268 1.0
1283 1.3010299956639813
1300 1.0
