0 1.3010299956639813
3 1.0
6 1.3010299956639813
50 1.0
83 1.0
86 1.0
88 1.0
94 1.0
139 1.3010299956639813
145 1.0
149 1.0
213 1.0
218 1.0
221 1.0
229 1.0
247 1.3010299956639813
254 1.0
255 1.0
264 1.0
284 1.0
330 1.0
356 1.0
361 1.0
415 1.0
453 1.0
480 1.0
496 1.0
521 1.3010299956639813
538 1.0
539 1.0
540 1.0
542 1.0
546 1.0
549 1.0
592 1.0
600 1.0
622 1.0
626 1.0
665 1.0
671 1.0
682 1.3010299956639813
683 1.0
695 1.0
715 1.0
748 1.0
749 1.0
790 1.6020599913279625
826 1.0
838 1.0
845 1.0
851 1.0
855 1.0
871 1.0
874 1.0
902 1.0
941 1.0
982 1.0
983 1.0
1019 1.0
1029 1.0
1040 1.0
1064 1.3010299956639813
1072 1.0
1073 1.3010299956639813
1080 1.0
1090 1.0
1117 1.0
1118 1.0
1137 1.0
1138 1.0
1141 1.3010299956639813
1142 1.3010299956639813
1153 1.0
1190 1.0
1268 1.0
1298 1.0
