29 1.0
42 1.0
68 1.0
71 1.6989700043360187
72 1.3010299956639813
89 1.3010299956639813
103 1.0
108 1.3010299956639813
128 1.0
129 1.0
135 1.6020599913279625
194 1.6020599913279625
199 1.0
210 1.0
242 1.0
243 1.0
255 1.0
258 1.0
266 1.0
277 1.3010299956639813
289 1.0
370 1.0
386 1.0
398 1.0
405 1.0
445 1.0
484 1.3010299956639813
498 1.0
512 1.0
520 1.0
525 1.3010299956639813
534 1.0
579 1.0
588 1.3010299956639813
589 1.0
593 1.0
594 1.3010299956639813
610 1.0
643 1.0
646 1.0
665 1.0
668 1.0
672 1.0
694 1.0
696 1.0
702 1.0
720 1.0
727 1.0
731 1.0
741 1.0
743 1.0
748 1.4771212547196624
753 1.4771212547196624
758 1.0
761 1.4771212547196624
812 1.0
819 1.0
823 1.0
845 1.0
851 1.3010299956639813
864 1.3010299956639813
885 1.0
892 1.0
893 1.0
905 1.3010299956639813
915 1.3010299956639813
926 1.0
929 1.0
948 1.0
963 1.0
971 1.0
1005 1.0
1006 1.0
1011 1.0
1012 1.0
1015 1.4771212547196624
1016 1.4771212547196624
1018 1.0
1020 1.6020599913279625
1043 1.0
1053 1.0
1054 1.6020599913279625
1057 1.4771212547196624
1058 1.4771212547196624
1064 1.0
1070 1.6020599913279625
1096 2.255272505103306
1097 1.0
1103 1.0
1110 1.0
1121 1.0
1126 1.0
1137 1.3010299956639813
1138 1.3010299956639813
1139 2.0
1140 2.0
1141 1.0
1142 1.0
1147 1.0
1148 1.0
1149 1.3010299956639813
1150 1.3010299956639813
1158 1.0
1164 1.0
1191 1.0
1194 1.3010299956639813
1221 1.4771212547196624
1227 1.0
1237 1.0
1246 1.0
1247 1.0
1248 1.0
1252 1.3010299956639813
1257 1.0
1310 1.0
