6 1.0
20 1.6020599913279625
45 1.3010299956639813
47 1.0
50 1.3010299956639813
59 1.0
60 1.0
74 1.0
90 1.0
93 1.0
96 1.3010299956639813
98 1.0
99 1.0
100 1.0
101 1.0
104 1.3010299956639813
115 1.0
125 1.3010299956639813
127 1.3010299956639813
142 1.4771212547196624
145 1.0
150 1.0
158 1.0
159 1.4771212547196624
162 1.7781512503836436
167 1.0
171 1.6020599913279625
189 1.0
191 1.0
192 1.6020599913279625
193 1.0
197 1.3010299956639813
207 1.3010299956639813
209 1.0
211 1.0
220 1.0
259 1.3010299956639813
268 1.0
270 1.0
274 1.4771212547196624
275 1.3010299956639813
279 1.3010299956639813
288 1.0
293 1.0
296 1.0
299 1.0
301 1.3010299956639813
312 1.3010299956639813
314 1.3010299956639813
318 1.3010299956639813
322 1.0
330 1.0
339 1.4771212547196624
343 1.0
348 1.0
353 1.3010299956639813
360 1.3010299956639813
361 1.4771212547196624
364 1.3010299956639813
378 1.6989700043360187
386 1.0
390 1.0
391 1.4771212547196624
396 1.6989700043360187
406 1.3010299956639813
413 1.0
428 1.3010299956639813
433 1.0
454 1.0
455 1.0
461 1.0
468 1.0
474 1.0
479 1.0
488 1.0
494 1.0
497 1.0
505 1.0
508 1.0
515 1.0
528 1.0
534 1.0
542 1.0
546 1.0
556 1.0
561 1.0
570 1.845098040014257
580 1.3010299956639813
586 1.0
614 1.0
616 1.0
622 1.0
646 1.0
687 1.3010299956639813
690 1.0
692 1.0
706 1.0
709 1.0
715 1.0
725 1.0
732 1.0
733 1.0
735 1.3010299956639813
744 1.0
763 1.0
782 1.3010299956639813
787 1.3010299956639813
821 1.0
829 1.0
837 1.0
847 1.3010299956639813
849 1.0
850 1.3010299956639813
851 1.3010299956639813
889 1.4771212547196624
890 1.4771212547196624
896 1.0
901 1.0
915 1.0
918 1.0
926 1.3010299956639813
932 1.0
933 1.6020599913279625
942 1.0
963 1.0
977 1.0
989 1.3010299956639813
1008 1.0
1027 1.0
1042 1.0
1052 1.7781512503836436
1053 1.0
1055 1.0
1056 1.0
1073 1.4771212547196624
1087 1.0
1095 1.7781512503836436
1099 1.0
1124 1.0
1127 1.0
1128 1.0
1129 1.3010299956639813
1130 1.3010299956639813
1139 1.0
1140 1.0
1160 1.0
1165 1.0
1170 1.0
1175 1.0
1193 1.0
1198 1.0
1211 1.0
1226 1.0
1227 1.0
1228 1.0
1231 1.0
1241 1.4771212547196624
1260 1.0
1277 1.0
1304 1.6020599913279625
1318 1.0
