2 1.3010299956639813
7 1.0
20 1.4771212547196624
35 1.0
41 1.0
45 1.0
113 1.0
114 1.0
125 1.0
157 1.0
207 1.0
265 1.0
273 1.0
309 1.0
310 1.3010299956639813
323 1.6989700043360187
334 1.3010299956639813
337 1.3010299956639813
344 1.0
353 1.0
362 1.0
567 1.0
591 1.0
615 1.0
636 1.0
656 1.0
664 1.0
687 1.0
688 1.0
730 1.6020599913279625
792 1.0
806 1.0
824 1.0
825 1.0
847 1.0
848 1.0
867 1.0
894 1.0
926 1.0
943 1.3010299956639813
944 1.3010299956639813
950 1.0
968 1.0
991 1.0
993 1.0
997 1.0
1110 1.0
1129 1.0
1130 1.0
1177 1.0
1185 1.0
1271 1.0
