29 1.6020599913279625
65 1.3010299956639813
66 1.0
71 1.0
75 2.0413926851582254
77 1.0
80 1.0
84 1.3010299956639813
89 1.0
96 1.6020599913279625
102 1.3010299956639813
123 1.0
124 1.0
130 1.0
135 1.6020599913279625
144 1.3010299956639813
164 1.3010299956639813
171 1.3010299956639813
180 1.6020599913279625
182 1.3010299956639813
183 1.7781512503836436
187 1.0
193 1.0
194 1.7781512503836436
209 1.4771212547196624
210 1.0
211 1.3010299956639813
212 1.6020599913279625
213 1.6020599913279625
217 1.0
222 1.3010299956639813
224 1.3010299956639813
226 1.4771212547196624
228 1.0
234 1.6020599913279625
238 1.0
241 1.0
243 1.6020599913279625
259 1.0
261 1.3010299956639813
264 1.0
267 1.0
271 1.3010299956639813
273 1.0
274 1.0
277 1.3010299956639813
289 1.4771212547196624
294 1.0
297 1.4771212547196624
302 1.3010299956639813
309 1.0
314 2.079181246047625
319 1.4771212547196624
327 1.0
328 1.6989700043360187
329 1.6020599913279625
334 1.7781512503836436
344 2.5314789170422554
346 1.0
355 1.3010299956639813
373 1.0
374 1.0
398 1.0
403 1.0
420 1.3010299956639813
421 1.0
425 1.0
429 1.0
431 1.0
433 1.0
440 1.6989700043360187
441 1.3010299956639813
457 1.0
458 1.4771212547196624
461 1.3010299956639813
466 1.0
473 2.113943352306837
475 1.0
491 1.0
506 1.0
521 1.3010299956639813
533 1.0
540 1.0
550 1.3010299956639813
551 1.4771212547196624
555 1.0
572 1.0
590 1.0
592 1.0
601 1.0
602 1.0
603 1.0
613 1.0
615 1.0
622 1.3010299956639813
624 1.0
632 1.0
643 1.0
645 1.0
652 1.0
664 1.0
665 1.0
670 1.0
677 1.4771212547196624
682 1.0
687 1.0
688 1.6020599913279625
689 1.3010299956639813
690 1.3010299956639813
694 1.9030899869919435
695 1.0
696 1.6020599913279625
704 1.0
706 1.0
707 1.0
714 1.0
715 1.0
718 1.0
725 1.0
726 1.0
727 1.0
734 1.0
738 1.0
748 1.0
755 1.3010299956639813
761 1.845098040014257
765 1.0
769 1.4771212547196624
770 1.0
779 1.0
788 1.0
790 1.0
812 1.0
820 1.0
824 1.4771212547196624
825 1.4771212547196624
828 1.0
829 1.0
841 1.3010299956639813
845 1.0
848 1.3010299956639813
851 1.3010299956639813
855 1.3010299956639813
860 1.0
868 1.0
869 1.0
870 1.0
889 1.4771212547196624
890 1.4771212547196624
891 1.0
893 1.3010299956639813
901 1.0
914 1.0
915 1.0
919 1.0
926 1.0
927 1.4771212547196624
929 1.0
931 1.0
941 1.0
989 1.0
1007 1.0
1016 1.0
1020 1.7781512503836436
1022 1.0
1027 1.0
1028 1.0
1032 1.4771212547196624
1047 1.6020599913279625
1049 2.4313637641589874
1053 1.3010299956639813
1063 1.0
1065 1.3010299956639813
1067 1.3010299956639813
1072 1.3010299956639813
1080 1.0
1083 1.0
1086 1.3010299956639813
1092 1.0
1096 2.57978359661681
1117 1.3010299956639813
1118 1.3010299956639813
1129 1.4771212547196624
1130 1.4771212547196624
1143 1.0
1144 1.0
1150 1.0
1171 1.0
1190 1.3010299956639813
1202 1.0
1204 1.0
1214 1.0
1245 1.0
1247 1.0
1249 1.3010299956639813
1254 1.0
1262 1.0
1263 1.0
1277 1.0
1283 1.3010299956639813
1298 1.9030899869919435
1315 1.0
