27 1.0
49 1.3010299956639813
120 1.0
136 1.0
147 1.0
172 1.0
203 1.0
209 1.6020599913279625
210 1.0
211 1.0
219 1.0
224 1.0
248 1.3010299956639813
249 1.0
260 1.3010299956639813
271 1.3010299956639813
274 1.6020599913279625
280 1.0
313 1.3010299956639813
353 1.0
370 1.0
403 1.0
409 1.0
427 1.0
436 1.0
441 1.0
446 1.0
447 1.0
451 1.4771212547196624
476 1.0
478 1.0
486 1.4771212547196624
491 1.0
498 1.0
515 1.0
527 1.0
533 1.3010299956639813
534 1.3010299956639813
538 1.0
540 1.0
542 1.6020599913279625
548 1.0
549 1.0
560 1.0
562 1.0
563 1.0
592 1.0
608 1.0
651 1.0
683 1.0
707 1.3010299956639813
708 1.0
714 1.0
716 1.4771212547196624
720 1.0
721 1.0
744 1.0
749 1.0
779 1.0
790 1.0
814 1.0
815 1.0
847 1.0
848 1.0
914 1.0
932 1.0
989 1.0
1011 1.3010299956639813
1012 1.3010299956639813
1015 1.4771212547196624
1016 1.6020599913279625
1033 1.0
1057 1.3010299956639813
1058 1.3010299956639813
1068 1.3010299956639813
1114 1.3010299956639813
1126 1.0
1127 1.3010299956639813
1128 1.3010299956639813
1131 1.0
1132 1.0
1137 1.0
1138 1.0
1139 1.0
1140 1.0
1147 1.0
1148 1.0
1150 1.0
1182 1.0
1221 1.0
1254 1.0
1270 1.0
1293 1.0
1294 1.0
1307 1.0
1308 1.0
1318 1.0
