28 1.0
34 1.4771212547196624
37 1.3010299956639813
83 1.0
84 1.3010299956639813
91 1.3010299956639813
115 1.0
118 1.3010299956639813
137 1.0
176 1.0
209 1.0
211 1.0
217 1.6020599913279625
218 1.0
219 1.0
220 1.3010299956639813
222 1.7781512503836436
235 1.3010299956639813
242 1.0
248 1.0
251 1.0
259 1.0
265 1.0
272 1.0
273 1.3010299956639813
280 1.0
293 1.0
305 1.0
310 1.0
323 1.0
327 1.0
350 1.0
374 1.3010299956639813
394 1.4771212547196624
401 1.0
403 1.0
409 1.0
414 1.3010299956639813
425 1.0
427 1.4771212547196624
434 1.0
436 1.0
440 1.0
444 1.0
446 1.3010299956639813
447 1.0
455 1.4771212547196624
463 2.0
493 1.3010299956639813
494 1.0
506 1.0
510 1.4771212547196624
521 1.0
524 1.4771212547196624
527 1.0
531 1.0
538 1.0
539 1.0
540 1.3010299956639813
546 1.0
548 1.3010299956639813
550 1.0
552 1.3010299956639813
587 1.3010299956639813
592 1.0
593 1.0
608 1.0
644 1.0
658 1.0
661 1.0
663 1.0
677 1.0
679 1.3010299956639813
682 1.0
688 1.0
707 1.0
710 1.3010299956639813
716 1.0
720 1.0
748 1.0
765 1.0
771 1.0
773 1.0
786 1.0
788 1.0
790 1.3010299956639813
821 1.0
897 1.0
901 1.0
903 1.0
906 1.0
929 1.3010299956639813
943 1.4771212547196624
944 1.4771212547196624
963 1.0
974 1.0
1008 1.3010299956639813
1050 1.0
1060 1.0
1073 1.0
1119 1.0
1191 1.0
1227 1.0
1241 1.0
1243 1.3010299956639813
1245 1.3010299956639813
1252 1.0
1259 1.4771212547196624
1271 1.0
1272 1.4771212547196624
1289 1.0
1317 1.0
1321 1.3010299956639813
