5 1.0
20 1.7781512503836436
24 1.7781512503836436
44 1.0
81 1.6989700043360187
93 1.3010299956639813
110 1.0
134 1.3010299956639813
139 1.0
148 1.0
160 1.4771212547196624
166 1.7781512503836436
195 1.3010299956639813
253 1.0
274 1.0
288 1.3010299956639813
307 1.4771212547196624
314 1.4771212547196624
353 1.6989700043360187
364 1.0
368 1.0
417 1.4771212547196624
423 1.6020599913279625
498 1.0
499 1.3010299956639813
520 1.0
550 1.0
567 1.3010299956639813
575 1.0
586 1.0
589 1.3010299956639813
677 1.0
765 1.3010299956639813
897 1.3010299956639813
941 1.0
951 1.0
972 1.0
1021 1.0
1040 1.6020599913279625
1045 1.3010299956639813
1153 1.0
1160 1.0
