10 1.0
24 1.6989700043360187
35 1.6020599913279625
39 1.0
40 1.0
41 1.6020599913279625
59 1.0
60 1.0
90 1.3010299956639813
93 1.0
118 1.0
125 1.3010299956639813
147 1.0
174 1.0
192 1.0
213 1.3010299956639813
222 1.3010299956639813
240 1.0
267 1.0
319 1.0
386 1.0
387 2.146128035678238
400 1.0
405 1.0
409 1.4771212547196624
410 1.0
412 1.3010299956639813
417 1.3010299956639813
421 1.0
430 1.0
444 1.3010299956639813
459 1.0
462 1.0
463 1.0
479 1.3010299956639813
493 1.0
510 1.4771212547196624
542 1.3010299956639813
546 1.0
548 1.0
551 1.0
552 1.0
577 1.3010299956639813
581 1.0
601 1.0
615 1.0
630 1.0
658 1.0
681 1.0
685 1.0
696 1.3010299956639813
698 1.0
701 1.0
719 1.0
720 1.0
723 1.6020599913279625
739 1.0
797 1.0
824 1.0
825 1.0
838 1.0
901 1.0
902 1.0
939 1.0
950 1.0
979 1.0
981 1.4771212547196624
983 1.0
988 1.0
1014 1.0
1040 1.4771212547196624
1045 1.0
1062 1.4771212547196624
1066 1.0
1070 1.0
1072 1.3010299956639813
1084 1.0
1087 1.0
1090 1.4771212547196624
1141 1.0
1142 1.0
1204 1.0
1219 1.0
1270 1.0
1272 1.0
1286 1.3010299956639813
1289 1.0
1311 1.0
1324 1.0
