3 1.0
6 1.0
17 1.4771212547196624
21 1.0
22 1.4771212547196624
39 1.0
41 1.0
46 1.0
91 1.6020599913279625
100 1.3010299956639813
111 1.0
116 1.3010299956639813
118 1.0
120 1.0
137 1.0
148 1.0
157 1.0
171 1.0
189 1.0
198 1.0
208 1.0
214 1.0
216 1.0
223 1.0
249 1.0
257 1.0
271 1.0
273 1.3010299956639813
277 1.3010299956639813
288 1.0
298 1.0
309 1.0
310 1.3010299956639813
314 1.0
319 1.0
323 1.0
335 1.0
341 1.6989700043360187
345 1.0
360 1.0
364 1.0
367 1.0
384 1.0
385 1.0
388 1.0
393 1.4771212547196624
399 1.3010299956639813
400 1.0
402 1.3010299956639813
409 1.7781512503836436
412 1.0
427 1.0
429 1.0
432 1.0
448 1.0
456 1.0
464 1.0
472 1.0
476 1.0
480 1.0
483 1.0
485 1.0
493 1.0
494 1.0
515 1.0
518 1.3010299956639813
529 1.0
530 1.0
538 1.0
545 1.0
558 1.3010299956639813
580 1.6989700043360187
586 1.3010299956639813
597 1.0
598 1.0
601 1.3010299956639813
614 1.9542425094393248
615 1.7781512503836436
622 1.0
630 1.0
634 1.0
640 1.3010299956639813
643 1.3010299956639813
646 1.0
647 1.0
650 1.0
659 1.0
688 1.0
690 1.0
692 1.3010299956639813
703 1.3010299956639813
704 1.0
710 1.0
720 1.0
731 1.3010299956639813
741 1.3010299956639813
745 1.0
746 1.0
752 1.0
754 1.3010299956639813
756 1.0
761 1.6989700043360187
771 1.9030899869919435
772 1.3010299956639813
779 1.0
792 1.0
793 1.0
802 1.0
803 1.0
805 1.3010299956639813
807 1.3010299956639813
822 1.0
824 1.4771212547196624
825 1.4771212547196624
839 1.845098040014257
840 1.845098040014257
850 1.3010299956639813
851 1.3010299956639813
868 1.3010299956639813
869 1.3010299956639813
889 1.4771212547196624
890 1.4771212547196624
891 1.3010299956639813
904 1.0
905 1.0
909 1.3010299956639813
910 1.4771212547196624
917 1.0
924 1.0
927 1.0
931 1.0
937 1.0
941 1.0
942 1.0
943 1.6020599913279625
944 1.6020599913279625
946 1.3010299956639813
951 1.3010299956639813
959 1.3010299956639813
961 1.3010299956639813
963 1.4771212547196624
964 1.0
966 1.0
972 1.6020599913279625
1000 1.6020599913279625
1027 1.0
1039 1.3010299956639813
1040 1.0
1043 1.0
1049 1.0
1050 1.0
1060 1.0
1063 1.0
1065 1.0
1070 1.0
1076 1.0
1087 1.0
1104 1.0
1107 1.0
1110 1.3010299956639813
1121 1.3010299956639813
1126 1.0
1156 1.0
1159 1.3010299956639813
1161 1.7781512503836436
1193 1.0
1196 1.0
1198 1.0
1200 1.0
1201 1.0
1204 1.0
1205 1.0
1219 1.0
1257 1.0
1259 1.3010299956639813
1263 1.0
1268 1.0
1280 1.0
1286 1.0
1289 1.0
1293 1.4771212547196624
1294 1.0
1297 1.0
1303 1.0
1317 1.4771212547196624
