2 1.0
74 1.6020599913279625
75 1.3010299956639813
94 1.0
107 1.0
132 1.6020599913279625
157 1.9542425094393248
163 1.3010299956639813
176 1.6989700043360187
180 1.6020599913279625
190 1.0
193 1.0
199 1.6989700043360187
204 1.6020599913279625
207 1.845098040014257
208 1.0
227 1.6989700043360187
230 1.3010299956639813
237 1.3010299956639813
241 1.4771212547196624
242 1.4771212547196624
245 1.0
247 1.9542425094393248
256 2.079181246047625
257 1.6989700043360187
261 1.0
264 2.079181246047625
265 1.0
270 1.0
273 1.4771212547196624
277 1.0
280 1.0
296 1.0
301 1.3010299956639813
306 1.0
310 1.7781512503836436
319 1.0
329 1.3010299956639813
343 1.0
350 1.3010299956639813
353 1.0
357 1.0
376 1.0
382 1.6020599913279625
384 1.3010299956639813
385 1.6020599913279625
386 1.4771212547196624
388 1.3010299956639813
398 1.845098040014257
401 1.6020599913279625
429 1.0
442 1.3010299956639813
449 1.0
454 1.3010299956639813
488 1.9030899869919435
496 1.0
500 1.0
506 1.0
534 1.4771212547196624
535 1.9542425094393248
537 1.6020599913279625
539 1.0
543 1.6989700043360187
544 1.6989700043360187
550 1.3010299956639813
566 1.9030899869919435
568 1.9542425094393248
569 1.9542425094393248
570 1.0
575 1.3010299956639813
576 1.0
582 1.0
583 1.0
584 1.0
585 1.0
589 1.3010299956639813
593 1.6989700043360187
596 1.3010299956639813
597 1.6989700043360187
598 1.6989700043360187
602 1.4771212547196624
603 1.4771212547196624
609 1.4771212547196624
611 1.4771212547196624
632 1.0
650 1.0
651 1.4771212547196624
664 1.0
671 1.0
674 1.6020599913279625
675 1.6020599913279625
677 1.0
682 1.3010299956639813
684 1.3010299956639813
687 1.6989700043360187
688 1.3010299956639813
691 1.4771212547196624
692 1.3010299956639813
694 1.0
695 1.0
698 1.3010299956639813
699 1.0
708 1.0
711 1.0
713 1.3010299956639813
717 1.0
721 1.0
731 1.6020599913279625
742 1.0
749 1.0
751 1.3010299956639813
763 1.3010299956639813
764 1.3010299956639813
770 1.4771212547196624
779 1.3010299956639813
781 1.6020599913279625
794 1.4771212547196624
802 1.0
803 1.0
824 1.0
825 1.0
837 1.0
839 1.3010299956639813
840 1.3010299956639813
845 1.4771212547196624
847 1.0
851 1.0
861 1.3010299956639813
867 1.6020599913279625
870 1.3010299956639813
880 1.0
895 1.0
913 1.4771212547196624
914 1.4771212547196624
922 1.4771212547196624
924 1.0
948 1.7781512503836436
958 1.0
959 1.0
964 1.0
973 1.0
1013 1.3010299956639813
1019 1.0
1028 1.0
1032 1.6989700043360187
1033 1.0
1036 1.4771212547196624
1037 1.0
1041 2.146128035678238
1043 1.0
1050 1.3010299956639813
1059 1.6020599913279625
1061 1.845098040014257
1062 1.0
1064 1.845098040014257
1071 1.0
1072 1.3010299956639813
1080 1.3010299956639813
1086 1.3010299956639813
1089 1.3010299956639813
1091 1.0
1092 1.6989700043360187
1105 1.0
1106 1.0
1114 1.4771212547196624
1119 1.0
1135 1.0
1136 1.0
1137 1.0
1138 1.0
1141 1.0
1142 1.0
1145 1.0
1146 1.0
1147 1.0
1148 1.0
1149 1.0
1150 1.0
1151 1.0
1170 1.0
1175 1.3010299956639813
1183 1.0
1189 1.0
1199 1.3010299956639813
1218 1.0
1222 1.0
1260 1.3010299956639813
1261 1.0
1266 1.0
1272 1.0
1274 1.845098040014257
1276 1.0
1283 1.0
1302 1.0
1304 1.4771212547196624
1314 2.1760912590556813
