0 1.0
4 1.0
9 1.0
13 1.4771212547196624
14 1.0
17 1.6020599913279625
21 1.3010299956639813
22 1.0
34 1.4771212547196624
36 1.0
37 1.0
42 1.0
43 1.4771212547196624
46 1.0
48 1.3010299956639813
50 1.0
51 1.6020599913279625
56 1.0
57 1.0
58 1.0
59 1.0
60 1.0
62 1.0
69 1.6020599913279625
77 1.0
86 1.0
89 1.0
91 1.0
94 1.0
95 1.3010299956639813
96 1.0
97 1.0
100 1.0
110 1.0
118 1.0
121 1.0
123 1.3010299956639813
124 1.3010299956639813
131 1.3010299956639813
134 1.6989700043360187
135 1.0
136 1.0
137 1.0
142 1.0
143 1.3010299956639813
145 1.0
146 1.0
147 1.0
148 1.7781512503836436
171 1.0
176 1.3010299956639813
179 1.3010299956639813
185 1.0
190 1.0
191 1.0
192 1.0
196 1.6020599913279625
197 1.4771212547196624
200 1.0
201 1.0
202 1.6020599913279625
209 1.0
211 1.0
220 1.4771212547196624
221 1.0
224 1.0
229 1.0
237 1.3010299956639813
239 1.3010299956639813
245 1.0
247 1.0
254 1.3010299956639813
255 1.0
260 1.0
267 1.3010299956639813
274 1.0
275 1.0
278 1.0
279 1.0
280 1.0
284 1.0
285 1.0
287 1.4771212547196624
291 1.845098040014257
297 1.3010299956639813
306 1.0
319 1.6020599913279625
322 1.6020599913279625
323 1.3010299956639813
324 1.0
325 1.0
327 1.3010299956639813
330 1.0
332 1.0
333 1.0
341 1.3010299956639813
344 1.0
349 1.0
350 1.4771212547196624
357 1.0
360 1.0
364 1.0
368 1.3010299956639813
373 1.0
380 1.6020599913279625
381 1.3010299956639813
383 1.0
386 1.0
390 1.0
392 1.0
393 1.0
395 1.6989700043360187
396 1.3010299956639813
398 1.0
400 1.7781512503836436
403 1.0
409 1.4771212547196624
411 1.0
412 1.0
415 1.0
417 1.0
422 1.0
427 1.6020599913279625
430 1.0
434 1.0
435 1.0
437 1.0
446 1.3010299956639813
451 1.0
457 1.9030899869919435
462 1.3010299956639813
463 1.3010299956639813
468 1.4771212547196624
476 1.0
481 1.0
482 1.0
484 1.0
487 1.4771212547196624
489 1.0
493 1.0
496 1.3010299956639813
497 1.845098040014257
499 1.0
502 1.0
503 1.3010299956639813
506 1.3010299956639813
517 1.3010299956639813
518 1.0
528 1.3010299956639813
529 1.0
538 1.4771212547196624
542 1.4771212547196624
547 1.0
549 1.6020599913279625
551 1.3010299956639813
552 1.3010299956639813
554 1.0
572 1.3010299956639813
586 1.0
587 1.0
588 1.845098040014257
589 1.3010299956639813
599 1.0
601 1.0
631 1.6989700043360187
640 1.6020599913279625
645 1.0
647 1.0
651 1.0
661 1.0
664 1.3010299956639813
669 1.3010299956639813
671 1.3010299956639813
678 1.0
679 1.0
681 1.4771212547196624
682 1.0
685 1.0
686 1.6020599913279625
687 1.3010299956639813
690 1.0
693 1.6020599913279625
696 1.3010299956639813
698 1.3010299956639813
714 1.0
716 1.0
717 1.0
718 1.0
720 1.3010299956639813
723 1.0
730 1.0
742 1.6020599913279625
745 1.0
764 1.0
766 1.0
771 1.6020599913279625
779 1.0
782 1.0
787 1.0
788 1.3010299956639813
790 1.0
792 1.3010299956639813
794 1.6020599913279625
815 1.0
838 1.7781512503836436
843 1.6020599913279625
848 1.4771212547196624
853 1.0
854 1.0
862 1.0
868 1.9030899869919435
869 1.9030899869919435
870 1.0
872 1.3010299956639813
876 1.0
878 1.0
881 1.0
892 1.0
901 1.3010299956639813
903 1.0
911 1.3010299956639813
915 1.0
916 1.0
937 1.3010299956639813
940 1.0
943 1.0
944 1.0
952 1.0
955 1.0
959 1.0
969 1.0
972 1.0
989 1.0
990 1.0
998 1.0
1013 1.0
1017 1.0
1022 1.0
1026 1.3010299956639813
1027 1.4771212547196624
1028 1.0
1047 1.0
1052 1.6020599913279625
1054 1.3010299956639813
1055 1.7781512503836436
1068 1.0
1081 1.0
1093 1.0
1095 1.845098040014257
1096 1.0
1101 1.0
1104 1.3010299956639813
1129 1.0
1130 1.0
1160 1.0
1161 1.0
1166 1.0
1173 1.0
1177 1.0
1180 1.0
1181 1.0
1193 1.6989700043360187
1194 1.0
1196 1.0
1207 1.6989700043360187
1213 1.0
1221 1.0
1230 1.0
1233 1.0
1235 1.0
1236 1.0
1239 1.0
1243 1.0
1259 1.4771212547196624
1263 1.3010299956639813
1271 1.0
1274 1.0
1277 1.4771212547196624
1293 1.0
1298 1.6989700043360187
1302 1.0
1315 1.0
