123 1.3010299956639813
124 1.3010299956639813
130 1.0
136 1.0
158 1.0
171 1.0
182 1.0
183 1.0
184 1.0
185 1.0
209 1.0
210 1.0
211 1.0
212 1.3010299956639813
231 1.0
260 1.0
271 1.0
277 1.0
291 1.0
298 1.0
309 1.0
313 1.0
333 1.0
335 1.3010299956639813
362 1.0
390 1.0
423 1.0
424 1.0
425 1.4771212547196624
427 1.0
434 1.0
440 1.0
460 1.4771212547196624
470 1.0
476 1.0
493 1.0
494 1.0
498 1.3010299956639813
509 1.0
527 1.0
532 1.0
542 1.0
572 1.3010299956639813
601 1.0
628 1.0
631 1.0
679 1.0
681 1.0
707 1.0
714 1.0
720 1.0
728 1.3010299956639813
731 1.0
733 1.0
763 1.3010299956639813
768 1.0
773 1.0
781 1.3010299956639813
782 1.0
784 1.0
788 1.3010299956639813
789 1.0
790 1.3010299956639813
797 1.0
804 1.0
820 1.0
839 1.0
840 1.0
879 1.0
889 1.0
890 1.0
905 1.0
906 1.0
959 1.3010299956639813
1020 1.0
1054 1.0
1103 1.3010299956639813
1186 1.0
1190 1.6020599913279625
1225 1.0
1228 1.0
1249 1.6020599913279625
1254 1.3010299956639813
1263 1.4771212547196624
1284 1.0
1298 1.0
