10 1.4771212547196624
35 1.3010299956639813
54 1.4771212547196624
117 1.0
252 1.0
261 1.0
265 1.6989700043360187
274 1.0
275 1.0
386 1.6020599913279625
400 1.6020599913279625
405 1.3010299956639813
409 1.0
482 1.0
493 1.0
567 1.0
584 1.0
585 1.0
659 1.0
739 1.6020599913279625
743 1.0
771 1.0
787 1.0
841 1.3010299956639813
848 2.146128035678238
850 1.0
864 1.0
870 1.845098040014257
885 1.3010299956639813
895 1.0
903 1.0
906 1.0
911 1.6020599913279625
924 1.9542425094393248
925 1.4771212547196624
927 1.0
950 1.7781512503836436
962 1.3010299956639813
970 1.6020599913279625
989 1.6989700043360187
990 1.6989700043360187
1021 1.0
1048 1.0
1096 1.3010299956639813
