5 2.1760912590556813
34 1.0
48 1.0
61 1.4771212547196624
84 1.0
93 1.0
159 1.0
174 1.0
180 1.0
219 1.0
222 1.3010299956639813
256 1.4771212547196624
333 1.3010299956639813
420 1.0
425 1.0
440 1.0
449 1.3010299956639813
493 1.0
516 1.0
528 1.0
541 1.0
565 1.0
567 1.3010299956639813
599 1.0
622 1.4771212547196624
624 1.0
634 1.0
642 1.0
653 1.3010299956639813
677 1.0
683 1.0
690 1.0
703 1.0
707 1.0
718 1.0
759 1.3010299956639813
761 1.0
767 1.0
802 1.4771212547196624
803 1.4771212547196624
837 1.3010299956639813
870 1.0
885 1.3010299956639813
897 1.0
963 1.0
1015 1.0
1016 1.0
1028 1.0
1043 1.0
1057 1.0
1058 1.0
1063 1.0
1078 1.0
1109 1.0
1131 1.4771212547196624
1132 1.4771212547196624
1166 1.0
1177 1.0
1183 1.0
1211 1.0
1232 1.0
1237 1.0
1243 1.0
1281 1.0
1286 1.0
1307 1.0
1311 1.0
