13 1.0
41 1.0
94 1.0
111 1.0
113 1.0
114 1.0
127 1.0
142 1.3010299956639813
158 1.0
165 1.0
190 1.0
203 1.3010299956639813
204 1.0
205 1.0
219 1.0
220 1.0
273 1.0
283 1.0
288 1.0
293 1.0
306 1.0
314 1.0
319 1.4771212547196624
339 1.0
340 1.0
361 1.0
364 1.0
391 1.0
400 1.0
408 1.0
420 1.0
424 1.0
463 1.0
482 1.3010299956639813
497 1.0
498 1.0
505 1.0
506 1.3010299956639813
508 1.0
520 1.0
530 1.0
531 1.0
541 1.0
577 1.0
582 1.0
583 1.0
588 1.0
599 1.0
621 1.0
627 1.0
643 1.3010299956639813
665 1.0
668 1.3010299956639813
670 1.0
687 1.0
706 1.0
710 1.0
717 1.0
721 1.0
741 1.0
748 1.3010299956639813
754 1.0
759 1.0
813 1.0
815 1.0
845 1.4771212547196624
907 1.0
908 1.0
922 1.3010299956639813
941 1.0
963 1.0
1011 1.3010299956639813
1012 1.3010299956639813
1013 1.3010299956639813
1015 1.0
1016 1.0
1019 1.4771212547196624
1022 1.3010299956639813
1027 1.0
1033 1.0
1049 1.0
1057 1.3010299956639813
1058 1.3010299956639813
1080 1.0
1093 1.0
1109 1.3010299956639813
1111 1.0
1112 1.0
1129 1.0
1130 1.0
1137 1.0
1138 1.0
1166 1.0
1171 1.0
1177 1.0
1234 1.3010299956639813
1237 1.0
1240 1.3010299956639813
1258 1.0
1266 1.0
1268 1.0
1274 1.3010299956639813
1280 1.3010299956639813
1297 1.0
1312 1.0
1323 1.0
