158 1.3010299956639813
171 1.0
182 1.0
183 1.6989700043360187
209 1.6020599913279625
211 1.3010299956639813
222 1.0
231 1.0
244 1.0
255 1.0
278 1.0
313 1.0
428 1.0
468 1.3010299956639813
470 1.4771212547196624
475 1.0
480 1.0
506 1.0
520 1.0
522 1.0
685 1.0
714 1.3010299956639813
744 1.3010299956639813
768 1.3010299956639813
782 1.3010299956639813
786 1.6989700043360187
788 1.3010299956639813
790 1.4771212547196624
1079 1.0
1205 1.3010299956639813
1257 1.3010299956639813
1263 1.0
1291 1.0
1303 1.6989700043360187
1312 1.6989700043360187
1315 1.6020599913279625
