34 1.0
49 1.0
75 1.0
89 1.0
127 1.0
139 1.0
171 1.0
176 1.4771212547196624
196 1.4771212547196624
202 1.0
208 1.0
227 1.0
247 1.3010299956639813
250 1.0
253 1.3010299956639813
260 1.0
273 1.6020599913279625
274 1.0
275 1.0
297 1.4771212547196624
303 1.0
309 1.0
310 1.0
337 1.3010299956639813
364 1.3010299956639813
370 1.0
379 1.4771212547196624
398 1.0
427 1.0
429 1.0
437 1.3010299956639813
440 1.3010299956639813
449 1.0
476 1.3010299956639813
482 1.0
496 1.0
520 1.0
555 1.0
567 1.0
577 1.0
587 1.0
589 1.6020599913279625
591 1.0
597 1.0
598 1.0
611 1.0
616 1.0
625 1.3010299956639813
633 1.4771212547196624
644 1.0
647 1.0
651 1.0
653 1.3010299956639813
676 1.0
683 1.0
689 1.0
694 1.0
696 1.0
705 1.4771212547196624
708 1.0
713 1.0
716 1.0
721 1.0
739 2.146128035678238
749 1.0
751 1.0
771 2.146128035678238
786 1.0
787 1.9030899869919435
790 1.0
797 1.0
805 1.0
815 1.0
819 1.3010299956639813
820 1.0
845 1.0
859 1.3010299956639813
864 1.9542425094393248
872 1.0
887 1.3010299956639813
888 1.3010299956639813
893 1.0
897 1.0
906 1.0
909 1.0
918 1.4771212547196624
920 1.0
925 1.0
926 1.3010299956639813
927 1.0
929 1.0
930 1.0
950 2.361727836017593
959 1.0
963 1.0
966 1.0
971 1.0
982 1.0
995 1.0
997 1.4771212547196624
1001 1.0
1007 1.3010299956639813
1013 1.4771212547196624
1029 1.3010299956639813
1032 1.3010299956639813
1034 1.0
1052 1.0
1055 1.6020599913279625
1062 1.0
1065 1.6989700043360187
1068 1.6020599913279625
1072 1.0
1073 1.3010299956639813
1076 1.0
1081 1.3010299956639813
1104 1.4771212547196624
1126 1.0
1131 1.0
1132 1.0
1137 1.0
1138 1.0
1139 1.3010299956639813
1140 1.4771212547196624
1141 1.3010299956639813
1142 1.3010299956639813
1145 1.4771212547196624
1146 1.4771212547196624
1152 1.0
1161 1.0
1190 1.3010299956639813
1195 1.3010299956639813
1225 1.0
1264 1.0
1279 1.6989700043360187
1293 1.0
1304 1.0
1305 1.4771212547196624
1323 1.0
