34 1.4771212547196624
37 1.0
75 1.3010299956639813
84 1.0
94 1.0
103 1.9542425094393248
109 1.3010299956639813
112 1.3010299956639813
121 1.0
138 1.0
142 1.6020599913279625
153 1.4771212547196624
157 1.0
172 1.4771212547196624
176 1.3010299956639813
193 1.0
195 1.6989700043360187
200 1.6020599913279625
201 1.9542425094393248
211 1.0
222 1.0
229 1.0
241 1.0
247 1.3010299956639813
253 1.4771212547196624
254 2.0413926851582254
256 1.0
264 1.3010299956639813
267 1.0
272 1.0
275 1.3010299956639813
278 1.3010299956639813
280 1.6020599913279625
297 1.0
309 1.0
310 1.0
344 1.0
356 1.0
368 1.4771212547196624
380 1.0
383 1.3010299956639813
391 1.0
392 1.0
398 1.0
403 1.0
434 1.0
440 1.0
446 1.0
447 1.0
451 1.0
463 1.0
475 1.0
478 1.3010299956639813
480 1.0
486 1.0
498 2.0413926851582254
504 1.0
505 1.0
510 1.3010299956639813
514 1.4771212547196624
518 1.0
524 1.3010299956639813
536 1.0
538 1.0
540 1.3010299956639813
541 1.0
549 1.0
555 1.0
558 1.0
561 1.0
566 1.4771212547196624
577 1.0
581 1.0
584 1.0
585 1.0
586 1.0
587 1.0
593 1.3010299956639813
597 1.3010299956639813
598 1.3010299956639813
601 1.0
608 1.0
613 1.0
645 1.0
651 1.0
657 1.0
677 1.0
686 1.0
687 1.0
692 1.0
693 1.0
697 1.0
715 1.0
719 1.0
723 1.0
734 1.0
742 1.0
749 1.0
752 1.0
754 1.0
755 1.0
765 1.0
770 1.0
771 1.4771212547196624
772 1.0
773 1.0
779 1.0
787 1.4771212547196624
796 1.0
798 1.4771212547196624
826 1.3010299956639813
839 1.0
840 1.0
845 1.3010299956639813
850 1.3010299956639813
870 1.0
871 1.4771212547196624
885 1.0
893 1.0
895 1.0
897 1.0
902 1.0
911 1.0
928 1.0
939 1.0
959 1.0
971 1.0
975 1.0
1024 1.0
1032 1.0
1034 1.0
1043 1.0
1056 1.0
1062 1.0
1064 1.6989700043360187
1065 1.3010299956639813
1073 1.0
1080 1.3010299956639813
1089 1.3010299956639813
1102 1.0
1110 1.0
1119 1.3010299956639813
1120 1.3010299956639813
1153 1.0
1156 2.0
1162 1.0
1163 1.3010299956639813
1173 1.0
1211 1.0
1213 1.0
1226 1.0
1237 1.0
1267 1.0
1269 1.0
1271 1.0
1275 1.0
1276 1.0
1279 1.0
1285 1.0
1290 1.0
1293 1.0
1298 1.0
1310 1.0
1317 1.0
1321 1.0
