65 1.4771212547196624
156 1.0
158 1.0
171 1.0
172 1.6020599913279625
173 1.4771212547196624
182 1.845098040014257
183 2.342422680822206
205 1.845098040014257
206 1.7781512503836436
209 2.6627578316815743
210 2.0
211 1.3010299956639813
214 1.6020599913279625
215 1.6989700043360187
216 2.0
217 2.278753600952829
218 1.7781512503836436
219 1.6989700043360187
220 2.342422680822206
222 2.4471580313422194
223 1.4771212547196624
224 1.7781512503836436
225 2.079181246047625
226 1.9030899869919435
228 1.3010299956639813
231 1.4771212547196624
233 1.3010299956639813
243 1.0
244 2.0
259 1.0
428 1.0
460 1.845098040014257
468 1.4771212547196624
489 1.7781512503836436
493 1.0
495 1.0
502 1.6020599913279625
510 1.0
516 1.0
521 1.3010299956639813
524 1.0
533 1.0
564 1.0
572 1.3010299956639813
643 1.0
683 1.0
686 1.6020599913279625
714 1.4771212547196624
744 1.4771212547196624
768 1.4771212547196624
773 1.0
788 1.6989700043360187
790 1.6020599913279625
1252 1.3010299956639813
1257 1.6989700043360187
1267 2.255272505103306
1286 2.079181246047625
1291 1.7781512503836436
1295 1.6020599913279625
1315 1.3010299956639813
1323 1.4771212547196624
