1 1.0
6 1.3010299956639813
14 1.0
16 1.0
17 1.0
18 1.4771212547196624
21 1.0
34 1.3010299956639813
37 1.3010299956639813
40 1.0
41 1.0
43 1.0
45 1.4771212547196624
50 1.4771212547196624
56 1.6020599913279625
62 1.4771212547196624
65 1.3010299956639813
69 1.0
80 1.0
82 1.0
84 1.845098040014257
86 1.3010299956639813
88 1.3010299956639813
91 1.0
94 1.0
97 1.3010299956639813
103 1.3010299956639813
104 1.0
106 1.0
111 1.3010299956639813
115 1.0
117 1.3010299956639813
118 1.3010299956639813
122 1.4771212547196624
125 1.0
136 1.0
138 1.4771212547196624
141 1.0
142 1.0
145 1.3010299956639813
149 1.0
153 1.0
157 1.0
175 1.6989700043360187
181 1.0
189 1.4771212547196624
191 1.0
198 1.0
205 1.0
209 1.0
218 1.0
226 1.0
236 1.3010299956639813
237 1.0
241 1.0
248 1.0
254 1.0
259 1.0
265 1.0
268 1.3010299956639813
270 1.0
273 1.4771212547196624
274 1.0
290 1.0
298 1.4771212547196624
302 1.0
310 1.4771212547196624
311 1.3010299956639813
312 1.4771212547196624
314 1.0
315 1.0
319 1.4771212547196624
322 1.3010299956639813
325 1.0
332 1.3010299956639813
333 1.6020599913279625
337 1.0
354 1.0
362 1.0
389 1.3010299956639813
394 1.0
396 1.0
397 1.0
400 1.3010299956639813
401 1.0
407 1.0
409 1.0
411 1.4771212547196624
418 1.3010299956639813
419 1.0
430 1.0
431 1.9030899869919435
434 1.0
440 1.0
445 1.0
447 1.0
453 1.0
459 1.0
466 1.0
474 1.0
482 1.0
487 1.6989700043360187
488 1.3010299956639813
499 1.6020599913279625
503 1.6020599913279625
508 1.0
524 1.0
527 1.0
531 1.0
535 1.3010299956639813
537 1.0
540 1.0
546 1.0
550 1.3010299956639813
552 1.0
555 1.3010299956639813
556 1.0
557 1.0
566 1.6020599913279625
567 1.0
570 1.3010299956639813
573 1.0
574 1.0
582 1.6989700043360187
583 1.6989700043360187
586 1.0
587 1.0
588 1.0
595 1.0
596 1.0
597 1.6989700043360187
598 1.6989700043360187
608 1.0
611 1.845098040014257
615 2.146128035678238
617 1.0
620 1.3010299956639813
622 1.6020599913279625
633 1.4771212547196624
636 1.0
637 1.0
638 1.0
639 1.0
643 1.6020599913279625
645 1.6989700043360187
646 1.0
647 1.0
651 1.0
654 1.0
657 1.3010299956639813
658 1.0
660 1.0
664 1.4771212547196624
666 1.0
673 1.0
674 2.113943352306837
675 2.113943352306837
676 1.0
679 1.0
680 1.0
682 1.3010299956639813
689 1.0
692 1.0
694 1.0
697 1.0
700 1.0
703 1.0
704 1.0
709 1.0
717 1.0
721 1.0
723 1.0
730 1.0
731 1.6020599913279625
740 1.3010299956639813
742 1.4771212547196624
748 1.6020599913279625
751 1.6020599913279625
756 1.3010299956639813
759 1.0
763 1.0
764 1.0
767 1.0
768 1.0
771 2.0
774 1.0
775 1.0
784 1.0
787 1.0
790 1.3010299956639813
792 1.0
794 1.0
795 1.3010299956639813
797 1.4771212547196624
800 1.0
804 1.4771212547196624
808 1.0
809 1.0
819 1.3010299956639813
823 1.0
824 1.6020599913279625
825 1.6020599913279625
836 1.0
838 1.3010299956639813
847 1.3010299956639813
848 1.4771212547196624
849 1.3010299956639813
857 1.0
867 1.3010299956639813
872 1.0
878 1.3010299956639813
884 1.4771212547196624
886 1.0
887 1.0
888 1.0
894 1.3010299956639813
897 1.3010299956639813
899 1.0
901 1.0
903 1.0
907 1.3010299956639813
910 1.0
912 1.0
913 1.0
915 1.3010299956639813
916 1.0
918 1.0
919 1.3010299956639813
921 1.0
924 1.0
925 1.0
926 1.0
927 1.4771212547196624
933 1.0
939 1.0
943 1.7781512503836436
944 1.7781512503836436
945 1.0
946 1.0
947 1.3010299956639813
948 1.4771212547196624
950 1.0
955 1.0
956 1.0
958 1.0
959 1.0
960 1.0
963 1.0
965 1.0
969 1.9542425094393248
971 1.3010299956639813
975 1.0
978 1.6020599913279625
979 1.0
981 1.6020599913279625
985 1.9030899869919435
989 1.0
991 1.6989700043360187
993 1.0
994 1.0
997 1.4771212547196624
998 1.3010299956639813
1000 1.3010299956639813
1001 1.0
1006 1.0
1016 1.4771212547196624
1019 2.4313637641589874
1021 1.0
1026 1.0
1035 1.0
1036 1.0
1037 1.0
1043 1.0
1044 1.0
1049 1.0
1050 1.0
1051 1.0
1052 1.0
1056 1.3010299956639813
1061 1.6020599913279625
1064 1.3010299956639813
1068 1.4771212547196624
1078 1.3010299956639813
1080 1.3010299956639813
1081 1.0
1086 1.0
1104 1.0
1108 1.0
1120 1.3010299956639813
1121 1.3010299956639813
1129 1.7781512503836436
1130 1.7781512503836436
1131 1.0
1132 1.0
1135 1.0
1136 1.0
1137 1.3010299956639813
1138 1.3010299956639813
1139 1.6020599913279625
1140 1.9030899869919435
1141 1.0
1142 1.0
1145 1.6989700043360187
1146 1.6989700043360187
1147 1.3010299956639813
1148 1.3010299956639813
1149 1.0
1150 1.6020599913279625
1151 1.0
1152 1.0
1156 1.3010299956639813
1159 1.0
1160 1.0
1169 1.0
1170 1.0
1177 1.0
1180 1.4771212547196624
1188 1.0
1193 1.0
1194 1.0
1204 1.0
1208 1.0
1222 1.3010299956639813
1227 1.4771212547196624
1228 1.0
1231 1.0
1235 1.0
1245 1.0
1247 1.0
1251 1.0
1254 1.0
1258 1.0
1259 1.3010299956639813
1261 1.0
1265 1.3010299956639813
1270 1.0
1275 1.3010299956639813
1277 1.0
1278 1.0
1279 1.0
1285 1.0
1290 1.0
1292 1.0
1293 1.0
1294 1.0
1296 1.4771212547196624
1297 1.0
1298 1.0
1306 1.6020599913279625
1308 1.0
1311 1.0
1318 1.0
1321 1.6989700043360187
