2 1.6020599913279625
9 1.9030899869919435
25 1.0
41 1.3010299956639813
65 1.0
75 1.0
76 1.0
93 1.0
98 1.6020599913279625
113 1.0
114 1.0
126 1.0
129 1.0
130 1.0
142 1.0
152 1.0
171 1.0
192 1.7781512503836436
194 1.0
208 1.0
211 1.0
236 1.0
247 1.0
254 1.0
264 1.0
298 1.0
306 1.0
323 1.0
376 1.0
386 1.0
388 1.0
412 1.0
422 1.0
429 1.0
434 1.0
450 1.6989700043360187
497 1.0
498 1.3010299956639813
517 2.146128035678238
518 1.4771212547196624
540 1.0
582 1.0
583 1.0
588 1.0
613 1.0
616 1.0
643 1.0
651 1.0
684 1.0
694 1.3010299956639813
696 1.0
703 1.0
712 1.0
713 1.0
760 1.0
881 1.6989700043360187
927 1.0
948 1.0
969 1.3010299956639813
1022 1.0
1025 1.0
1037 1.6020599913279625
1041 1.3010299956639813
1065 1.0
1081 1.0
1096 1.3010299956639813
1104 1.0
1157 1.6020599913279625
1168 1.6020599913279625
1176 1.6020599913279625
1178 1.3010299956639813
1179 1.0
1181 1.0
1194 1.0
1214 1.0
1221 1.0
1242 1.4771212547196624
1289 1.0
