1 1.0
3 1.4771212547196624
9 1.3010299956639813
37 1.4771212547196624
40 1.0
69 1.3010299956639813
80 1.0
86 1.0
94 1.3010299956639813
110 1.0
115 1.0
121 1.0
123 1.3010299956639813
124 1.3010299956639813
135 1.0
143 1.0
146 1.0
188 1.0
237 1.0
256 1.4771212547196624
258 1.0
261 1.0
267 1.0
272 1.0
274 1.0
276 1.4771212547196624
302 1.0
314 1.0
319 1.3010299956639813
332 1.0
336 1.6020599913279625
337 1.0
349 1.6020599913279625
364 1.0
366 1.3010299956639813
388 1.0
398 1.3010299956639813
408 1.0
429 1.3010299956639813
487 1.0
498 1.0
499 1.0
511 1.0
522 1.0
537 1.0
561 1.0
573 1.0
574 1.0
579 1.0
588 1.0
589 1.3010299956639813
622 1.3010299956639813
634 1.0
644 1.6020599913279625
676 1.0
677 1.3010299956639813
702 1.0
745 1.0
751 1.0
752 1.0
756 1.3010299956639813
761 1.0
769 1.0
772 1.0
810 1.3010299956639813
812 1.0
819 1.3010299956639813
824 1.0
825 1.0
842 1.0
847 1.0
897 1.3010299956639813
924 1.0
939 1.6020599913279625
941 1.0
948 1.0
963 1.0
1020 1.4771212547196624
1022 1.0
1026 1.3010299956639813
1028 1.0
1031 1.0
1035 1.0
1036 1.0
1068 1.3010299956639813
1080 1.0
1081 1.4771212547196624
1096 1.0
1139 1.0
1140 1.0
1143 1.0
1144 1.0
1151 1.0
1174 2.0413926851582254
1186 1.3010299956639813
1213 1.0
1223 1.0
1228 1.3010299956639813
1230 1.0
1232 1.3010299956639813
1237 1.0
1240 1.3010299956639813
1259 1.0
1266 1.0
1277 1.3010299956639813
1319 1.0
1321 1.0
