61 1.0
113 1.0
114 1.0
121 1.0
272 1.4771212547196624
274 1.0
275 1.0
277 1.4771212547196624
289 1.0
307 1.3010299956639813
353 1.3010299956639813
387 1.0
498 1.0
517 1.0
558 1.4771212547196624
565 1.0
567 1.3010299956639813
589 1.4771212547196624
592 1.0
651 1.3010299956639813
659 1.3010299956639813
667 1.0
696 1.0
713 1.0
749 1.0
754 1.0
828 1.0
870 1.3010299956639813
893 1.4771212547196624
896 1.3010299956639813
933 1.0
1042 1.0
1055 1.0
1096 1.0
1126 1.0
1204 1.0
1221 1.3010299956639813
1222 1.0
1232 1.0
1283 1.0
1314 1.0
1318 1.0
