5 1.0
15 1.0
25 1.0
32 1.0
37 1.0
41 1.3010299956639813
47 1.3010299956639813
50 1.0
54 1.0
63 1.0
75 1.6020599913279625
90 1.0
93 1.0
118 1.0
121 1.0
139 1.0
140 1.0
158 1.0
176 1.3010299956639813
182 1.0
197 1.0
206 1.0
220 1.4771212547196624
222 1.0
231 1.0
235 1.0
236 1.0
240 1.0
244 1.0
247 1.4771212547196624
248 1.0
251 1.0
255 1.0
258 1.0
266 1.0
271 1.0
302 1.0
310 1.0
327 1.3010299956639813
346 1.0
356 1.0
384 1.0
385 1.0
388 1.3010299956639813
395 1.0
400 1.0
427 1.0
430 1.3010299956639813
434 1.3010299956639813
442 1.0
453 1.3010299956639813
455 1.3010299956639813
463 1.0
469 1.0
476 1.0
478 1.0
496 1.0
498 1.0
500 1.0
506 1.0
516 1.0
532 1.0
539 1.0
541 1.0
543 1.0
544 1.0
548 1.0
554 1.0
568 1.0
569 1.0
586 1.0
593 1.0
594 1.0
597 1.3010299956639813
598 1.3010299956639813
602 1.0
603 1.0
608 1.3010299956639813
639 1.4771212547196624
644 1.0
645 1.4771212547196624
647 1.0
652 1.0
659 1.0
664 1.0
668 1.0
670 1.0
671 1.0
674 1.0
675 1.0
676 1.3010299956639813
677 1.0
684 1.0
686 1.0
697 1.0
699 1.4771212547196624
703 1.0
705 1.0
706 1.0
710 1.0
716 1.0
717 1.0
722 1.0
723 1.3010299956639813
748 1.0
754 1.0
755 1.0
769 1.0
770 1.0
779 1.0
781 1.0
783 1.0
786 1.3010299956639813
821 1.0
826 1.0
839 1.0
840 1.0
851 1.0
870 1.3010299956639813
885 1.0
897 1.0
909 1.0
915 1.0
918 1.0
963 1.0
1005 1.3010299956639813
1013 1.0
1015 1.0
1016 1.0
1019 1.0
1057 1.0
1058 1.0
1064 1.0
1065 1.0
1067 1.0
1070 1.3010299956639813
1072 1.0
1073 1.4771212547196624
1078 1.6020599913279625
1083 1.0
1091 1.0
1099 1.0
1109 1.0
1113 1.3010299956639813
1120 1.0
1127 1.0
1128 1.0
1129 1.4771212547196624
1130 1.4771212547196624
1135 1.0
1136 1.0
1137 1.4771212547196624
1138 1.4771212547196624
1139 1.0
1140 1.0
1143 1.0
1144 1.0
1147 1.4771212547196624
1148 1.4771212547196624
1149 1.3010299956639813
1150 1.3010299956639813
1160 1.3010299956639813
1162 1.0
1167 1.0
1190 1.0
1194 1.0
1210 1.0
1213 1.0
1214 1.0
1226 1.4771212547196624
1228 1.0
1231 1.3010299956639813
1265 1.3010299956639813
1267 1.0
1269 1.0
1277 1.3010299956639813
1282 1.0
1285 1.3010299956639813
1290 1.0
1292 1.3010299956639813
1293 1.0
1295 1.3010299956639813
1308 1.0
1309 1.0
1313 1.0
1315 1.0
1317 1.0
1318 1.3010299956639813
1321 1.0
1324 1.0
