0 1.0
10 1.0
20 1.0
22 1.0
23 1.0
24 1.3010299956639813
29 1.6020599913279625
41 1.3010299956639813
45 1.0
51 1.0
54 1.0
56 1.0
65 1.3010299956639813
68 1.0
69 1.0
81 1.6020599913279625
82 1.3010299956639813
86 1.3010299956639813
87 1.3010299956639813
88 1.4771212547196624
94 1.3010299956639813
96 1.3010299956639813
110 1.845098040014257
116 1.0
121 1.0
138 1.4771212547196624
139 1.9542425094393248
140 1.0
143 1.7781512503836436
145 1.9542425094393248
146 1.0
149 2.1760912590556813
150 1.0
152 1.0
155 1.4771212547196624
156 1.4771212547196624
163 1.3010299956639813
177 1.0
194 1.7781512503836436
195 1.3010299956639813
200 1.0
201 1.0
244 1.0
250 1.6989700043360187
251 1.0
253 1.3010299956639813
256 1.0
262 1.845098040014257
264 1.0
265 1.3010299956639813
269 1.845098040014257
270 1.0
274 2.146128035678238
275 1.6020599913279625
279 1.0
281 1.4771212547196624
283 1.3010299956639813
284 1.4771212547196624
289 1.6989700043360187
290 1.4771212547196624
297 1.3010299956639813
299 1.0
301 1.0
303 1.0
306 1.6020599913279625
307 1.3010299956639813
314 1.9030899869919435
317 1.0
327 1.0
337 2.0413926851582254
344 1.3010299956639813
346 1.4771212547196624
358 1.3010299956639813
364 1.9030899869919435
367 1.7781512503836436
368 1.0
372 1.0
385 1.0
389 1.4771212547196624
390 1.0
396 1.0
398 1.6020599913279625
399 1.0
413 1.3010299956639813
418 1.0
420 1.0
424 1.0
429 1.4771212547196624
433 1.0
442 1.3010299956639813
444 1.4771212547196624
449 1.4771212547196624
450 1.0
460 1.4771212547196624
465 1.0
470 1.0
473 1.4771212547196624
474 1.4771212547196624
475 1.3010299956639813
482 1.3010299956639813
485 1.3010299956639813
489 1.3010299956639813
496 1.0
497 1.6020599913279625
499 1.0
501 1.3010299956639813
502 1.0
516 1.4771212547196624
518 1.6020599913279625
519 1.3010299956639813
520 1.0
523 1.6020599913279625
540 1.0
543 1.3010299956639813
544 1.3010299956639813
550 1.0
558 1.3010299956639813
567 1.6020599913279625
570 1.0
571 1.3010299956639813
572 1.0
576 1.4771212547196624
577 2.0413926851582254
584 1.6020599913279625
585 1.6020599913279625
588 2.0
589 1.9030899869919435
592 1.3010299956639813
593 1.0
599 1.0
608 1.0
613 1.4771212547196624
615 1.0
622 1.0
624 1.3010299956639813
625 1.0
630 1.3010299956639813
636 1.6020599913279625
640 1.0
643 1.3010299956639813
651 1.3010299956639813
656 1.3010299956639813
669 1.0
671 1.0
677 1.6020599913279625
679 1.3010299956639813
682 1.0
683 1.0
687 1.7781512503836436
688 1.0
689 1.0
690 1.845098040014257
692 1.0
694 1.4771212547196624
696 1.0
705 1.0
709 1.0
727 1.0
732 1.0
736 1.0
743 2.230448921378274
749 1.3010299956639813
760 1.0
761 1.3010299956639813
762 1.4771212547196624
764 1.0
771 1.0
773 1.0
776 1.0
779 1.3010299956639813
790 1.0
794 1.7781512503836436
799 1.0
800 1.0
801 1.0
802 1.3010299956639813
803 1.3010299956639813
805 1.0
811 1.0
812 1.3010299956639813
820 1.0
823 1.9030899869919435
838 1.4771212547196624
839 1.3010299956639813
840 1.3010299956639813
841 1.0
845 1.3010299956639813
847 1.0
848 1.4771212547196624
850 1.0
851 1.3010299956639813
854 1.6020599913279625
859 1.0
860 1.3010299956639813
868 1.3010299956639813
869 1.3010299956639813
870 1.6020599913279625
872 1.0
876 1.0
878 1.0
889 1.7781512503836436
890 1.7781512503836436
893 1.7781512503836436
895 1.3010299956639813
896 1.0
897 1.0
903 1.9030899869919435
914 1.3010299956639813
922 1.0
924 1.0
926 1.7781512503836436
933 1.0
935 1.0
941 1.0
950 1.4771212547196624
959 1.3010299956639813
962 1.3010299956639813
963 1.0
964 1.0
968 1.0
969 1.6020599913279625
976 1.0
979 1.3010299956639813
981 1.0
982 1.0
989 1.0
991 1.3010299956639813
1000 1.0
1007 1.0
1013 1.0
1018 1.0
1021 1.0
1022 1.3010299956639813
1027 1.0
1032 1.3010299956639813
1035 1.3010299956639813
1038 1.845098040014257
1043 1.4771212547196624
1047 1.6020599913279625
1048 1.845098040014257
1049 1.0
1055 2.1760912590556813
1060 1.0
1065 1.0
1069 1.3010299956639813
1074 1.0
1075 1.0
1076 1.3010299956639813
1079 1.3010299956639813
1080 1.3010299956639813
1086 1.0
1090 1.0
1093 1.3010299956639813
1095 1.6989700043360187
1096 1.3010299956639813
1098 1.6020599913279625
1099 1.6020599913279625
1113 1.0
1119 1.3010299956639813
1121 2.0413926851582254
1127 1.0
1128 1.0
1129 1.0
1130 1.0
1152 1.0
1153 1.845098040014257
1154 1.0
1155 1.6020599913279625
1158 1.0
1159 1.845098040014257
1184 1.0
1193 1.0
1197 1.3010299956639813
1198 1.0
1200 1.0
1215 1.0
1258 1.0
1260 1.0
1278 1.0
1287 1.0
1291 1.3010299956639813
1304 1.0
1309 1.0
1313 1.3010299956639813
1315 1.0
1318 1.0
1320 1.0
