7 1.0
11 1.0
12 1.3010299956639813
13 1.6020599913279625
24 1.6020599913279625
33 1.3010299956639813
34 1.0
41 1.3010299956639813
47 1.6020599913279625
56 1.4771212547196624
57 1.4771212547196624
65 1.0
68 1.0
71 1.3010299956639813
84 1.0
118 1.0
119 1.0
128 1.0
136 1.3010299956639813
147 1.0
210 1.0
211 1.0
213 1.0
217 1.0
219 1.0
220 1.3010299956639813
222 1.4771212547196624
223 1.0
228 1.0
229 1.0
232 1.0
256 1.0
306 1.6989700043360187
311 1.3010299956639813
316 1.6020599913279625
325 1.0
337 1.0
343 1.3010299956639813
349 1.0
351 1.0
352 1.0
379 1.7781512503836436
394 1.0
403 1.3010299956639813
409 1.0
427 1.0
430 1.0
436 1.4771212547196624
455 1.0
461 1.0
493 1.3010299956639813
503 1.0
515 1.0
521 1.0
538 1.0
540 1.0
546 1.0
550 1.6989700043360187
551 1.0
552 1.0
555 1.0
572 1.0
588 1.0
601 1.3010299956639813
631 1.0
637 1.0
642 1.0
679 1.0
681 1.3010299956639813
682 1.4771212547196624
686 1.3010299956639813
687 1.0
693 1.3010299956639813
705 1.0
710 1.0
722 1.3010299956639813
761 1.0
764 1.0
794 1.3010299956639813
837 1.4771212547196624
839 1.0
840 1.0
841 1.0
851 1.4771212547196624
914 1.0
929 1.0
1042 1.6020599913279625
1063 1.0
1065 1.0
1068 1.3010299956639813
1080 1.0
1089 1.0
1107 1.0
1109 1.0
1124 1.3010299956639813
1129 1.0
1130 1.0
1139 1.0
1140 1.0
1163 1.0
1167 1.3010299956639813
1168 1.0
1170 1.0
1172 1.9030899869919435
1177 1.4771212547196624
1180 1.3010299956639813
1182 1.4771212547196624
1183 1.3010299956639813
1194 1.0
1196 1.0
1197 2.0
1204 1.0
1220 1.0
1226 1.0
1243 1.0
1251 1.0
1269 1.0
1293 1.0
1310 1.0
