2 1.0
13 1.7781512503836436
28 1.0
31 1.0
32 1.0
33 1.0
37 1.0
57 1.0
61 1.0
73 1.0
84 1.0
102 1.0
113 1.4771212547196624
114 1.4771212547196624
116 1.0
119 1.0
121 1.0
123 1.0
124 1.0
137 1.0
172 1.6020599913279625
194 1.0
208 1.0
232 1.0
233 1.0
234 1.0
238 1.0
241 1.3010299956639813
274 1.6020599913279625
280 1.0
306 1.6020599913279625
311 1.3010299956639813
314 1.0
316 1.3010299956639813
329 1.0
340 1.0
343 1.0
374 1.0
379 1.4771212547196624
387 1.0
388 1.0
401 1.0
412 1.4771212547196624
420 1.4771212547196624
421 1.0
424 1.0
442 1.3010299956639813
444 1.0
447 1.4771212547196624
449 1.3010299956639813
452 1.845098040014257
464 1.0
483 1.0
498 1.0
506 1.6020599913279625
521 1.0
539 1.0
541 1.3010299956639813
550 1.3010299956639813
553 1.0
566 1.0
567 1.0
575 2.3979400086720375
578 1.0
580 1.0
588 1.0
592 1.0
601 1.0
608 1.0
611 1.0
621 1.3010299956639813
624 1.0
652 1.845098040014257
688 1.3010299956639813
694 1.0
707 1.0
708 1.3010299956639813
715 1.3010299956639813
724 1.0
738 1.0
743 1.0
749 1.6020599913279625
750 1.3010299956639813
752 1.0
754 1.0
760 1.0
761 1.0
795 1.6989700043360187
796 1.4771212547196624
802 1.0
803 1.0
809 1.0
812 1.0
821 1.0
845 1.4771212547196624
846 1.3010299956639813
855 1.4771212547196624
861 1.0
870 1.0
888 1.3010299956639813
908 1.0
922 1.845098040014257
931 1.0
950 1.3010299956639813
957 1.3010299956639813
964 1.0
1003 1.0
1013 1.0
1028 1.3010299956639813
1037 1.0
1062 1.0
1084 1.0
1087 1.0
1096 1.0
1104 1.0
1113 1.0
1126 1.0
1167 1.0
1170 1.0
1172 1.3010299956639813
1180 1.0
1183 1.3010299956639813
1197 1.0
1201 1.6020599913279625
1210 1.6989700043360187
1224 1.6989700043360187
1226 1.3010299956639813
1249 1.0
1252 1.0
1292 1.0
1295 1.3010299956639813
1296 1.0
1298 1.0
1300 1.0
