1 1.0
32 1.0
70 1.0
110 1.0
137 1.3010299956639813
176 1.0
208 1.3010299956639813
220 1.0
238 1.0
256 1.4771212547196624
260 1.0
261 1.0
264 1.0
271 1.0
272 1.0
273 1.3010299956639813
305 1.0
314 1.0
353 1.0
354 1.3010299956639813
374 1.0
392 1.0
393 1.0
402 1.3010299956639813
430 1.3010299956639813
432 1.0
434 1.0
449 1.0
451 1.3010299956639813
453 1.0
462 1.0
477 1.0
494 1.0
522 1.0
545 1.0
550 1.3010299956639813
567 1.0
570 1.3010299956639813
572 1.0
575 1.9542425094393248
587 1.0
588 1.0
593 1.0
602 1.0
603 1.0
613 1.0
644 1.0
665 1.6020599913279625
674 1.0
675 1.0
677 1.0
692 1.0
693 1.0
694 1.0
703 1.0
710 1.0
713 2.0
723 1.0
738 1.0
749 1.3010299956639813
761 1.3010299956639813
770 1.0
807 1.0
845 1.0
850 1.3010299956639813
896 1.0
902 1.0
914 1.0
929 1.3010299956639813
941 1.0
1019 1.0
1025 1.0
1032 1.0
1044 1.0
1047 1.0
1064 1.0
1078 1.0
1083 1.0
1088 1.0
1102 1.0
1131 1.0
1132 1.0
1165 1.3010299956639813
1183 1.0
1194 1.0
1204 1.0
1213 1.0
1226 1.3010299956639813
1237 1.3010299956639813
1245 1.0
1264 1.0
1272 1.0
1304 1.0
1322 1.0
