28 1.0
75 1.0
83 1.0
110 1.0
137 1.0
152 1.0
206 1.0
208 1.3010299956639813
253 1.0
272 1.0
277 1.3010299956639813
353 1.0
355 1.0
420 1.3010299956639813
421 1.0
441 1.0
481 1.0
498 1.0
522 1.0
573 1.0
574 1.0
588 1.0
615 1.0
652 1.0
690 1.0
703 1.0
705 1.0
723 1.0
738 1.0
761 1.0
769 1.0
788 1.0
807 1.3010299956639813
811 1.0
837 1.3010299956639813
841 1.3010299956639813
845 1.0
848 1.6989700043360187
850 1.0
854 1.6989700043360187
906 1.0
914 1.0
931 1.0
964 1.3010299956639813
1028 1.0
1050 1.0
1064 1.0
1109 1.0
1123 1.0
1237 1.0
