39 1.0
75 1.0
94 1.0
121 1.0
174 1.0
219 1.0
244 1.0
293 1.0
304 1.9542425094393248
307 1.3010299956639813
330 1.0
349 1.3010299956639813
350 1.0
361 1.0
388 1.0
417 1.0
424 1.0
444 1.0
457 1.0
482 1.0
486 1.0
555 1.6989700043360187
565 1.3010299956639813
622 1.0
676 1.0
687 1.0
694 1.4771212547196624
698 1.3010299956639813
707 1.4771212547196624
715 1.0
718 1.0
723 1.0
790 1.0
895 1.0
896 1.0
936 1.0
941 1.0
954 1.0
979 1.0
1032 1.3010299956639813
1044 1.3010299956639813
1050 1.0
1114 1.3010299956639813
1222 1.0
