4 1.0
5 1.845098040014257
6 1.3010299956639813
7 1.3010299956639813
8 1.6989700043360187
10 1.0
12 1.0
14 1.0
15 1.6020599913279625
22 2.204119982655925
24 1.9030899869919435
25 1.3010299956639813
26 1.0
33 1.0
35 1.4771212547196624
39 1.9542425094393248
40 1.0
41 1.6020599913279625
43 1.0
44 1.9542425094393248
45 2.113943352306837
47 1.0
52 1.7781512503836436
53 1.4771212547196624
54 1.4771212547196624
56 2.0
57 1.0
58 1.0
64 1.845098040014257
69 1.0
70 1.3010299956639813
73 1.0
92 1.3010299956639813
93 2.0
94 1.0
106 1.0
107 1.0
110 2.255272505103306
113 1.3010299956639813
114 1.3010299956639813
116 1.6989700043360187
119 2.0
125 1.6989700043360187
126 2.0413926851582254
127 1.0
128 1.6020599913279625
130 1.3010299956639813
132 1.0
133 1.3010299956639813
134 1.3010299956639813
138 1.845098040014257
140 1.0
143 1.4771212547196624
146 1.0
153 1.3010299956639813
155 1.3010299956639813
160 1.9542425094393248
166 1.0
176 1.0
179 1.3010299956639813
192 1.3010299956639813
198 1.4771212547196624
200 1.0
201 1.0
262 1.845098040014257
265 1.3010299956639813
267 1.845098040014257
272 1.6020599913279625
274 1.3010299956639813
277 1.4771212547196624
279 1.0
281 1.7781512503836436
286 1.3010299956639813
288 1.0
297 1.6989700043360187
300 2.0413926851582254
305 1.0
306 2.3979400086720375
311 1.0
314 1.0
316 1.9030899869919435
318 1.6989700043360187
319 2.0413926851582254
323 1.0
324 1.9542425094393248
326 1.3010299956639813
329 1.6020599913279625
330 1.4771212547196624
331 1.6989700043360187
335 1.0
336 1.6020599913279625
337 1.3010299956639813
349 1.4771212547196624
350 1.6020599913279625
351 1.0
354 1.0
355 1.0
358 1.3010299956639813
362 1.0
363 1.3010299956639813
364 2.278753600952829
372 1.0
374 1.3010299956639813
378 1.0
379 1.0
381 1.0
384 1.4771212547196624
388 1.3010299956639813
389 1.9542425094393248
404 1.0
410 1.0
416 1.4771212547196624
421 1.4771212547196624
422 1.0
423 1.0
429 1.0
430 1.4771212547196624
439 1.0
442 1.0
443 1.0
449 1.3010299956639813
459 1.0
479 1.0
492 1.0
497 1.0
498 2.0
505 1.3010299956639813
511 1.0
513 1.845098040014257
514 1.0
517 1.0
518 1.6020599913279625
522 1.0
535 1.3010299956639813
540 1.0
541 1.3010299956639813
550 1.6020599913279625
554 1.0
555 1.6020599913279625
557 1.3010299956639813
566 1.0
567 1.0
580 1.0
584 1.0
585 1.0
586 1.6020599913279625
587 1.0
588 1.4771212547196624
592 1.6020599913279625
604 1.0
605 1.0
606 1.0
611 1.3010299956639813
615 1.3010299956639813
618 1.0
619 1.4771212547196624
625 1.0
634 1.6020599913279625
637 1.4771212547196624
639 1.0
654 1.0
662 1.0
664 1.6989700043360187
669 1.0
676 1.0
677 1.845098040014257
678 1.0
680 1.6020599913279625
682 2.1760912590556813
688 1.0
690 1.0
692 1.3010299956639813
695 1.0
697 1.0
698 1.4771212547196624
704 1.0
712 1.0
713 1.0
715 1.6020599913279625
716 1.0
723 1.6989700043360187
732 1.0
742 1.0
743 1.9030899869919435
749 1.0
752 1.0
761 1.3010299956639813
769 1.6989700043360187
770 1.0
779 1.0
781 1.0
791 1.0
793 1.0
794 1.4771212547196624
797 1.3010299956639813
800 1.6989700043360187
810 1.0
812 1.3010299956639813
817 1.0
818 1.0
836 1.0
837 1.0
839 1.3010299956639813
840 1.3010299956639813
844 1.4771212547196624
846 1.4771212547196624
851 1.3010299956639813
853 1.0
860 1.0
863 1.6020599913279625
864 1.0
865 1.0
866 1.3010299956639813
870 1.0
875 1.7781512503836436
878 1.3010299956639813
888 1.0
893 1.3010299956639813
894 1.0
897 1.0
898 1.3010299956639813
904 1.0
910 1.4771212547196624
921 1.0
922 1.0
923 1.3010299956639813
924 1.0
929 1.4771212547196624
931 1.3010299956639813
933 1.3010299956639813
939 1.0
941 1.6020599913279625
942 1.0
945 1.3010299956639813
951 1.845098040014257
952 1.7781512503836436
959 1.3010299956639813
962 1.0
964 1.4771212547196624
966 1.0
967 1.0
984 1.3010299956639813
994 1.6020599913279625
1002 1.0
1008 1.0
1021 1.0
1022 1.3010299956639813
1025 1.4771212547196624
1027 1.0
1032 1.0
1034 1.7781512503836436
1037 1.6989700043360187
1038 1.4771212547196624
1042 1.0
1043 1.0
1045 1.0
1047 1.845098040014257
1051 2.079181246047625
1054 1.3010299956639813
1065 1.6989700043360187
1074 1.0
1075 1.0
1080 1.845098040014257
1083 1.0
1091 1.6020599913279625
1094 1.0
1099 1.3010299956639813
1107 1.3010299956639813
1110 1.0
1126 1.3010299956639813
1127 1.0
1128 1.0
1129 1.4771212547196624
1130 1.4771212547196624
1139 1.0
1140 1.6989700043360187
1141 1.3010299956639813
1142 1.3010299956639813
1143 1.3010299956639813
1144 1.3010299956639813
1147 1.3010299956639813
1148 1.3010299956639813
1155 1.6989700043360187
1156 1.6020599913279625
1159 2.0413926851582254
1163 1.0
1166 2.1760912590556813
1167 1.6020599913279625
1168 1.9030899869919435
1169 1.0
1170 1.9030899869919435
1171 1.0
1172 1.0
1176 1.6020599913279625
1177 1.0
1180 1.3010299956639813
1181 1.3010299956639813
1183 1.6020599913279625
1184 1.4771212547196624
1185 1.0
1188 1.4771212547196624
1191 1.3010299956639813
1196 1.3010299956639813
1198 1.4771212547196624
1204 1.0
1218 1.0
1221 1.0
1222 1.3010299956639813
1238 1.0
1258 1.0
1266 1.0
1275 1.0
1276 1.0
1287 1.3010299956639813
1294 1.3010299956639813
1304 1.4771212547196624
1309 1.0
1320 1.0
