2 1.6020599913279625
5 1.0
6 1.3010299956639813
12 1.0
41 1.0
43 1.6020599913279625
47 1.0
52 1.0
70 1.0
94 1.6989700043360187
100 1.0
101 1.0
116 1.3010299956639813
142 1.4771212547196624
254 1.0
290 1.0
294 1.0
299 1.0
300 1.7781512503836436
306 1.3010299956639813
315 1.3010299956639813
332 1.4771212547196624
350 1.0
372 1.0
430 1.0
449 1.6020599913279625
463 1.0
473 1.6020599913279625
498 1.3010299956639813
520 1.0
531 1.0
534 1.0
536 1.0
604 1.0
695 1.0
705 1.3010299956639813
723 1.0
781 1.0
790 1.0
794 1.3010299956639813
801 1.0
823 1.3010299956639813
838 1.6989700043360187
921 1.3010299956639813
922 1.0
986 1.0
990 1.0
994 1.0
1005 1.0
1016 2.146128035678238
1023 1.0
1065 1.3010299956639813
1072 1.4771212547196624
1074 1.0
1075 1.0
1129 1.0
1130 1.0
1135 1.0
1136 1.0
1150 2.204119982655925
1167 1.0
1170 1.0
1176 1.3010299956639813
1180 1.0
1181 1.0
1185 1.3010299956639813
1258 1.0
1269 1.0
