25 1.0
29 1.0
73 1.0
80 1.0
81 1.3010299956639813
121 1.0
129 1.0
130 1.7781512503836436
142 1.3010299956639813
225 1.0
234 1.0
244 1.3010299956639813
247 1.3010299956639813
248 1.0
261 1.3010299956639813
272 1.0
274 1.3010299956639813
306 1.0
314 1.0
317 1.4771212547196624
325 1.0
351 1.0
393 1.0
396 1.3010299956639813
399 1.3010299956639813
402 1.0
412 1.0
417 1.0
449 1.4771212547196624
454 1.0
473 1.4771212547196624
497 1.3010299956639813
498 1.0
537 1.0
540 1.3010299956639813
541 1.0
543 1.4771212547196624
544 1.4771212547196624
548 1.0
567 1.6020599913279625
573 1.0
574 1.0
577 1.0
580 1.6989700043360187
581 1.0
611 1.0
613 1.0
615 1.3010299956639813
617 1.0
622 1.3010299956639813
653 1.3010299956639813
677 1.3010299956639813
682 1.0
687 1.0
691 1.0
743 1.4771212547196624
749 1.0
761 1.0
779 1.0
794 1.0
823 1.0
848 1.0
850 1.0
851 1.0
860 1.0
881 1.0
892 1.0
896 1.4771212547196624
914 1.3010299956639813
915 1.0
929 1.0
954 1.0
992 1.0
1022 1.0
1028 1.0
1066 1.6020599913279625
1072 1.3010299956639813
1073 1.0
1080 1.0
1090 1.0
1092 1.3010299956639813
1147 1.0
1148 1.0
1149 1.3010299956639813
1150 1.3010299956639813
1157 1.6020599913279625
1160 1.0
1176 1.0
1221 1.0
1247 1.0
