3 1.0
15 1.0
33 1.0
34 1.0
42 1.0
54 1.3010299956639813
66 1.0
73 1.0
93 1.7781512503836436
94 1.3010299956639813
102 1.0
110 1.0
113 1.3010299956639813
114 1.3010299956639813
194 1.0
238 1.0
241 1.0
247 1.3010299956639813
256 1.0
257 1.3010299956639813
264 1.3010299956639813
280 1.0
284 1.3010299956639813
293 1.4771212547196624
302 1.0
305 1.0
307 1.0
330 1.3010299956639813
349 1.0
352 1.0
373 1.0
388 1.7781512503836436
392 1.3010299956639813
393 1.0
408 1.0
412 1.3010299956639813
424 1.4771212547196624
430 1.0
441 1.0
536 1.0
545 1.0
547 1.0
554 1.0
568 1.4771212547196624
569 1.4771212547196624
588 1.0
611 1.0
624 1.0
637 1.0
650 1.0
665 1.6020599913279625
678 1.0
682 1.4771212547196624
687 1.0
688 1.0
689 1.0
692 1.4771212547196624
694 1.3010299956639813
696 1.0
698 1.0
707 1.4771212547196624
709 1.0
711 1.0
713 1.0
717 1.0
721 1.0
724 1.0
731 1.3010299956639813
742 1.3010299956639813
748 1.3010299956639813
750 1.0
751 1.0
756 1.0
762 1.0
764 1.6020599913279625
779 1.0
781 1.4771212547196624
783 1.0
796 1.0
797 1.0
798 1.3010299956639813
815 1.0
816 1.3010299956639813
901 1.3010299956639813
915 1.0
939 1.0
943 1.0
944 1.0
1000 1.0
1006 1.0
1007 1.0
1037 1.0
1038 1.4771212547196624
1071 1.0
1080 1.6020599913279625
1083 1.3010299956639813
1086 1.6020599913279625
1090 1.0
1092 1.0
1113 1.0
1120 1.6020599913279625
1129 1.0
1130 1.0
1135 1.0
1136 1.0
1147 1.0
1148 1.0
1171 1.0
1177 1.3010299956639813
1199 1.0
1203 1.0
1264 1.0
1269 1.0
