12 1.0
19 1.3010299956639813
28 1.3010299956639813
29 1.7781512503836436
31 1.0
61 1.0
66 1.7781512503836436
76 1.6020599913279625
99 1.0
121 2.380211241711606
135 1.9030899869919435
138 1.0
208 1.3010299956639813
216 1.0
224 1.0
229 1.0
249 1.0
253 1.0
260 1.3010299956639813
293 1.0
302 1.7781512503836436
375 1.6020599913279625
403 1.0
405 1.0
420 1.4771212547196624
424 1.0
473 1.0
474 1.3010299956639813
481 1.0
498 1.0
499 1.0
504 1.0
566 1.0
570 1.0
577 1.3010299956639813
588 1.3010299956639813
589 1.4771212547196624
594 1.0
679 1.0
687 1.0
689 1.0
692 1.0
708 1.0
741 1.0
743 1.0
745 2.0413926851582254
749 1.0
752 1.0
801 1.0
807 1.3010299956639813
813 1.0
821 1.0
839 1.0
840 1.0
845 1.0
868 1.3010299956639813
869 1.3010299956639813
880 1.4771212547196624
881 1.0
893 1.4771212547196624
903 1.3010299956639813
941 1.3010299956639813
954 1.6020599913279625
963 1.0
982 1.0
1002 1.0
1003 2.1760912590556813
1028 1.0
1031 1.6989700043360187
1042 1.6020599913279625
1043 1.3010299956639813
1065 1.0
1070 1.0
1096 1.0
1100 1.0
1143 1.0
1144 1.0
1171 1.0
1177 1.0
1183 1.0
1209 1.4771212547196624
1237 1.4771212547196624
1240 2.0
1246 1.0
1286 1.0
