2 1.0
5 1.4771212547196624
13 1.0
17 1.0
38 1.3010299956639813
47 1.3010299956639813
55 1.4771212547196624
69 1.0
77 1.6989700043360187
92 1.0
94 1.3010299956639813
97 1.6989700043360187
103 1.0
110 1.3010299956639813
113 1.4771212547196624
114 1.4771212547196624
132 1.3010299956639813
139 1.4771212547196624
142 1.0
157 1.6020599913279625
170 1.6020599913279625
189 1.4771212547196624
192 1.0
235 1.0
277 2.113943352306837
288 1.4771212547196624
291 1.0
300 1.0
307 1.0
314 1.4771212547196624
319 1.0
323 1.0
327 1.0
333 1.0
341 1.0
345 1.4771212547196624
349 1.3010299956639813
361 1.6989700043360187
362 1.0
371 1.0
380 1.0
422 1.0
437 1.3010299956639813
440 1.0
442 1.6020599913279625
445 1.3010299956639813
455 1.3010299956639813
473 1.0
534 1.0
565 1.4771212547196624
610 1.0
620 1.0
633 1.3010299956639813
657 1.0
659 1.0
690 1.4771212547196624
696 1.3010299956639813
698 1.0
703 1.6989700043360187
706 1.0
723 1.0
727 1.0
733 2.113943352306837
743 1.0
762 1.0
770 1.0
771 1.3010299956639813
802 1.0
803 1.0
815 1.0
821 1.3010299956639813
850 1.6989700043360187
861 1.3010299956639813
862 1.6020599913279625
866 1.0
868 1.0
869 1.0
872 1.6989700043360187
878 1.0
897 1.4771212547196624
901 1.6020599913279625
929 1.0
942 1.9030899869919435
950 1.0
982 1.0
994 1.6020599913279625
996 1.0
1005 1.0
1008 1.0
1016 1.4771212547196624
1020 1.0
1073 1.4771212547196624
1074 1.0
1075 1.0
1091 1.7781512503836436
1093 1.0
1096 1.0
1097 1.0
1099 1.0
1117 1.0
1118 1.0
1127 1.0
1128 1.0
1129 2.113943352306837
1130 2.113943352306837
1140 1.0
1147 1.4771212547196624
1148 1.4771212547196624
1150 1.4771212547196624
1165 1.0
1172 1.0
1182 1.0
1191 1.0
1222 1.0
1241 1.0
1302 1.0
