5 1.0
6 1.0
28 1.0
99 1.0
107 1.0
113 1.0
114 1.0
139 1.3010299956639813
149 1.3010299956639813
157 1.3010299956639813
161 1.0
168 1.3010299956639813
170 1.3010299956639813
176 1.3010299956639813
179 1.0
180 1.0
189 1.0
204 1.4771212547196624
234 1.3010299956639813
263 1.6989700043360187
265 2.204119982655925
267 1.0
275 1.4771212547196624
277 1.3010299956639813
294 1.0
310 1.0
314 1.0
324 1.0
334 1.3010299956639813
344 1.6020599913279625
355 1.0
356 1.0
361 1.3010299956639813
363 1.0
375 1.0
381 1.0
388 1.3010299956639813
400 1.0
407 1.0
429 1.0
443 1.4771212547196624
449 1.6020599913279625
474 1.4771212547196624
496 1.6989700043360187
529 1.0
539 1.3010299956639813
550 1.0
554 1.0
568 1.3010299956639813
569 1.3010299956639813
578 1.0
586 1.0
587 1.0
588 1.3010299956639813
618 1.0
640 1.0
667 1.0
678 1.6020599913279625
689 1.0
692 1.0
695 1.4771212547196624
704 1.0
711 1.0
728 1.0
731 1.0
759 1.0
764 1.0
765 1.0
771 1.0
779 1.0
783 1.6989700043360187
787 1.0
795 1.3010299956639813
809 1.0
819 1.7781512503836436
850 1.6020599913279625
851 1.0
854 1.0
861 1.0
862 1.0
872 1.6020599913279625
893 1.4771212547196624
895 1.0
896 1.0
901 1.3010299956639813
927 1.4771212547196624
939 1.0
943 1.0
944 1.0
1016 1.3010299956639813
1054 1.6989700043360187
1104 1.0
1111 1.6989700043360187
1112 1.6989700043360187
1129 1.9542425094393248
1130 1.9542425094393248
1150 1.3010299956639813
1161 1.0
1199 1.0
1201 1.7781512503836436
1213 1.0
1224 1.3010299956639813
1228 1.0
1234 1.0
1235 1.0
1258 1.0
1261 1.4771212547196624
1266 1.0
1268 1.0
1272 1.0
1274 1.0
1276 1.0
1283 1.0
1294 1.3010299956639813
1304 1.845098040014257
1319 1.0
