3 1.4771212547196624
5 1.0
34 1.6989700043360187
37 1.0
47 1.0
48 1.6989700043360187
53 1.4771212547196624
59 1.0
60 1.0
90 1.6020599913279625
91 2.079181246047625
100 1.0
115 1.0
118 1.3010299956639813
133 1.0
136 1.0
176 1.0
179 1.0
187 1.0
200 1.0
201 1.0
202 1.3010299956639813
209 1.4771212547196624
215 1.0
219 1.6020599913279625
222 1.0
223 1.3010299956639813
224 1.4771212547196624
228 1.3010299956639813
233 1.6020599913279625
234 1.0
241 1.6020599913279625
242 1.0
244 1.0
247 1.0
254 1.0
257 1.6989700043360187
264 1.7781512503836436
271 1.0
353 1.0
361 1.0
373 1.4771212547196624
374 1.0
384 1.3010299956639813
388 1.4771212547196624
393 1.4771212547196624
394 1.3010299956639813
398 1.0
403 1.0
409 1.9542425094393248
412 1.6020599913279625
414 1.0
428 1.0
432 1.0
436 1.3010299956639813
437 1.0
442 1.3010299956639813
444 1.0
445 1.0
446 1.0
449 1.3010299956639813
450 1.0
455 1.0
456 1.0
459 1.0
462 1.0
472 1.3010299956639813
478 1.6020599913279625
480 1.0
482 1.0
488 2.079181246047625
493 1.0
503 1.0
506 1.6989700043360187
510 1.6020599913279625
518 1.0
525 1.0
535 1.6020599913279625
547 1.3010299956639813
554 1.3010299956639813
555 1.0
561 1.0
568 1.845098040014257
569 1.845098040014257
572 1.4771212547196624
578 1.0
581 1.4771212547196624
593 1.0
597 1.3010299956639813
598 1.3010299956639813
599 1.0
601 1.3010299956639813
602 1.7781512503836436
603 1.7781512503836436
611 1.0
631 1.0
640 1.0
670 1.0
679 1.4771212547196624
681 1.4771212547196624
683 1.0
685 1.3010299956639813
686 1.4771212547196624
691 1.4771212547196624
693 1.3010299956639813
694 1.3010299956639813
705 1.0
711 1.0
714 1.0
715 1.4771212547196624
719 1.0
721 1.0
735 1.0
742 1.0
751 1.4771212547196624
768 1.0
772 1.3010299956639813
779 1.0
781 1.0
789 1.0
790 1.0
809 1.0
821 1.0
867 1.4771212547196624
901 1.0
907 1.0
975 1.0
1001 1.0
1013 1.6020599913279625
1019 1.0
1026 1.0
1033 1.4771212547196624
1036 1.3010299956639813
1044 1.0
1049 1.0
1054 1.4771212547196624
1061 1.0
1062 1.0
1068 1.0
1073 1.0
1080 1.0
1085 1.0
1086 1.4771212547196624
1091 1.4771212547196624
1092 1.4771212547196624
1119 1.3010299956639813
1120 1.0
1145 1.3010299956639813
1146 1.3010299956639813
1147 1.0
1148 1.0
1152 1.0
1190 2.079181246047625
1198 1.0
1217 1.0
1218 1.3010299956639813
1244 1.6020599913279625
1245 1.0
1254 1.0
1257 1.0
1259 1.6020599913279625
1261 1.0
1262 1.0
1263 1.0
1269 1.6020599913279625
1270 1.3010299956639813
1274 1.0
1275 1.0
1279 1.4771212547196624
1284 1.0
1285 1.6989700043360187
1289 1.6020599913279625
1293 1.6020599913279625
1297 1.0
1309 1.0
1317 1.6989700043360187
1321 1.6020599913279625
1323 1.0
