3 1.0
28 1.0
34 1.6020599913279625
50 1.6989700043360187
68 1.0
84 1.9030899869919435
88 1.0
91 1.3010299956639813
121 1.0
123 1.3010299956639813
124 1.3010299956639813
136 1.0
143 1.3010299956639813
144 1.3010299956639813
146 1.0
158 1.9030899869919435
171 1.9030899869919435
172 1.9030899869919435
173 1.3010299956639813
180 1.0
182 1.0
194 1.0
205 1.6020599913279625
206 1.0
209 2.146128035678238
210 1.3010299956639813
211 2.0
214 1.6020599913279625
216 1.4771212547196624
217 1.3010299956639813
219 1.0
220 1.4771212547196624
222 1.3010299956639813
223 1.4771212547196624
224 1.3010299956639813
225 1.0
231 1.7781512503836436
233 1.0
238 1.3010299956639813
242 1.0
243 1.6020599913279625
244 1.3010299956639813
253 1.0
255 1.4771212547196624
256 1.3010299956639813
259 1.3010299956639813
271 1.0
284 1.0
293 1.0
309 1.845098040014257
310 1.0
313 1.6020599913279625
314 1.0
329 1.3010299956639813
330 1.0
390 1.0
398 1.4771212547196624
420 1.0
421 1.4771212547196624
431 1.0
440 1.0
452 1.0
457 1.4771212547196624
458 1.4771212547196624
460 1.0
461 2.0413926851582254
462 1.4771212547196624
464 1.4771212547196624
466 1.0
467 1.3010299956639813
470 1.0
473 1.6020599913279625
475 1.0
482 1.0
483 1.0
494 1.6989700043360187
495 1.4771212547196624
496 1.4771212547196624
499 1.4771212547196624
502 1.0
506 2.230448921378274
516 1.0
530 1.0
531 1.3010299956639813
537 1.3010299956639813
543 1.0
544 1.0
553 1.7781512503836436
558 1.6020599913279625
560 1.7781512503836436
561 1.0
564 1.7781512503836436
570 1.0
572 1.3010299956639813
575 1.0
577 1.0
582 1.0
583 1.0
589 1.3010299956639813
591 1.0
599 1.6020599913279625
601 1.4771212547196624
608 1.0
621 1.0
624 1.0
631 1.3010299956639813
652 1.4771212547196624
669 1.0
679 1.0
681 1.6989700043360187
685 1.3010299956639813
693 1.0
695 1.0
713 1.3010299956639813
714 1.4771212547196624
717 1.0
718 1.6020599913279625
720 1.0
725 1.0
726 1.0
734 1.6989700043360187
738 1.0
739 1.0
741 1.0
744 1.3010299956639813
749 1.0
756 1.0
768 1.6020599913279625
773 1.0
782 1.3010299956639813
786 1.4771212547196624
788 2.0413926851582254
790 2.146128035678238
810 1.9542425094393248
811 1.0
837 1.0
879 1.0
907 1.4771212547196624
915 1.3010299956639813
918 1.4771212547196624
941 1.0
1027 1.0
1053 1.6020599913279625
1092 1.0
1113 1.6020599913279625
1117 1.3010299956639813
1118 1.3010299956639813
1119 1.0
1155 1.0
1161 1.4771212547196624
1186 1.4771212547196624
1194 1.3010299956639813
1232 1.0
1243 1.7781512503836436
1250 1.0
1257 1.0
1259 1.0
1262 1.7781512503836436
1263 1.0
1267 1.0
1268 1.6989700043360187
1269 1.0
1278 1.3010299956639813
1283 1.3010299956639813
1286 1.6989700043360187
1291 1.0
1295 1.6989700043360187
1297 1.6020599913279625
1298 1.0
1299 1.0
1300 1.0
1301 1.0
1303 1.0
1304 1.4771212547196624
1312 1.3010299956639813
1315 1.3010299956639813
1322 1.0
1323 1.0
1324 1.4771212547196624
