15 1.0
75 1.4771212547196624
120 1.0
176 1.0
209 1.0
214 1.7781512503836436
241 1.0
243 1.0
253 1.0
261 1.0
264 1.0
267 1.0
278 1.0
306 1.0
310 1.0
330 1.0
349 1.0
351 1.4771212547196624
374 1.0
382 1.3010299956639813
398 1.0
415 1.0
429 1.4771212547196624
444 1.0
446 1.0
482 1.0
487 1.0
506 1.0
510 1.3010299956639813
518 1.3010299956639813
535 1.3010299956639813
539 1.0
542 1.0
543 1.4771212547196624
544 1.4771212547196624
545 1.0
546 1.0
549 1.0
552 1.0
562 1.3010299956639813
563 1.3010299956639813
572 1.0
573 1.3010299956639813
574 1.3010299956639813
577 1.0
588 1.0
597 1.3010299956639813
598 1.3010299956639813
602 1.0
603 1.0
608 1.0
611 1.0
626 1.0
650 1.3010299956639813
651 1.4771212547196624
653 1.4771212547196624
658 1.0
659 1.0
674 1.0
675 1.0
676 1.0
682 1.4771212547196624
687 1.6020599913279625
689 1.0
692 1.7781512503836436
694 1.0
695 1.0
703 1.3010299956639813
704 1.0
707 1.0
714 1.0
716 1.0
720 1.0
721 1.0
731 1.0
740 1.0
749 1.0
756 1.0
764 1.4771212547196624
768 1.0
781 1.0
788 1.0
796 1.6989700043360187
815 1.0
826 1.0
845 1.0
851 1.0
889 1.0
890 1.0
893 1.3010299956639813
897 1.0
902 1.0
914 1.3010299956639813
915 1.3010299956639813
1000 1.0
1019 1.0
1029 1.3010299956639813
1032 1.3010299956639813
1033 1.0
1036 1.0
1056 1.4771212547196624
1064 1.0
1072 1.3010299956639813
1078 1.0
1080 1.0
1090 1.3010299956639813
1105 1.3010299956639813
1106 1.3010299956639813
1107 1.0
1109 1.3010299956639813
1168 1.0
1194 1.0
1201 1.0
1211 1.0
1298 1.0
1322 1.0
