65 1.0
110 1.0
118 1.0
127 1.0
202 1.0
208 1.0
229 1.0
236 1.0
247 1.6020599913279625
253 1.0
256 1.4771212547196624
272 1.0
274 1.3010299956639813
310 1.0
329 1.3010299956639813
336 1.0
351 2.0
361 1.3010299956639813
366 1.3010299956639813
398 1.4771212547196624
449 1.4771212547196624
466 1.0
482 1.0
496 1.0
537 1.0
541 1.4771212547196624
542 1.0
543 1.4771212547196624
544 1.4771212547196624
545 1.0
546 1.4771212547196624
549 1.0
552 1.0
558 1.0
565 1.3010299956639813
566 1.3010299956639813
570 1.0
586 1.0
587 1.3010299956639813
589 1.0
592 1.0
593 1.0
645 1.0
651 1.4771212547196624
653 1.0
694 1.3010299956639813
749 1.0
759 1.3010299956639813
769 1.3010299956639813
788 1.0
810 1.3010299956639813
831 1.0
847 1.0
855 1.4771212547196624
870 1.0
880 1.3010299956639813
897 1.845098040014257
918 1.0
929 1.0
943 1.3010299956639813
944 1.3010299956639813
1032 1.0
1065 1.6020599913279625
1073 1.0
1086 1.3010299956639813
1090 1.0
1105 1.0
1106 1.0
1122 1.0
1143 1.0
1144 1.0
1177 1.0
1186 1.6989700043360187
1190 1.0
1208 1.0
1214 1.0
1259 1.0
1283 1.0
1293 1.0
1322 1.0
