17 1.3010299956639813
38 1.6989700043360187
47 1.0
51 1.3010299956639813
61 1.0
62 1.0
65 1.0
67 1.0
68 1.0
75 1.4771212547196624
82 1.0
85 1.0
86 1.3010299956639813
88 1.0
89 1.0
96 1.3010299956639813
97 1.0
100 1.7781512503836436
109 1.3010299956639813
112 1.0
117 1.3010299956639813
127 1.0
129 1.0
131 1.6989700043360187
144 1.0
145 1.0
148 1.3010299956639813
149 1.0
153 1.6020599913279625
161 1.0
165 1.0
166 1.6020599913279625
192 1.0
194 1.0
195 1.0
197 1.0
254 1.4771212547196624
263 1.4771212547196624
268 1.0
286 1.0
287 1.3010299956639813
290 1.0
291 1.3010299956639813
299 1.0
317 1.4771212547196624
322 1.7781512503836436
326 1.0
327 1.4771212547196624
337 1.7781512503836436
344 2.079181246047625
349 1.4771212547196624
358 1.0
362 1.4771212547196624
364 1.3010299956639813
367 1.0
368 1.0
371 1.0
377 1.0
380 2.204119982655925
383 1.0
392 1.3010299956639813
396 1.0
400 1.0
422 1.0
423 1.3010299956639813
439 1.0
465 1.0
497 1.3010299956639813
506 1.0
514 1.0
550 1.0
588 1.0
591 1.0
636 1.0
645 1.0
697 1.0
706 1.3010299956639813
712 1.0
727 1.6020599913279625
731 1.6989700043360187
743 1.3010299956639813
771 1.6989700043360187
787 1.845098040014257
794 1.0
804 1.3010299956639813
820 1.6989700043360187
834 1.0
835 1.0
841 1.6020599913279625
843 1.3010299956639813
848 1.0
854 2.0413926851582254
862 1.9030899869919435
881 1.6989700043360187
883 1.0
903 1.0
926 1.0
927 1.3010299956639813
970 1.0
989 1.3010299956639813
1000 1.3010299956639813
1017 1.0
1019 1.0
1023 1.3010299956639813
1024 1.4771212547196624
1047 1.3010299956639813
1048 1.7781512503836436
1052 1.4771212547196624
1093 1.7781512503836436
1094 1.0
1100 1.0
1101 1.4771212547196624
1127 1.4771212547196624
1128 1.4771212547196624
1129 1.6989700043360187
1130 1.6989700043360187
1135 1.0
1136 1.0
1145 1.0
1146 1.0
1147 1.0
1148 1.0
1159 1.3010299956639813
1160 1.3010299956639813
1171 1.0
1197 1.0
1201 1.0
1234 1.3010299956639813
1258 1.0
1268 1.0
1277 1.0
