2 1.0
7 1.0
11 1.6020599913279625
12 1.3010299956639813
13 1.3010299956639813
25 1.0
26 1.0
33 1.3010299956639813
45 1.0
46 1.4771212547196624
47 1.3010299956639813
52 1.0
53 1.3010299956639813
70 1.4771212547196624
94 1.4771212547196624
107 1.4771212547196624
110 1.0
125 1.0
149 1.0
153 1.0
186 1.0
192 1.0
193 1.6020599913279625
222 1.0
245 1.3010299956639813
273 1.0
283 1.3010299956639813
294 1.0
296 1.0
301 1.0
304 1.6989700043360187
306 1.7781512503836436
314 1.0
327 1.0
340 1.0
346 1.3010299956639813
361 1.0
372 1.0
374 1.3010299956639813
379 1.3010299956639813
434 1.3010299956639813
449 1.0
482 1.3010299956639813
488 1.0
493 1.0
498 1.4771212547196624
537 1.0
577 1.4771212547196624
588 1.0
592 1.3010299956639813
595 1.0
605 1.0
606 1.0
610 1.0
622 1.0
626 1.6989700043360187
638 1.7781512503836436
642 1.0
645 1.0
650 1.3010299956639813
657 1.4771212547196624
659 1.0
661 1.0
662 1.3010299956639813
667 1.3010299956639813
694 1.3010299956639813
697 1.0
730 1.4771212547196624
742 2.414973347970818
743 1.3010299956639813
747 1.0
748 1.0
749 1.9030899869919435
750 1.0
752 1.0
754 1.3010299956639813
755 1.3010299956639813
795 1.3010299956639813
796 1.0
815 2.4313637641589874
823 1.0
832 1.0
833 1.0
838 1.0
845 2.4771212547196626
851 2.4471580313422194
864 1.0
889 1.0
890 1.0
893 2.278753600952829
895 2.5051499783199063
901 2.57978359661681
913 1.0
922 1.0
931 1.0
950 1.0
953 1.0
956 1.0
983 1.4771212547196624
987 1.3010299956639813
1008 2.278753600952829
1014 1.4771212547196624
1030 1.0
1040 1.0
1050 1.0
1060 1.0
1064 1.3010299956639813
1065 1.845098040014257
1067 1.0
1071 1.6020599913279625
1072 1.3010299956639813
1078 1.3010299956639813
1079 1.0
1084 1.6020599913279625
1085 1.0
1102 1.0
1113 1.0
1121 1.3010299956639813
1123 1.0
1147 1.0
1148 1.0
1163 1.0
1172 1.3010299956639813
1183 1.6020599913279625
1202 1.4771212547196624
1204 1.4771212547196624
1208 1.0
1211 1.6989700043360187
1213 2.113943352306837
1219 1.3010299956639813
1221 1.3010299956639813
1242 1.0
1260 1.3010299956639813
1310 1.0
