4 1.3010299956639813
5 1.0
10 1.0
35 1.0
39 1.4771212547196624
41 1.0
43 1.6020599913279625
70 1.0
78 1.0
100 1.0
104 1.0
198 1.3010299956639813
205 1.0
236 1.6020599913279625
241 1.0
294 1.0
300 1.6989700043360187
314 1.0
327 1.0
341 1.0
381 1.0
384 1.0
405 1.0
417 1.0
423 2.0413926851582254
441 1.4771212547196624
460 1.0
485 1.0
500 1.0
520 1.3010299956639813
532 1.0
534 1.0
536 1.0
578 1.0
580 1.0
589 1.0
614 2.0
646 1.0
657 1.0
688 1.3010299956639813
689 1.0
740 1.0
760 1.3010299956639813
802 1.0
803 1.0
811 1.0
845 1.0
850 1.0
864 1.0
867 1.0
896 1.0
903 1.3010299956639813
915 1.0
930 1.0
938 1.0
941 1.3010299956639813
964 1.0
968 1.3010299956639813
989 1.0
1002 1.0
1023 1.3010299956639813
1028 1.0
1070 1.3010299956639813
1083 1.0
1121 1.0
1126 1.0
1129 1.3010299956639813
1130 1.3010299956639813
1166 1.0
1176 1.0
1179 1.0
1187 1.0
1203 1.0
1204 1.3010299956639813
1206 1.3010299956639813
1272 1.0
1303 1.0
1304 1.0
1311 1.0
1324 1.0
