34 1.3010299956639813
75 1.0
84 1.0
121 1.0
138 1.0
172 1.4771212547196624
176 1.0
200 1.4771212547196624
201 1.845098040014257
211 1.0
222 1.0
229 1.0
241 1.0
247 1.0
253 1.3010299956639813
264 1.3010299956639813
275 1.3010299956639813
278 1.3010299956639813
280 1.4771212547196624
309 1.0
310 1.0
344 1.0
392 1.0
403 1.0
434 1.0
440 1.0
447 1.0
451 1.0
475 1.0
480 1.0
486 1.0
498 1.0
504 1.0
518 1.0
524 1.0
536 1.0
538 1.0
540 1.3010299956639813
543 1.0
544 1.0
577 1.0
581 1.0
593 1.0
597 1.0
598 1.0
601 1.0
645 1.0
657 1.0
686 1.0
749 1.0
752 1.0
755 1.0
765 1.3010299956639813
770 1.0
779 1.0
796 1.0
826 1.3010299956639813
845 1.0
850 1.0
893 1.0
895 1.0
902 1.0
1034 1.0
1062 1.0
1064 1.6989700043360187
1073 1.0
1080 1.0
1089 1.0
1119 1.0
1156 2.0
1162 1.0
1163 1.3010299956639813
1213 1.0
1237 1.0
1279 1.0
1293 1.0
1310 1.0
1321 1.0
