11 1.0
13 1.0
15 1.0
16 1.0
23 1.3010299956639813
29 1.3010299956639813
33 1.0
34 1.3010299956639813
35 1.0
36 1.0
41 1.3010299956639813
47 1.4771212547196624
48 1.0
53 1.0
56 1.0
63 1.0
65 1.0
75 1.6020599913279625
90 1.3010299956639813
92 1.0
93 1.3010299956639813
94 1.0
100 1.0
108 1.0
116 1.0
123 1.0
124 1.0
132 1.0
154 1.0
173 1.0
174 1.0
176 1.0
209 1.0
211 1.0
213 1.3010299956639813
220 1.0
223 1.0
226 1.3010299956639813
233 1.3010299956639813
234 1.0
247 1.6020599913279625
249 1.0
253 1.0
255 1.0
256 1.0
261 1.4771212547196624
265 1.3010299956639813
272 1.3010299956639813
274 1.4771212547196624
278 1.0
280 1.0
289 1.6020599913279625
293 1.0
297 1.3010299956639813
309 1.3010299956639813
310 1.6020599913279625
312 1.0
314 1.6020599913279625
343 1.4771212547196624
346 1.0
350 1.0
351 1.0
352 1.0
361 1.0
375 1.0
379 1.3010299956639813
387 1.0
393 1.0
398 1.0
401 1.0
402 1.0
403 1.3010299956639813
409 1.3010299956639813
420 1.0
421 1.3010299956639813
426 1.0
433 1.0
436 1.3010299956639813
444 1.3010299956639813
449 1.3010299956639813
451 1.0
452 1.0
453 1.0
459 1.0
462 1.0
463 1.3010299956639813
465 1.0
473 1.0
474 1.0
482 1.0
493 1.0
496 1.0
498 1.3010299956639813
503 1.0
508 1.0
510 1.0
515 1.0
522 1.0
528 1.0
532 1.0
537 1.0
538 1.3010299956639813
539 1.0
540 1.3010299956639813
550 1.0
552 1.0
558 1.0
567 1.7781512503836436
570 1.0
576 1.0
577 1.4771212547196624
580 1.0
587 1.0
589 1.4771212547196624
599 1.0
600 1.3010299956639813
601 1.3010299956639813
608 1.3010299956639813
613 1.4771212547196624
615 1.0
621 1.0
622 1.3010299956639813
623 1.6020599913279625
624 1.3010299956639813
633 1.0
638 1.0
640 1.0
642 1.0
643 1.4771212547196624
644 1.0
645 1.3010299956639813
651 1.0
659 1.3010299956639813
668 1.0
671 1.0
677 1.4771212547196624
679 1.0
681 1.0
682 1.0
686 1.0
687 1.0
688 1.0
692 1.3010299956639813
695 1.3010299956639813
696 1.0
698 1.0
703 1.0
708 1.6020599913279625
713 1.3010299956639813
716 1.0
717 1.0
719 1.0
721 1.0
725 1.0
741 1.4771212547196624
748 1.0
749 1.0
752 1.0
758 1.0
759 1.3010299956639813
760 1.0
761 1.0
765 1.4771212547196624
769 1.6020599913279625
779 1.0
785 1.0
795 1.4771212547196624
797 1.0
807 1.0
812 1.0
815 1.4771212547196624
821 1.0
822 1.0
823 1.3010299956639813
837 1.0
838 1.0
839 1.0
840 1.0
845 2.0
848 1.0
851 1.6989700043360187
855 1.0
858 1.0
862 1.0
870 1.6989700043360187
889 1.4771212547196624
890 1.4771212547196624
893 1.3010299956639813
895 1.4771212547196624
896 1.4771212547196624
897 1.0
901 1.0
902 1.0
905 1.0
914 1.0
918 1.3010299956639813
924 1.0
926 1.0
929 1.0
933 1.0
939 1.3010299956639813
941 1.0
948 1.0
953 1.0
954 1.3010299956639813
963 1.0
979 1.0
988 1.0
989 1.0
994 1.0
1001 1.3010299956639813
1004 1.0
1013 1.0
1019 1.0
1027 1.0
1029 1.3010299956639813
1032 1.3010299956639813
1033 1.0
1034 2.146128035678238
1036 1.4771212547196624
1037 1.845098040014257
1038 1.0
1042 1.0
1043 1.0
1054 1.0
1062 1.0
1063 1.3010299956639813
1064 1.3010299956639813
1065 1.6020599913279625
1073 1.0
1076 1.0
1077 1.0
1085 1.0
1090 1.4771212547196624
1092 1.3010299956639813
1095 1.0
1110 1.6020599913279625
1117 1.0
1118 1.0
1125 1.3010299956639813
1126 1.0
1129 1.3010299956639813
1130 1.3010299956639813
1131 1.0
1132 1.0
1134 1.0
1145 1.0
1146 1.0
1149 1.0
1150 1.0
1162 1.0
1163 1.0
1170 1.3010299956639813
1171 1.3010299956639813
1172 1.0
1174 1.0
1176 1.3010299956639813
1177 1.3010299956639813
1180 1.0
1183 1.6020599913279625
1194 1.3010299956639813
1196 1.0
1201 1.6989700043360187
1202 1.0
1204 1.0
1206 1.0
1212 1.0
1222 1.0
1225 1.0
1238 1.0
1240 1.0
1243 1.0
1245 1.0
1251 1.0
1259 1.0
1263 1.0
1285 1.4771212547196624
1293 1.3010299956639813
1304 1.0
1307 1.0
1320 1.3010299956639813
