3 1.0
9 1.0
24 1.0
34 1.0
35 1.0
101 1.4771212547196624
104 1.0
109 1.3010299956639813
111 1.0
125 1.0
129 1.0
191 1.3010299956639813
206 1.0
213 1.0
217 1.0
232 1.0
236 1.0
263 1.0
322 1.4771212547196624
330 1.845098040014257
341 1.0
344 1.0
346 1.3010299956639813
349 1.0
354 1.0
361 1.4771212547196624
363 1.3010299956639813
398 1.0
407 1.0
417 1.0
418 1.0
421 1.0
433 1.3010299956639813
449 1.3010299956639813
450 1.0
455 1.0
470 1.0
474 1.0
479 1.3010299956639813
488 1.0
506 1.0
518 1.0
540 1.0
542 1.0
548 1.0
551 1.0
565 1.0
577 1.0
589 1.0
601 1.0
615 1.0
640 1.3010299956639813
651 1.0
656 1.4771212547196624
663 1.0
670 1.0
673 1.0
685 1.0
692 1.0
748 1.0
779 1.3010299956639813
813 1.0
828 1.0
837 1.0
843 1.0
851 1.3010299956639813
855 1.0
864 1.0
874 1.0
886 1.3010299956639813
889 1.0
890 1.0
895 1.0
902 1.3010299956639813
918 1.3010299956639813
929 1.3010299956639813
932 1.3010299956639813
935 1.0
1026 1.3010299956639813
1027 1.0
1036 1.0
1048 1.0
1051 1.0
1062 1.0
1085 1.0
1096 1.0
1104 1.0
1105 1.0
1106 1.0
1111 1.0
1112 1.0
1121 1.0
1126 1.0
1129 1.0
1130 1.0
1219 1.0
1229 1.0
1270 1.0
1293 1.0
1311 1.0
