0 1.3010299956639813
6 1.0
8 1.0
12 1.0
15 1.0
16 1.6020599913279625
21 1.3010299956639813
24 1.3010299956639813
25 1.0
26 1.0
27 1.3010299956639813
29 1.3010299956639813
34 1.4771212547196624
37 1.0
38 1.3010299956639813
45 1.0
46 1.0
47 1.4771212547196624
48 1.4771212547196624
49 1.3010299956639813
56 1.6989700043360187
58 1.3010299956639813
63 1.4771212547196624
65 1.6020599913279625
67 1.4771212547196624
73 1.0
75 1.0
84 1.4771212547196624
88 1.0
90 1.0
91 1.0
93 1.6020599913279625
94 1.0
96 1.0
100 1.3010299956639813
102 1.0
104 1.0
105 1.0
109 1.0
110 1.3010299956639813
112 1.6989700043360187
113 1.3010299956639813
114 1.3010299956639813
115 1.0
116 1.0
118 1.3010299956639813
120 1.3010299956639813
121 1.0
128 1.3010299956639813
131 1.0
137 1.6989700043360187
138 1.3010299956639813
139 1.0
141 1.0
142 1.3010299956639813
148 1.4771212547196624
149 1.3010299956639813
158 1.3010299956639813
163 1.4771212547196624
165 1.4771212547196624
171 1.3010299956639813
173 1.3010299956639813
174 1.0
175 1.0
180 1.0
183 1.4771212547196624
189 1.4771212547196624
190 1.4771212547196624
199 1.0
200 1.3010299956639813
201 1.0
205 1.0
206 1.0
209 1.3010299956639813
210 1.0
211 1.0
213 1.0
217 1.6020599913279625
220 1.6020599913279625
221 1.3010299956639813
222 1.4771212547196624
223 1.0
225 1.4771212547196624
226 1.0
227 1.0
229 1.6020599913279625
230 1.0
231 1.6989700043360187
233 1.0
234 1.6020599913279625
235 1.4771212547196624
241 1.0
242 1.0
243 1.3010299956639813
247 1.4771212547196624
248 1.6020599913279625
249 1.3010299956639813
253 1.0
254 1.3010299956639813
256 1.3010299956639813
258 1.0
260 1.6989700043360187
261 1.3010299956639813
265 1.3010299956639813
271 1.3010299956639813
272 1.3010299956639813
273 1.7781512503836436
274 1.9030899869919435
275 1.6020599913279625
276 1.0
277 1.3010299956639813
278 1.3010299956639813
280 1.0
281 1.0
284 1.0
288 1.0
290 1.0
293 1.0
297 1.7781512503836436
300 1.0
302 1.0
305 1.3010299956639813
306 1.3010299956639813
307 1.4771212547196624
308 1.0
310 1.6989700043360187
313 1.0
314 1.0
315 1.0
316 1.0
318 1.3010299956639813
319 1.3010299956639813
321 1.0
322 1.0
323 1.0
325 1.0
330 1.0
341 1.0
342 1.0
344 1.0
348 1.0
349 1.3010299956639813
351 1.3010299956639813
352 1.0
353 1.0
354 1.0
358 1.0
359 1.0
361 1.3010299956639813
364 1.4771212547196624
368 1.0
370 1.0
374 1.0
375 1.0
379 1.0
380 1.4771212547196624
383 1.6989700043360187
384 1.0
390 1.0
394 1.0
395 1.0
396 1.0
398 1.0
400 1.6020599913279625
401 1.0
402 1.0
404 1.0
409 1.0
411 1.3010299956639813
414 1.0
417 1.4771212547196624
419 1.0
420 1.4771212547196624
421 1.0
422 1.4771212547196624
423 1.0
424 1.3010299956639813
425 1.4771212547196624
427 1.0
428 1.0
431 1.3010299956639813
432 1.0
433 1.4771212547196624
434 1.3010299956639813
437 1.3010299956639813
439 1.0
440 1.4771212547196624
444 1.3010299956639813
446 1.3010299956639813
449 1.6989700043360187
450 1.3010299956639813
451 1.4771212547196624
452 1.0
454 1.6020599913279625
457 1.6020599913279625
462 1.0
463 1.4771212547196624
464 1.0
467 1.0
468 1.3010299956639813
471 1.845098040014257
477 1.0
478 1.0
481 1.3010299956639813
482 1.0
484 1.0
485 1.0
486 1.0
487 1.6989700043360187
490 1.4771212547196624
491 1.0
493 1.3010299956639813
494 1.4771212547196624
495 1.3010299956639813
496 1.0
497 1.845098040014257
498 1.6989700043360187
506 1.845098040014257
510 1.0
512 1.0
515 1.0
517 1.0
518 1.0
522 1.0
524 1.0
527 1.0
532 1.0
533 1.0
534 1.3010299956639813
537 1.0
538 1.4771212547196624
539 1.0
540 1.0
542 1.4771212547196624
545 1.4771212547196624
546 1.3010299956639813
550 1.4771212547196624
553 1.0
555 1.4771212547196624
558 1.7781512503836436
560 1.0
564 1.0
565 1.3010299956639813
567 1.3010299956639813
570 1.3010299956639813
575 1.3010299956639813
577 1.0
580 1.4771212547196624
582 1.0
583 1.0
584 1.3010299956639813
585 1.3010299956639813
586 1.0
587 1.3010299956639813
588 1.7781512503836436
589 1.0
591 1.0
592 1.6020599913279625
597 1.4771212547196624
598 1.4771212547196624
599 1.0
600 1.3010299956639813
608 1.3010299956639813
611 1.3010299956639813
615 1.4771212547196624
622 1.6020599913279625
624 1.0
626 1.0
628 1.0
630 1.0
633 1.0
640 1.0
645 1.3010299956639813
650 1.3010299956639813
651 1.0
655 1.0
656 1.0
657 1.0
659 1.3010299956639813
664 1.3010299956639813
665 1.3010299956639813
668 1.0
669 1.0
677 1.3010299956639813
679 1.3010299956639813
681 1.3010299956639813
682 1.0
683 1.3010299956639813
684 1.0
685 1.0
687 1.0
688 1.845098040014257
690 1.6020599913279625
692 1.3010299956639813
693 1.0
695 1.0
696 1.3010299956639813
697 1.0
698 1.0
700 1.0
702 1.0
703 1.0
704 1.0
705 1.0
706 1.4771212547196624
713 1.0
714 1.3010299956639813
716 1.6020599913279625
718 1.7781512503836436
719 1.4771212547196624
720 1.4771212547196624
721 1.0
722 1.3010299956639813
729 1.0
730 1.4771212547196624
731 1.3010299956639813
734 1.0
736 1.0
738 1.3010299956639813
739 1.4771212547196624
740 1.0
741 1.0
742 1.3010299956639813
743 1.7781512503836436
747 1.0
748 1.6020599913279625
749 1.4771212547196624
753 1.0
756 1.4771212547196624
758 1.0
759 1.3010299956639813
761 1.3010299956639813
765 1.0
769 1.6020599913279625
772 1.3010299956639813
779 1.0
781 1.0
782 1.0
785 1.4771212547196624
787 1.0
788 1.6020599913279625
790 1.6020599913279625
793 1.0
794 1.6989700043360187
795 1.3010299956639813
796 1.0
797 1.3010299956639813
798 1.0
800 1.0
802 1.4771212547196624
803 1.4771212547196624
807 1.9030899869919435
815 1.3010299956639813
820 1.0
821 1.0
824 1.3010299956639813
825 1.3010299956639813
826 1.0
827 1.0
830 1.0
837 1.3010299956639813
838 1.3010299956639813
845 1.6020599913279625
848 1.0
849 1.0
850 1.3010299956639813
851 1.7781512503836436
855 1.4771212547196624
861 1.4771212547196624
864 1.0
868 1.0
869 1.0
870 1.3010299956639813
871 1.6020599913279625
880 1.0
882 1.3010299956639813
885 1.3010299956639813
889 1.0
890 1.0
893 1.0
894 1.3010299956639813
895 1.3010299956639813
896 1.6989700043360187
901 1.4771212547196624
906 1.0
914 1.3010299956639813
919 1.6020599913279625
926 1.0
929 1.4771212547196624
933 1.3010299956639813
935 1.4771212547196624
940 1.3010299956639813
941 1.3010299956639813
943 1.0
944 1.0
948 1.3010299956639813
950 1.0
952 1.0
960 1.0
964 1.0
977 1.0
979 1.4771212547196624
982 1.4771212547196624
989 1.0
991 1.0
993 1.3010299956639813
996 1.6989700043360187
1001 1.4771212547196624
1006 1.0
1008 1.6989700043360187
1013 1.3010299956639813
1014 1.3010299956639813
1015 1.0
1016 1.0
1017 1.3010299956639813
1022 1.3010299956639813
1023 1.4771212547196624
1028 1.3010299956639813
1032 1.0
1036 1.3010299956639813
1038 1.0
1043 1.3010299956639813
1045 1.0
1046 1.3010299956639813
1047 1.0
1052 1.0
1053 1.845098040014257
1057 1.0
1058 1.0
1060 1.0
1062 1.0
1063 1.0
1064 1.3010299956639813
1065 1.7781512503836436
1068 1.0
1069 1.0
1071 1.3010299956639813
1072 1.0
1076 1.0
1077 1.0
1083 1.0
1085 1.0
1086 1.0
1088 1.0
1090 1.0
1093 1.3010299956639813
1095 1.3010299956639813
1103 1.4771212547196624
1104 1.0
1109 1.0
1110 1.0
1117 1.6989700043360187
1118 1.6989700043360187
1121 1.3010299956639813
1122 1.0
1124 1.0
1129 1.3010299956639813
1130 1.3010299956639813
1137 1.0
1138 1.0
1139 1.0
1140 1.0
1141 1.0
1142 1.0
1143 1.0
1144 1.0
1147 1.0
1148 1.0
1149 1.3010299956639813
1150 1.3010299956639813
1151 1.0
1153 1.0
1159 1.0
1161 1.6020599913279625
1162 1.3010299956639813
1172 1.0
1174 1.3010299956639813
1177 1.0
1182 1.0
1183 1.0
1185 1.0
1191 1.6020599913279625
1193 1.0
1194 1.0
1196 1.0
1201 1.7781512503836436
1204 1.6020599913279625
1207 1.0
1208 1.0
1213 1.4771212547196624
1215 1.3010299956639813
1221 1.6020599913279625
1222 1.3010299956639813
1224 1.4771212547196624
1226 1.0
1227 1.0
1228 1.0
1234 1.4771212547196624
1235 1.4771212547196624
1238 1.0
1243 1.6020599913279625
1245 1.0
1251 1.6020599913279625
1252 1.0
1254 1.3010299956639813
1259 1.6989700043360187
1265 1.0
1266 1.0
1268 1.3010299956639813
1270 1.0
1271 1.0
1272 1.0
1277 1.3010299956639813
1279 1.3010299956639813
1285 1.0
1289 1.6989700043360187
1293 1.845098040014257
1294 1.0
1298 1.0
1300 1.0
1301 1.3010299956639813
1302 1.3010299956639813
1304 1.0
1307 1.3010299956639813
1311 1.0
1313 1.0
1317 1.0
1321 1.4771212547196624
1323 1.0
