2 1.0
3 1.0
7 1.3010299956639813
21 1.0
25 1.0
43 1.0
58 1.0
63 1.0
76 1.0
77 1.0
88 1.0
90 1.3010299956639813
91 1.0
93 1.0
94 1.0
127 1.0
130 1.0
132 1.0
137 1.0
146 1.0
148 1.0
149 1.3010299956639813
171 1.0
172 1.845098040014257
193 1.3010299956639813
209 1.4771212547196624
211 1.6020599913279625
218 1.3010299956639813
222 1.0
224 1.0
228 1.0
241 1.3010299956639813
247 1.4771212547196624
255 1.0
256 1.0
265 1.0
268 1.0
273 1.0
274 1.0
280 1.4771212547196624
289 1.0
290 1.0
291 1.0
293 1.0
330 1.0
339 1.0
349 1.4771212547196624
352 1.0
353 1.0
361 1.3010299956639813
372 1.0
375 1.0
382 1.0
383 1.0
385 1.3010299956639813
392 1.6020599913279625
394 1.3010299956639813
398 1.0
399 1.0
400 1.4771212547196624
402 1.7781512503836436
412 1.0
421 1.4771212547196624
429 1.0
432 1.0
434 1.0
444 1.0
446 1.0
450 1.0
452 1.7781512503836436
453 1.3010299956639813
478 1.0
495 1.3010299956639813
496 1.0
498 1.3010299956639813
506 1.0
510 1.0
523 1.0
537 1.0
540 1.0
550 1.3010299956639813
554 1.0
558 1.0
564 1.0
565 1.0
567 1.4771212547196624
575 1.0
577 1.0
580 1.0
584 1.3010299956639813
585 1.3010299956639813
586 1.0
592 1.0
597 1.0
598 1.0
613 1.3010299956639813
622 1.6989700043360187
624 1.0
632 1.0
643 1.7781512503836436
651 1.0
657 1.3010299956639813
659 1.0
661 1.0
665 1.0
667 1.4771212547196624
668 1.0
676 1.0
682 1.3010299956639813
685 1.0
688 1.0
698 1.0
713 1.3010299956639813
719 1.0
724 1.0
736 1.3010299956639813
739 1.0
742 1.0
743 1.0
747 1.0
749 1.0
750 1.4771212547196624
754 1.0
759 1.0
761 1.0
769 1.0
771 1.0
780 1.0
781 1.0
785 1.0
787 1.0
794 1.0
795 1.3010299956639813
796 1.0
801 1.0
813 1.0
815 1.4771212547196624
827 1.0
845 1.4771212547196624
855 1.0
861 1.0
864 1.0
867 1.0
870 1.3010299956639813
871 1.0
878 1.0
885 1.3010299956639813
888 1.0
889 1.0
890 1.0
895 1.4771212547196624
897 1.0
902 1.0
922 1.0
939 1.0
948 1.0
954 1.6020599913279625
963 1.3010299956639813
981 1.3010299956639813
986 1.0
989 1.3010299956639813
990 1.0
996 1.3010299956639813
1025 1.0
1028 1.0
1029 1.0
1036 1.0
1041 1.0
1042 1.0
1043 1.0
1045 1.0
1049 1.0
1054 1.0
1055 1.0
1060 1.3010299956639813
1065 1.3010299956639813
1067 1.3010299956639813
1071 1.0
1079 1.3010299956639813
1085 1.0
1086 1.0
1088 1.0
1105 1.0
1106 1.0
1113 1.0
1114 1.0
1117 1.0
1118 1.0
1121 1.0
1129 1.0
1130 1.0
1137 1.3010299956639813
1138 1.3010299956639813
1139 1.0
1140 1.0
1147 1.0
1148 1.0
1149 1.0
1150 1.0
1153 1.0
1155 1.0
1157 1.0
1169 1.0
1170 1.0
1181 1.0
1204 1.6020599913279625
1205 1.0
1211 1.0
1220 1.0
1238 1.0
1243 1.3010299956639813
1245 1.0
1252 1.0
1259 1.3010299956639813
1268 1.0
1273 1.0
1280 1.0
1281 1.0
1293 1.4771212547196624
1295 1.0
1307 1.0
1314 1.0
1315 1.0
1321 1.4771212547196624
1324 1.0
