0 1.0
73 1.0
90 1.0
103 1.0
109 1.0
116 1.0
118 1.3010299956639813
120 1.0
140 1.0
161 1.4771212547196624
163 1.0
203 1.0
205 1.0
209 1.0
210 1.0
222 1.0
232 1.0
236 1.0
243 1.0
244 1.3010299956639813
255 1.0
260 1.0
263 1.0
315 1.0
374 1.0
378 1.0
384 1.0
425 1.3010299956639813
427 1.0
451 1.0
457 1.0
493 1.3010299956639813
524 1.3010299956639813
546 1.0
548 1.3010299956639813
553 1.0
575 1.3010299956639813
599 1.0
601 1.0
617 1.0
624 1.3010299956639813
645 1.0
659 1.0
686 1.0
687 1.0
707 1.0
715 1.0
793 1.0
802 1.0
803 1.0
814 1.0
815 1.0
893 1.0
1035 1.0
1039 1.0
1083 1.0
1101 1.0
1105 1.0
1106 1.0
1109 1.0
1119 1.0
1181 1.0
1194 1.0
1207 1.0
1226 1.0
1228 1.0
1259 1.0
1266 1.0
1285 1.0
1304 1.0
1310 1.0
