4 1.3010299956639813
21 1.0
22 1.0
23 1.6020599913279625
24 1.6020599913279625
35 1.0
41 1.3010299956639813
45 1.0
56 1.3010299956639813
57 1.0
58 1.4771212547196624
61 1.0
93 1.6989700043360187
103 1.9542425094393248
104 1.0
128 1.0
236 1.0
237 1.0
245 1.9030899869919435
276 1.0
292 1.3010299956639813
298 1.6020599913279625
373 1.3010299956639813
375 2.079181246047625
384 1.845098040014257
392 1.3010299956639813
402 1.0
422 1.0
424 1.0
430 1.845098040014257
442 1.3010299956639813
449 1.0
460 1.0
506 1.0
518 1.9030899869919435
534 1.6989700043360187
540 1.0
543 1.0
544 1.0
554 1.4771212547196624
588 1.0
604 1.3010299956639813
613 1.0
629 1.0
630 1.0
637 1.0
673 1.0
677 1.0
678 1.6020599913279625
682 1.3010299956639813
692 1.3010299956639813
698 2.0
699 1.845098040014257
705 2.146128035678238
712 1.6989700043360187
715 1.3010299956639813
723 1.0
740 1.3010299956639813
761 1.0
763 1.6989700043360187
856 1.0
864 1.0
866 1.0
1005 1.4771212547196624
1016 2.204119982655925
1017 1.0
1023 1.0
1037 1.4771212547196624
1051 1.0
1074 1.0
1075 1.0
1080 1.4771212547196624
1083 1.0
1097 2.079181246047625
1111 2.0413926851582254
1112 2.0413926851582254
1114 1.0
1117 1.4771212547196624
1118 1.4771212547196624
1127 2.079181246047625
1128 2.079181246047625
1129 2.5185139398778875
1130 2.5185139398778875
1131 1.0
1132 1.0
1139 1.0
1140 1.6020599913279625
1145 1.3010299956639813
1146 1.3010299956639813
1147 1.3010299956639813
1148 1.3010299956639813
1150 2.204119982655925
1166 1.0
1170 1.0
1176 2.0
1187 1.6989700043360187
1196 1.0
1198 1.6989700043360187
1201 1.0
1280 1.0
