2 1.0
6 1.0
34 1.0
49 1.0
53 1.0
61 1.0
111 1.0
182 1.0
218 1.0
220 1.0
249 1.3010299956639813
253 1.0
260 1.0
284 1.0
297 1.0
399 1.0
429 1.0
436 1.0
440 1.0
444 1.0
462 1.0
481 1.0
482 1.3010299956639813
486 1.0
493 1.3010299956639813
498 1.3010299956639813
506 1.0
521 1.0
545 1.3010299956639813
548 1.3010299956639813
550 1.3010299956639813
565 1.0
570 1.0
572 1.0
637 1.0
650 1.3010299956639813
677 1.0
687 1.0
694 1.0
761 1.0
794 1.0
851 1.3010299956639813
855 1.0
897 1.3010299956639813
914 1.0
922 1.0
953 1.0
1043 1.0
1065 1.6020599913279625
1090 1.0
1104 1.0
1183 1.0
1226 1.0
1237 1.0
1285 1.0
1314 1.0
1317 1.0
1321 1.0
1322 1.0
