2 1.0
24 1.0
49 1.0
53 1.0
111 1.0
182 1.0
218 1.0
220 1.0
249 1.3010299956639813
251 1.0
253 1.0
260 1.0
284 1.0
297 1.0
399 1.0
400 1.0
429 1.0
436 1.0
440 1.0
462 1.0
481 1.0
486 1.0
493 1.3010299956639813
498 1.3010299956639813
506 1.0
521 1.0
543 1.0
544 1.0
548 1.3010299956639813
562 1.0
563 1.0
565 1.0
572 1.0
650 1.0
677 1.0
740 1.0
769 1.0
837 1.6989700043360187
851 1.3010299956639813
897 1.3010299956639813
953 1.0
989 1.0
1043 1.0
1065 1.0
1081 1.0
1090 1.0
1183 1.3010299956639813
1226 1.0
1237 1.0
1285 1.0
1317 1.0
1321 1.0
1322 1.0
