28 1.0
58 1.0
75 1.0
110 1.0
121 1.3010299956639813
123 1.0
124 1.0
140 1.0
200 1.0
201 1.0
220 1.0
274 1.3010299956639813
276 1.0
288 1.0
293 1.0
297 1.0
302 1.0
319 1.0
351 1.0
361 1.0
364 1.0
387 1.0
420 1.3010299956639813
445 1.3010299956639813
453 1.0
459 1.0
460 1.0
468 1.0
472 1.0
492 1.0
496 1.0
498 1.0
517 1.0
520 1.6020599913279625
540 1.0
550 1.0
555 1.0
558 1.0
578 1.0
586 1.0
592 1.0
622 1.3010299956639813
638 1.0
657 1.0
658 1.0
688 1.0
692 1.0
694 1.3010299956639813
696 2.0413926851582254
701 1.6989700043360187
703 1.3010299956639813
704 1.3010299956639813
709 1.0
721 1.0
736 1.0
739 1.0
741 1.3010299956639813
742 1.0
749 1.0
751 1.4771212547196624
752 1.3010299956639813
755 1.4771212547196624
794 1.7781512503836436
798 1.3010299956639813
807 1.0
814 1.3010299956639813
815 1.0
826 1.0
837 1.3010299956639813
845 1.3010299956639813
864 1.6020599913279625
870 1.0
885 1.0
901 1.0
903 1.4771212547196624
904 1.0
926 1.0
929 1.3010299956639813
930 1.0
931 1.0
941 1.0
947 1.0
948 1.0
950 1.0
969 1.0
1004 1.0
1019 1.3010299956639813
1040 1.0
1047 1.3010299956639813
1049 1.0
1061 1.0
1064 1.4771212547196624
1070 1.0
1079 1.3010299956639813
1083 1.4771212547196624
1084 1.0
1122 1.0
1151 1.0
1152 1.0
1161 1.3010299956639813
1182 1.0
1194 1.0
1204 1.4771212547196624
1211 1.0
1213 1.0
1214 1.0
1224 1.0
1243 1.3010299956639813
1259 1.0
1260 1.3010299956639813
1277 1.0
1293 1.0
1309 1.3010299956639813
1311 1.3010299956639813
1318 1.3010299956639813
