2 1.4771212547196624
4 1.0
7 1.0
17 1.3010299956639813
18 1.0
34 1.0
35 1.0
37 1.0
45 1.0
47 1.0
51 1.0
58 1.0
61 1.0
62 1.0
69 1.0
70 1.0
77 1.6020599913279625
84 1.0
91 1.0
94 1.0
115 1.0
117 1.0
123 1.0
124 1.0
131 1.0
132 1.3010299956639813
135 1.0
136 1.0
138 1.0
171 1.0
179 1.0
187 1.0
189 1.0
222 1.3010299956639813
225 1.0
228 1.0
234 1.0
236 1.0
237 1.3010299956639813
244 1.0
251 1.0
255 1.6020599913279625
258 1.4771212547196624
270 1.3010299956639813
271 1.0
274 1.0
287 1.3010299956639813
292 1.0
302 1.3010299956639813
315 1.0
327 1.0
339 1.3010299956639813
341 1.4771212547196624
344 1.0
353 1.0
359 1.0
361 1.0
363 1.0
364 1.3010299956639813
368 1.0
378 1.4771212547196624
389 1.0
408 1.0
411 1.0
424 1.0
425 1.0
436 1.3010299956639813
440 1.3010299956639813
443 1.0
444 1.0
457 1.0
462 1.3010299956639813
463 1.0
465 1.0
487 1.0
497 1.0
505 1.0
513 1.0
523 1.3010299956639813
524 1.3010299956639813
546 1.4771212547196624
554 1.0
558 1.0
564 1.4771212547196624
572 1.3010299956639813
578 1.0
599 1.3010299956639813
600 1.0
610 1.0
612 1.0
630 1.0
637 1.0
640 1.3010299956639813
648 1.0
650 1.0
656 1.0
663 1.0
671 1.0
676 1.0
679 1.0
680 1.0
689 1.0
698 1.0
699 1.0
703 1.0
704 1.3010299956639813
708 1.3010299956639813
712 1.0
715 1.4771212547196624
717 1.4771212547196624
724 1.0
725 1.3010299956639813
743 1.0
751 1.3010299956639813
771 1.0
788 1.4771212547196624
790 1.4771212547196624
846 1.0
862 1.3010299956639813
864 1.0
868 1.4771212547196624
869 1.4771212547196624
872 1.3010299956639813
883 1.0
889 1.0
890 1.0
895 1.0
901 1.6020599913279625
906 1.3010299956639813
932 1.0
945 1.0
1005 1.3010299956639813
1010 1.4771212547196624
1023 1.0
1028 1.3010299956639813
1037 1.0
1049 1.0
1052 1.0
1053 1.0
1055 1.4771212547196624
1066 1.0
1071 1.0
1072 1.0
1073 1.0
1074 1.0
1075 1.0
1087 1.0
1095 1.0
1096 1.3010299956639813
1111 1.0
1112 1.0
1121 1.3010299956639813
1122 1.3010299956639813
1123 1.3010299956639813
1127 1.3010299956639813
1128 1.3010299956639813
1129 1.3010299956639813
1130 1.3010299956639813
1139 1.3010299956639813
1140 1.3010299956639813
1147 1.0
1148 1.0
1149 1.0
1150 1.0
1151 1.0
1155 1.3010299956639813
1164 1.3010299956639813
1165 1.0
1166 1.0
1171 1.0
1173 1.3010299956639813
1181 1.0
1184 1.0
1204 1.0
1220 1.0
1222 1.0
1228 1.3010299956639813
1235 1.0
1237 1.3010299956639813
1242 1.0
1249 1.0
1259 1.0
1261 1.0
1265 1.0
1266 1.0
1268 1.0
1276 1.0
1277 1.0
1286 1.3010299956639813
1293 1.0
1300 1.0
1307 1.0
1314 1.0
