58 1.0
90 1.0
108 1.0
115 1.0
123 1.0
124 1.0
136 1.0
210 1.0
222 1.0
226 1.3010299956639813
228 1.0
243 1.0
245 1.0
248 1.0
255 1.0
261 1.0
272 1.0
278 1.3010299956639813
287 1.0
288 1.0
319 1.0
352 1.0
353 1.3010299956639813
399 1.0
407 1.0
420 1.0
429 1.0
484 1.0
525 1.3010299956639813
532 1.0
535 1.0
546 1.3010299956639813
555 1.0
561 1.0
568 1.0
569 1.0
572 1.0
575 1.0
601 1.0
610 1.0
613 1.0
627 1.0
646 1.0
647 1.0
666 1.0
677 1.0
679 1.0
681 1.4771212547196624
693 1.0
748 1.3010299956639813
752 1.0
753 1.0
815 1.0
826 1.0
839 1.0
840 1.0
845 1.0
851 1.0
903 1.0
1008 1.0
1013 1.0
1014 1.0
1020 1.0
1032 1.0
1048 1.0
1070 1.0
1079 1.0
1117 1.3010299956639813
1118 1.3010299956639813
1139 1.0
1140 1.0
1141 1.0
1142 1.0
1149 1.4771212547196624
1150 1.4771212547196624
1160 1.0
1175 1.3010299956639813
1227 1.0
1238 1.0
1245 1.0
1249 1.0
1265 1.0
1276 1.0
1277 1.0
