0 1.3010299956639813
7 1.0
16 1.0
17 1.0
21 1.0
26 1.0
29 1.0
33 1.0
38 1.0
41 1.0
45 1.0
47 1.845098040014257
53 1.3010299956639813
54 1.0
56 1.0
61 1.6020599913279625
64 1.9030899869919435
65 1.3010299956639813
69 1.0
71 1.0
73 1.3010299956639813
75 1.4771212547196624
78 1.6989700043360187
84 1.0
85 1.3010299956639813
86 2.204119982655925
88 1.9030899869919435
94 1.0
100 1.6989700043360187
112 1.3010299956639813
113 1.3010299956639813
114 1.3010299956639813
117 1.0
122 1.3010299956639813
127 1.0
141 1.0
145 1.0
161 2.0413926851582254
165 1.0
176 2.0
180 1.3010299956639813
189 1.845098040014257
193 1.3010299956639813
200 1.0
201 1.0
204 1.0
213 1.0
221 1.4771212547196624
222 1.0
229 1.3010299956639813
242 1.4771212547196624
246 1.0
249 1.0
251 1.6020599913279625
254 1.6020599913279625
263 1.0
264 1.6989700043360187
268 2.414973347970818
270 1.0
272 1.4771212547196624
274 1.0
275 1.0
280 1.3010299956639813
281 1.3010299956639813
284 1.0
287 1.3010299956639813
288 1.0
289 1.3010299956639813
291 1.3010299956639813
295 1.0
298 1.0
299 1.3010299956639813
302 2.079181246047625
310 1.845098040014257
319 1.0
326 1.7781512503836436
330 1.0
364 1.3010299956639813
370 1.0
379 1.3010299956639813
383 1.0
399 1.0
400 1.0
407 1.6020599913279625
408 1.0
409 1.4771212547196624
411 1.3010299956639813
412 1.6020599913279625
419 1.6989700043360187
424 1.3010299956639813
425 1.3010299956639813
436 1.0
441 1.0
447 1.0
449 1.0
452 1.3010299956639813
457 1.0
465 1.0
469 1.3010299956639813
473 1.6020599913279625
491 2.255272505103306
493 1.6020599913279625
495 1.0
497 1.4771212547196624
500 1.0
504 1.0
509 1.0
510 1.6020599913279625
514 1.6020599913279625
522 1.0
527 1.0
537 1.3010299956639813
538 1.4771212547196624
540 1.0
541 1.0
542 1.0
549 1.4771212547196624
550 1.6020599913279625
551 1.0
552 1.0
561 1.0
566 1.3010299956639813
570 1.6989700043360187
571 1.0
578 1.3010299956639813
582 1.6989700043360187
583 1.6989700043360187
592 1.9030899869919435
593 1.4771212547196624
597 1.0
598 1.0
615 1.0
618 1.3010299956639813
622 1.0
624 1.0
638 1.0
643 1.3010299956639813
645 1.3010299956639813
650 1.0
652 1.0
658 1.9030899869919435
659 2.079181246047625
664 1.0
665 1.0
676 1.3010299956639813
677 1.6020599913279625
682 1.0
689 1.3010299956639813
692 1.9542425094393248
694 1.6020599913279625
697 1.0
703 1.3010299956639813
706 1.0
707 2.079181246047625
715 1.0
716 1.0
717 1.9542425094393248
721 1.4771212547196624
725 1.6989700043360187
728 1.6020599913279625
729 1.6020599913279625
730 2.0
733 1.9030899869919435
739 2.380211241711606
741 1.3010299956639813
749 1.0
751 1.9030899869919435
756 1.3010299956639813
760 1.0
767 1.3010299956639813
770 1.6020599913279625
771 1.4771212547196624
772 1.0
773 1.0
779 1.6020599913279625
787 1.3010299956639813
791 1.0
795 1.4771212547196624
811 1.0
813 1.0
814 1.3010299956639813
815 1.4771212547196624
826 1.3010299956639813
841 1.3010299956639813
845 1.3010299956639813
855 1.0
863 1.0
864 2.079181246047625
867 1.0
879 1.0
883 1.6020599913279625
885 2.342422680822206
893 1.7781512503836436
895 1.0
896 1.0
901 1.0
904 1.0
906 1.3010299956639813
907 1.3010299956639813
914 1.0
915 1.0
918 1.9542425094393248
926 1.0
945 1.0
966 1.0
971 1.0
983 1.0
989 1.4771212547196624
1005 1.3010299956639813
1007 1.0
1008 1.0
1013 2.361727836017593
1014 1.0
1015 1.0
1016 1.0
1019 1.6020599913279625
1020 1.3010299956639813
1024 1.0
1037 1.0
1038 1.4771212547196624
1054 1.3010299956639813
1055 1.845098040014257
1057 1.0
1058 1.0
1068 1.3010299956639813
1083 1.3010299956639813
1085 1.4771212547196624
1089 1.0
1093 1.0
1095 1.3010299956639813
1101 1.0
1104 1.6020599913279625
1109 1.0
1114 1.0
1152 1.0
1162 1.0
1163 1.0
1176 1.0
1179 1.0
1184 1.0
1190 1.4771212547196624
1194 1.0
1197 1.0
1198 1.4771212547196624
1206 1.7781512503836436
1211 1.3010299956639813
1212 1.0
1213 1.0
1214 1.3010299956639813
1221 1.0
1224 1.3010299956639813
1234 1.0
1244 1.3010299956639813
1247 1.0
1252 1.0
1254 1.3010299956639813
1260 1.0
1264 1.4771212547196624
1271 1.0
1284 1.6020599913279625
1295 1.0
1298 1.3010299956639813
1322 1.0
1324 1.3010299956639813
