3 1.6989700043360187
8 1.6989700043360187
9 1.3010299956639813
11 1.3010299956639813
13 1.4771212547196624
15 1.0
20 1.3010299956639813
21 1.6020599913279625
25 1.3010299956639813
30 1.4771212547196624
31 1.0
32 1.4771212547196624
34 1.6989700043360187
36 1.6989700043360187
37 1.4771212547196624
40 1.0
41 1.9030899869919435
45 1.3010299956639813
48 1.845098040014257
49 1.3010299956639813
50 1.3010299956639813
51 1.3010299956639813
56 1.4771212547196624
59 1.6020599913279625
60 1.6020599913279625
61 1.4771212547196624
62 1.0
67 1.9542425094393248
73 1.0
74 1.0
75 1.6020599913279625
77 1.3010299956639813
78 1.3010299956639813
79 1.6020599913279625
80 1.3010299956639813
81 1.4771212547196624
84 2.0
85 1.0
86 2.113943352306837
89 1.7781512503836436
90 1.6020599913279625
91 1.3010299956639813
93 1.0
94 1.6020599913279625
95 1.6020599913279625
96 1.3010299956639813
97 1.6989700043360187
99 1.3010299956639813
100 2.113943352306837
101 1.6020599913279625
102 1.0
103 1.4771212547196624
104 1.0
107 1.6020599913279625
108 1.845098040014257
109 1.0
112 1.6020599913279625
113 1.4771212547196624
114 1.4771212547196624
116 1.4771212547196624
117 1.6989700043360187
118 1.0
119 1.0
121 1.3010299956639813
122 1.3010299956639813
123 1.6020599913279625
124 1.6020599913279625
125 1.4771212547196624
126 1.4771212547196624
129 1.3010299956639813
131 2.0
132 1.0
133 1.7781512503836436
136 1.6020599913279625
141 1.4771212547196624
142 1.845098040014257
143 1.4771212547196624
145 1.3010299956639813
146 1.6989700043360187
155 1.4771212547196624
160 1.4771212547196624
161 1.0
162 1.3010299956639813
163 1.0
167 1.0
170 1.0
174 1.4771212547196624
175 1.3010299956639813
176 1.6989700043360187
179 1.3010299956639813
180 1.3010299956639813
184 1.0
185 1.6989700043360187
189 1.0
190 1.3010299956639813
191 1.0
194 1.0
195 1.7781512503836436
196 1.0
198 1.3010299956639813
202 1.4771212547196624
211 1.0
221 1.0
227 1.7781512503836436
229 1.6020599913279625
230 1.6989700043360187
231 1.3010299956639813
234 1.0
235 1.0
236 1.0
241 1.3010299956639813
245 1.6020599913279625
251 1.6020599913279625
253 1.6989700043360187
254 1.9542425094393248
258 1.6020599913279625
260 1.0
261 1.3010299956639813
262 1.6020599913279625
263 2.079181246047625
264 1.4771212547196624
265 2.4471580313422194
268 2.113943352306837
272 1.0
273 1.3010299956639813
274 1.0
276 1.4771212547196624
277 1.0
278 1.0
279 1.7781512503836436
280 1.0
281 2.255272505103306
282 1.0
283 1.0
284 1.9030899869919435
286 1.3010299956639813
287 1.4771212547196624
288 1.4771212547196624
290 1.3010299956639813
291 1.845098040014257
294 1.3010299956639813
297 1.0
300 1.845098040014257
303 1.4771212547196624
314 1.3010299956639813
317 1.6989700043360187
319 1.3010299956639813
321 1.0
322 1.3010299956639813
323 1.4771212547196624
324 1.0
325 1.6989700043360187
326 1.3010299956639813
327 1.3010299956639813
328 1.4771212547196624
329 1.0
330 1.0
331 1.6020599913279625
334 1.3010299956639813
336 1.0
337 1.0
338 1.0
344 1.3010299956639813
348 1.4771212547196624
349 1.3010299956639813
354 1.9542425094393248
356 1.6020599913279625
358 1.0
359 1.4771212547196624
360 1.3010299956639813
361 2.0413926851582254
364 2.0
366 1.3010299956639813
367 1.3010299956639813
369 1.0
372 1.6989700043360187
374 1.0
375 1.9542425094393248
378 2.1760912590556813
379 1.0
380 2.1760912590556813
381 1.6020599913279625
383 1.9030899869919435
384 1.0
386 1.0
388 2.3010299956639813
391 1.6020599913279625
395 1.0
397 1.3010299956639813
398 1.6020599913279625
400 1.6020599913279625
406 1.0
407 1.3010299956639813
408 1.4771212547196624
409 1.6020599913279625
410 1.0
411 1.4771212547196624
412 1.3010299956639813
415 1.0
416 1.0
417 1.6989700043360187
418 1.0
420 1.0
424 1.4771212547196624
425 1.4771212547196624
429 1.6020599913279625
430 1.0
434 1.0
436 1.0
438 1.3010299956639813
439 1.0
442 1.0
443 1.4771212547196624
444 1.0
447 1.0
449 1.0
450 1.3010299956639813
452 1.0
457 1.0
458 1.0
459 1.6020599913279625
469 1.3010299956639813
471 1.0
472 1.3010299956639813
473 1.3010299956639813
487 1.6020599913279625
488 1.0
491 1.0
492 1.0
493 1.4771212547196624
496 1.0
497 1.6020599913279625
498 1.3010299956639813
499 1.3010299956639813
500 1.0
503 1.0
509 1.0
510 1.0
511 1.0
513 1.0
514 1.0
517 1.0
522 1.0
525 1.7781512503836436
526 1.9542425094393248
527 1.0
531 1.0
534 1.6020599913279625
535 1.0
537 1.0
539 1.6020599913279625
540 1.9030899869919435
541 1.0
542 1.6020599913279625
545 1.0
550 1.3010299956639813
555 1.0
559 1.0
561 1.4771212547196624
566 1.4771212547196624
568 1.6020599913279625
569 1.6020599913279625
572 1.0
578 1.7781512503836436
580 1.3010299956639813
581 1.0
582 1.7781512503836436
583 1.7781512503836436
588 1.0
589 1.0
592 1.4771212547196624
593 1.0
597 1.4771212547196624
598 1.4771212547196624
601 1.4771212547196624
608 1.0
609 1.0
610 1.3010299956639813
615 1.4771212547196624
620 1.3010299956639813
622 1.6989700043360187
624 1.4771212547196624
625 1.0
629 1.0
631 1.0
633 1.0
637 1.9030899869919435
643 1.3010299956639813
652 1.3010299956639813
657 1.6989700043360187
658 1.0
664 1.6020599913279625
666 1.0
676 1.9542425094393248
680 1.4771212547196624
681 1.0
682 1.0
684 1.6020599913279625
687 1.0
688 1.0
689 1.4771212547196624
690 1.0
692 1.4771212547196624
693 1.0
694 1.0
695 2.0413926851582254
696 1.845098040014257
697 1.6020599913279625
698 1.3010299956639813
703 1.845098040014257
704 1.9030899869919435
706 1.9542425094393248
709 1.6020599913279625
711 1.3010299956639813
713 1.0
714 1.3010299956639813
715 2.230448921378274
716 1.0
717 1.6989700043360187
720 1.0
721 1.845098040014257
723 1.845098040014257
724 1.0
727 1.3010299956639813
729 1.4771212547196624
730 1.7781512503836436
731 1.6020599913279625
732 1.3010299956639813
733 1.0
735 1.0
739 1.6020599913279625
740 1.0
742 1.4771212547196624
743 1.0
745 1.3010299956639813
749 1.4771212547196624
750 1.0
751 1.4771212547196624
752 1.0
753 1.0
754 1.0
758 1.0
761 1.3010299956639813
762 1.0
763 1.3010299956639813
764 1.3010299956639813
768 1.0
769 1.3010299956639813
770 1.7781512503836436
771 1.0
779 1.3010299956639813
781 1.7781512503836436
802 1.3010299956639813
803 1.3010299956639813
809 1.4771212547196624
811 1.3010299956639813
812 1.3010299956639813
819 1.7781512503836436
820 1.4771212547196624
823 1.0
824 1.0
825 1.0
826 1.4771212547196624
829 1.4771212547196624
837 1.0
841 1.3010299956639813
844 1.0
851 1.3010299956639813
852 1.3010299956639813
854 1.4771212547196624
856 1.0
861 1.3010299956639813
862 1.0
863 1.3010299956639813
864 1.0
866 1.6020599913279625
871 1.3010299956639813
873 1.0
874 1.3010299956639813
875 1.0
877 1.3010299956639813
878 1.3010299956639813
881 1.0
883 1.0
885 1.6020599913279625
887 1.4771212547196624
888 1.0
901 1.3010299956639813
903 1.3010299956639813
906 1.4771212547196624
907 1.3010299956639813
908 1.0
910 1.0
911 1.0
917 1.7781512503836436
921 1.6020599913279625
924 1.3010299956639813
926 1.0
927 1.0
929 1.4771212547196624
932 1.3010299956639813
940 1.3010299956639813
943 1.0
944 1.0
951 1.0
955 1.0
957 1.3010299956639813
958 1.3010299956639813
959 1.3010299956639813
960 1.0
962 1.3010299956639813
968 1.3010299956639813
969 1.0
970 1.0
971 1.0
975 1.6989700043360187
977 1.0
987 1.3010299956639813
989 1.845098040014257
992 1.0
994 1.0
997 1.0
1000 1.4771212547196624
1002 1.9030899869919435
1004 1.0
1005 2.146128035678238
1006 1.845098040014257
1010 1.845098040014257
1013 1.0
1016 1.4771212547196624
1019 1.7781512503836436
1020 2.204119982655925
1022 1.3010299956639813
1026 1.3010299956639813
1028 2.0
1036 1.4771212547196624
1047 2.0
1048 1.4771212547196624
1049 2.204119982655925
1050 1.3010299956639813
1051 1.0
1054 1.6020599913279625
1055 2.230448921378274
1060 1.0
1062 1.4771212547196624
1068 1.0
1070 1.3010299956639813
1072 1.0
1074 1.0
1075 1.0
1078 1.0
1083 2.079181246047625
1085 1.3010299956639813
1091 1.3010299956639813
1093 1.0
1094 1.0
1095 2.414973347970818
1096 1.4771212547196624
1097 1.3010299956639813
1099 1.4771212547196624
1100 1.4771212547196624
1101 1.7781512503836436
1109 1.0
1113 1.0
1114 1.9030899869919435
1115 1.0
1116 1.0
1119 1.0
1123 1.6989700043360187
1127 1.7781512503836436
1128 1.7781512503836436
1129 2.230448921378274
1130 2.230448921378274
1131 1.0
1132 1.0
1135 1.3010299956639813
1136 1.3010299956639813
1137 1.0
1138 1.0
1139 2.0413926851582254
1140 2.146128035678238
1141 1.7781512503836436
1142 1.7781512503836436
1143 1.6989700043360187
1144 1.6989700043360187
1145 1.6989700043360187
1146 1.6989700043360187
1149 1.7781512503836436
1150 1.9542425094393248
1151 1.4771212547196624
1152 1.3010299956639813
1153 1.4771212547196624
1159 1.3010299956639813
1160 1.3010299956639813
1161 1.4771212547196624
1164 1.3010299956639813
1171 1.7781512503836436
1173 1.7781512503836436
1176 1.4771212547196624
1182 1.3010299956639813
1183 1.3010299956639813
1184 1.845098040014257
1185 1.6020599913279625
1186 1.4771212547196624
1188 1.0
1189 1.0
1190 2.278753600952829
1192 1.6020599913279625
1193 1.0
1194 1.4771212547196624
1204 1.3010299956639813
1206 1.3010299956639813
1208 1.0
1213 1.6020599913279625
1217 1.3010299956639813
1218 1.845098040014257
1221 1.0
1227 1.4771212547196624
1228 1.9542425094393248
1229 1.3010299956639813
1231 1.6989700043360187
1234 1.7781512503836436
1235 1.845098040014257
1236 1.4771212547196624
1237 1.0
1238 1.3010299956639813
1239 1.9030899869919435
1240 1.0
1241 1.4771212547196624
1243 1.845098040014257
1244 1.6020599913279625
1247 1.7781512503836436
1251 1.0
1252 1.0
1253 1.0
1256 1.6989700043360187
1259 1.4771212547196624
1260 1.4771212547196624
1261 1.6020599913279625
1264 2.0
1265 1.845098040014257
1266 1.6989700043360187
1268 1.6989700043360187
1272 1.0
1274 2.113943352306837
1275 1.7781512503836436
1277 2.204119982655925
1279 1.7781512503836436
1281 2.0413926851582254
1284 1.4771212547196624
1287 1.6020599913279625
1289 1.0
1292 1.0
1294 1.0
1295 1.0
1296 1.6989700043360187
1298 1.0
1302 1.6020599913279625
1304 1.0
1305 1.4771212547196624
1306 1.6020599913279625
1307 1.6989700043360187
1309 1.6989700043360187
1311 1.0
1313 1.3010299956639813
1316 1.6020599913279625
1318 1.3010299956639813
1319 1.3010299956639813
1321 1.3010299956639813
1324 1.4771212547196624
