3 1.0
9 1.0
48 1.0
56 1.3010299956639813
57 1.0
83 1.0
91 1.0
136 1.0
204 1.0
273 1.0
274 1.0
297 1.0
307 1.0
310 1.0
314 1.3010299956639813
321 1.0
325 1.0
349 1.0
350 1.0
373 1.0
379 1.0
387 1.0
392 1.0
412 1.0
420 1.0
434 1.0
449 1.0
450 1.0
452 1.0
453 1.0
454 1.0
493 1.0
498 1.0
510 1.0
540 1.0
541 1.0
552 1.0
558 1.0
565 1.6020599913279625
567 1.0
570 1.4771212547196624
572 1.0
590 1.0
621 1.0
631 1.0
693 1.3010299956639813
696 1.0
705 1.0
713 1.0
720 1.0
723 1.0
724 1.0
740 1.0
771 1.0
789 1.0
830 1.0
845 1.0
850 1.0
851 1.0
891 1.0
914 1.0
933 1.0
941 1.0
999 1.0
1013 1.0
1067 1.0
1089 1.0
1102 1.0
1170 1.0
1181 1.3010299956639813
1198 1.0
1204 1.0
1211 1.0
1226 1.0
1243 1.0
1245 1.3010299956639813
1249 1.4771212547196624
1259 1.3010299956639813
1261 1.0
1269 1.0
1285 1.0
1287 1.0
1293 1.0
1308 1.3010299956639813
