0 1.0
43 1.0
44 1.0
50 1.0
54 1.3010299956639813
63 1.0
79 1.0
195 1.0
220 1.0
245 1.0
265 1.3010299956639813
281 1.0
318 1.0
319 1.0
323 1.3010299956639813
336 1.0
337 1.0
340 1.0
344 1.0
345 1.3010299956639813
353 1.0
361 1.0
362 1.3010299956639813
364 1.0
380 1.0
400 1.3010299956639813
423 1.0
431 1.0
432 1.0
444 1.0
452 1.0
454 1.0
459 1.0
494 1.0
540 1.0
580 1.3010299956639813
586 1.3010299956639813
596 1.0
600 1.0
615 1.0
626 1.0
630 1.4771212547196624
645 1.0
657 1.0
666 1.0
671 1.3010299956639813
683 1.0
689 1.0
691 1.0
694 1.4771212547196624
699 1.0
700 1.0
703 1.0
728 1.0
750 1.0
770 1.0
779 1.0
789 1.0
792 1.0
794 1.0
804 1.3010299956639813
810 1.0
830 1.0
845 1.0
849 1.0
859 1.0
878 1.3010299956639813
893 1.0
901 1.0
902 1.0
903 1.0
906 1.3010299956639813
907 1.3010299956639813
913 1.0
914 1.0
929 1.0
933 1.0
936 1.0
941 1.3010299956639813
950 1.0
951 1.0
968 1.0
969 1.3010299956639813
981 1.3010299956639813
986 1.0
989 1.0
991 1.4771212547196624
995 1.0
996 1.0
1001 1.3010299956639813
1019 1.0
1021 1.0
1026 1.0
1029 1.0
1074 1.0
1075 1.0
1085 1.0
1119 1.0
1131 1.0
1132 1.0
1149 1.0
1150 1.0
1185 1.3010299956639813
1198 1.0
1234 1.0
1261 1.3010299956639813
1268 1.0
1285 1.0
1286 1.0
1289 1.0
1300 1.0
1302 1.3010299956639813
1312 1.0
1318 1.3010299956639813
1322 1.0
