3 1.0
6 1.3010299956639813
7 1.0
8 1.0
17 1.0
24 1.0
39 1.0
45 1.0
47 1.0
48 1.0
53 1.0
56 1.0
58 1.0
75 1.0
79 1.0
93 1.0
94 1.0
96 1.0
100 1.4771212547196624
106 1.0
110 1.0
113 1.0
114 1.0
121 1.0
127 1.3010299956639813
128 1.6989700043360187
132 1.0
148 1.0
163 1.0
170 1.0
176 1.0
179 1.0
197 1.0
200 1.0
201 1.0
209 1.3010299956639813
214 1.4771212547196624
216 1.4771212547196624
217 1.4771212547196624
220 1.0
221 1.0
222 1.3010299956639813
229 1.0
245 1.6020599913279625
251 1.3010299956639813
267 1.0
270 1.0
273 1.0
288 1.0
302 1.0
304 1.4771212547196624
305 1.0
307 1.3010299956639813
309 1.0
322 1.0
330 1.0
333 1.0
361 1.4771212547196624
364 1.3010299956639813
384 1.7781512503836436
387 1.0
388 1.0
394 1.0
400 1.0
403 1.0
409 1.0
412 1.0
425 1.6020599913279625
432 1.0
442 1.3010299956639813
445 1.0
451 1.0
452 1.0
455 1.0
466 1.0
474 1.0
494 1.0
496 1.3010299956639813
500 1.0
506 1.0
510 1.0
528 1.0
534 1.0
536 1.0
537 1.6020599913279625
538 1.0
542 1.0
555 1.3010299956639813
566 1.3010299956639813
588 1.0
597 1.0
598 1.0
602 1.3010299956639813
603 1.3010299956639813
609 1.0
613 1.0
617 1.0
622 1.3010299956639813
629 1.0
637 1.3010299956639813
652 1.0
677 1.0
678 1.0
679 1.4771212547196624
681 1.0
684 1.0
692 1.3010299956639813
698 1.3010299956639813
703 1.0
704 1.3010299956639813
713 1.0
715 1.0
722 1.0
723 1.0
724 1.0
740 1.7781512503836436
741 1.0
742 1.4771212547196624
754 1.0
763 1.0
770 1.0
771 1.3010299956639813
779 1.3010299956639813
780 1.3010299956639813
784 1.3010299956639813
788 1.3010299956639813
790 1.6989700043360187
794 1.3010299956639813
795 1.3010299956639813
799 1.0
815 1.0
826 1.0
849 1.0
868 1.3010299956639813
869 1.3010299956639813
888 1.0
897 1.0
901 1.0
914 1.0
917 1.0
920 1.0
926 1.0
939 1.0
946 1.0
947 1.0
953 1.0
956 1.0
958 1.0
962 1.0
971 1.0
994 1.0
1006 1.0
1019 1.3010299956639813
1028 1.0
1034 1.0
1048 1.0
1072 1.0
1079 1.0
1083 1.9542425094393248
1089 1.0
1111 1.9030899869919435
1112 1.9030899869919435
1123 1.0
1126 1.0
1129 1.3010299956639813
1130 1.3010299956639813
1137 1.0
1138 1.0
1147 1.0
1148 1.0
1165 1.0
1171 1.0
1177 1.3010299956639813
1178 1.3010299956639813
1182 1.0
1184 1.0
1185 1.0
1189 1.3010299956639813
1197 1.0
1198 1.0
1203 1.0
1213 1.0
1229 1.3010299956639813
1238 1.0
1239 1.0
1241 1.0
1243 1.3010299956639813
1245 1.3010299956639813
1254 1.0
1259 1.0
1268 1.0
1272 1.0
1277 1.0
1283 1.3010299956639813
1298 1.0
1301 1.0
1308 1.0
