0 1.0
6 1.3010299956639813
7 1.7781512503836436
11 1.3010299956639813
18 1.0
41 1.0
43 1.0
45 1.3010299956639813
47 1.6020599913279625
70 1.3010299956639813
75 1.0
77 1.4771212547196624
94 1.0
97 1.3010299956639813
100 1.0
102 1.0
103 1.3010299956639813
108 1.3010299956639813
121 1.3010299956639813
131 1.0
140 1.0
162 1.0
169 1.3010299956639813
178 1.0
179 1.4771212547196624
236 1.0
245 1.845098040014257
258 1.0
268 1.0
275 1.0
279 1.0
285 1.0
304 1.6020599913279625
319 1.0
320 1.0
345 1.0
358 1.0
361 1.3010299956639813
378 1.3010299956639813
386 1.0
388 2.1760912590556813
430 1.3010299956639813
442 1.3010299956639813
473 1.0
474 1.0
497 1.0
503 1.4771212547196624
518 1.6989700043360187
554 1.0
568 1.0
569 1.0
582 1.0
583 1.0
620 1.3010299956639813
670 1.0
676 1.0
677 1.0
678 1.0
680 1.0
684 1.7781512503836436
692 1.0
699 1.3010299956639813
704 1.0
705 1.3010299956639813
706 1.0
711 1.3010299956639813
712 1.0
715 1.845098040014257
717 1.0
731 1.0
751 1.6989700043360187
764 1.3010299956639813
781 1.0
802 1.0
803 1.0
868 1.0
869 1.0
897 1.0
929 1.0
969 1.0
1005 1.0
1006 1.0
1044 1.0
1091 1.6020599913279625
1109 1.0
1111 1.0
1112 1.0
1119 1.0
1129 1.0
1130 1.0
1143 1.3010299956639813
1144 1.3010299956639813
1147 1.0
1148 1.0
1149 1.4771212547196624
1150 1.4771212547196624
1155 1.0
1165 1.0
1169 1.0
1172 1.0
1184 1.0
1196 1.0
1198 1.0
1239 1.0
1257 1.0
1276 1.0
1318 1.0
