29 1.0
76 1.3010299956639813
121 1.0
208 1.0
305 1.845098040014257
539 2.146128035678238
567 1.0
577 1.0
615 1.0
616 1.7781512503836436
619 1.0
633 1.9030899869919435
643 1.0
697 1.0
743 1.4771212547196624
797 1.0
839 1.0
840 1.0
850 1.0
889 1.0
890 1.0
926 1.6989700043360187
953 1.7781512503836436
976 1.4771212547196624
983 1.3010299956639813
995 1.0
996 1.3010299956639813
1000 1.0
1008 1.9542425094393248
1014 1.3010299956639813
1029 1.0
1147 1.4771212547196624
1148 1.4771212547196624
1179 1.0
1208 1.9030899869919435
