3 1.0
5 1.3010299956639813
12 1.3010299956639813
13 1.3010299956639813
14 1.0
15 1.6020599913279625
16 1.3010299956639813
17 2.146128035678238
20 1.0
21 1.4771212547196624
36 1.6989700043360187
41 1.0
44 1.0
45 1.3010299956639813
47 1.0
51 1.3010299956639813
58 1.845098040014257
59 1.6020599913279625
60 1.6020599913279625
63 1.7781512503836436
74 1.4771212547196624
75 1.6020599913279625
77 1.6020599913279625
79 1.0
82 1.0
86 1.0
93 1.0
94 1.3010299956639813
97 1.0
98 1.4771212547196624
99 1.0
101 1.0
103 1.0
107 1.4771212547196624
109 1.3010299956639813
110 1.0
111 1.6989700043360187
112 1.9030899869919435
117 1.9030899869919435
123 1.0
124 1.0
126 1.845098040014257
127 1.3010299956639813
129 1.0
131 1.3010299956639813
132 1.6989700043360187
139 1.3010299956639813
140 1.3010299956639813
142 1.3010299956639813
143 1.0
145 1.4771212547196624
146 1.0
148 1.6020599913279625
150 1.0
153 1.7781512503836436
155 1.3010299956639813
157 1.7781512503836436
162 1.3010299956639813
163 1.3010299956639813
166 1.3010299956639813
169 1.0
170 1.0
174 1.0
177 1.0
178 1.0
179 1.4771212547196624
185 1.0
186 1.6020599913279625
187 1.9030899869919435
189 1.6989700043360187
190 1.6989700043360187
192 2.079181246047625
193 1.845098040014257
195 1.9030899869919435
197 1.7781512503836436
200 1.0
201 1.0
207 1.0
216 1.0
217 1.0
219 1.0
220 1.0
221 1.0
222 1.0
225 1.0
236 1.6020599913279625
237 1.6020599913279625
239 1.3010299956639813
241 1.0
242 1.0
247 1.0
251 1.7781512503836436
252 1.0
254 1.9030899869919435
257 1.0
258 1.4771212547196624
261 1.6020599913279625
263 2.0
266 1.0
267 1.6989700043360187
268 1.4771212547196624
270 1.4771212547196624
273 1.3010299956639813
276 1.0
280 1.9542425094393248
282 1.0
284 1.6989700043360187
285 1.3010299956639813
288 1.0
290 1.0
291 2.146128035678238
292 1.6020599913279625
293 1.0
294 1.0
296 1.0
299 1.4771212547196624
302 1.3010299956639813
305 1.0
310 1.0
317 1.4771212547196624
318 1.3010299956639813
319 1.9030899869919435
322 1.7781512503836436
325 1.0
326 1.3010299956639813
327 1.3010299956639813
339 1.3010299956639813
341 1.0
349 2.113943352306837
350 1.0
353 1.9030899869919435
359 1.0
361 1.0
362 1.3010299956639813
363 1.6020599913279625
364 1.845098040014257
368 2.255272505103306
369 1.0
371 1.6989700043360187
375 1.0
378 1.3010299956639813
380 1.0
381 1.4771212547196624
383 1.3010299956639813
384 1.0
386 1.6020599913279625
388 1.0
391 1.9542425094393248
396 1.6020599913279625
397 1.0
400 2.4313637641589874
401 1.3010299956639813
402 1.0
404 1.3010299956639813
406 1.7781512503836436
407 1.0
408 1.3010299956639813
410 1.3010299956639813
411 1.0
419 1.3010299956639813
420 1.3010299956639813
422 1.3010299956639813
429 1.3010299956639813
431 1.0
441 1.0
442 1.6989700043360187
443 1.3010299956639813
449 1.0
459 1.0
464 1.3010299956639813
472 1.3010299956639813
473 1.0
474 1.3010299956639813
477 1.0
479 1.0
482 1.3010299956639813
488 1.0
491 1.3010299956639813
494 1.7781512503836436
496 1.0
497 1.6989700043360187
498 1.3010299956639813
499 1.9542425094393248
505 1.7781512503836436
506 1.0
507 1.0
508 1.6020599913279625
518 1.0
525 1.3010299956639813
530 1.0
535 1.0
540 1.0
541 2.0
543 1.3010299956639813
544 1.3010299956639813
545 1.4771212547196624
548 1.0
551 1.0
552 1.0
553 1.0
554 1.6020599913279625
556 1.4771212547196624
558 1.0
561 1.3010299956639813
564 1.0
567 1.0
570 1.3010299956639813
575 1.3010299956639813
576 1.6020599913279625
578 1.0
582 1.0
583 1.0
584 1.0
585 1.0
588 1.0
591 1.4771212547196624
592 1.3010299956639813
593 1.6989700043360187
595 1.6020599913279625
596 1.0
599 1.3010299956639813
602 1.0
603 1.0
604 1.0
605 1.0
606 1.0
608 1.4771212547196624
609 1.4771212547196624
610 1.0
620 1.0
622 1.3010299956639813
626 1.3010299956639813
627 1.4771212547196624
630 1.0
645 1.3010299956639813
647 1.0
650 1.0
652 1.0
656 1.0
658 1.0
659 1.0
664 1.3010299956639813
666 1.0
669 1.4771212547196624
671 1.0
676 1.7781512503836436
677 1.0
678 1.4771212547196624
682 1.6989700043360187
684 1.3010299956639813
687 1.4771212547196624
689 2.0
690 1.0
692 1.6989700043360187
693 1.0
694 1.845098040014257
696 1.6020599913279625
701 1.0
702 1.3010299956639813
703 1.3010299956639813
704 1.7781512503836436
705 1.3010299956639813
707 1.7781512503836436
712 1.0
713 1.0
715 2.0
720 1.0
721 1.0
723 1.7781512503836436
724 1.7781512503836436
725 1.0
729 1.0
731 1.4771212547196624
739 1.0
741 1.3010299956639813
742 1.4771212547196624
747 1.0
748 1.4771212547196624
749 1.0
754 1.0
755 1.0
756 1.0
761 1.0
762 1.0
763 1.3010299956639813
764 1.6020599913279625
769 1.0
770 1.0
771 1.9030899869919435
772 1.3010299956639813
781 1.3010299956639813
784 1.0
787 1.4771212547196624
790 1.0
794 1.3010299956639813
795 1.0
797 1.0
799 1.0
812 1.0
815 1.4771212547196624
821 1.0
824 1.0
825 1.0
826 1.0
829 1.3010299956639813
843 1.0
845 1.7781512503836436
849 1.3010299956639813
851 1.3010299956639813
856 1.0
859 1.3010299956639813
862 2.113943352306837
863 1.0
864 1.0
866 1.6989700043360187
867 1.3010299956639813
871 1.3010299956639813
872 1.6020599913279625
874 1.4771212547196624
875 1.6989700043360187
883 1.3010299956639813
884 1.3010299956639813
885 1.3010299956639813
889 1.3010299956639813
890 1.3010299956639813
893 1.0
895 2.0
898 1.4771212547196624
901 1.9030899869919435
903 1.6989700043360187
914 1.6020599913279625
915 1.0
917 1.0
918 1.0
924 1.0
927 1.0
929 1.3010299956639813
931 1.6020599913279625
934 1.0
935 1.0
938 1.0
949 1.0
960 1.0
964 1.0
966 1.0
979 1.0
981 1.0
990 1.0
996 1.0
1005 1.0
1008 1.6989700043360187
1009 1.0
1010 1.0
1013 1.0
1014 1.3010299956639813
1015 1.0
1016 1.6020599913279625
1019 1.6989700043360187
1020 1.6020599913279625
1021 1.0
1023 1.0
1024 1.0
1026 2.230448921378274
1027 1.845098040014257
1030 1.0
1032 1.3010299956639813
1033 1.0
1034 1.0
1036 1.4771212547196624
1038 1.4771212547196624
1041 1.0
1048 1.6020599913279625
1054 1.6989700043360187
1055 1.7781512503836436
1057 1.0
1058 1.0
1059 1.0
1062 1.0
1064 1.0
1065 1.0
1071 1.0
1072 1.0
1078 1.0
1081 1.4771212547196624
1083 1.3010299956639813
1084 1.0
1089 1.6989700043360187
1090 1.0
1091 1.6020599913279625
1093 1.0
1095 1.6989700043360187
1096 1.6989700043360187
1098 1.0
1099 1.6989700043360187
1103 1.3010299956639813
1105 1.0
1106 1.0
1108 1.0
1110 1.3010299956639813
1113 1.0
1114 1.0
1117 1.0
1118 1.0
1119 1.0
1120 1.0
1127 1.7781512503836436
1128 1.7781512503836436
1129 2.230448921378274
1130 2.230448921378274
1140 1.6989700043360187
1141 1.0
1142 1.0
1143 1.3010299956639813
1144 1.3010299956639813
1149 1.0
1150 1.6020599913279625
1151 1.3010299956639813
1152 2.079181246047625
1153 1.4771212547196624
1160 1.7781512503836436
1161 1.3010299956639813
1162 1.3010299956639813
1165 1.0
1173 1.3010299956639813
1174 1.0
1175 1.0
1176 1.9030899869919435
1193 1.0
1198 1.0
1199 1.6989700043360187
1202 1.3010299956639813
1203 1.0
1208 1.0
1211 1.0
1214 1.3010299956639813
1218 1.0
1219 1.0
1221 1.0
1226 1.0
1227 1.4771212547196624
1228 1.3010299956639813
1231 1.4771212547196624
1232 1.4771212547196624
1233 1.7781512503836436
1234 1.4771212547196624
1235 1.4771212547196624
1241 1.6020599913279625
1242 1.0
1249 1.0
1253 1.0
1255 1.0
1258 1.3010299956639813
1260 1.0
1261 1.0
1265 1.3010299956639813
1266 1.6989700043360187
1268 1.4771212547196624
1272 1.6989700043360187
1276 1.0
1277 1.9542425094393248
1285 1.0
1294 1.0
1295 1.0
1301 1.4771212547196624
1302 1.6020599913279625
1312 1.0
1314 1.0
1318 1.4771212547196624
1319 1.0
1320 1.0
1324 1.0
