9 1.0
29 1.0
47 1.0
132 1.0
177 1.0
200 1.0
201 1.0
226 1.0
230 1.0
249 1.0
253 1.0
261 1.3010299956639813
265 1.4771212547196624
276 1.0
322 1.0
355 1.0
360 1.3010299956639813
424 1.4771212547196624
541 1.6020599913279625
550 1.0
567 1.3010299956639813
575 1.3010299956639813
587 1.4771212547196624
643 1.0
645 1.0
713 1.0
721 1.0
736 1.0
759 1.3010299956639813
771 1.0
819 1.0
837 1.0
855 1.0
866 1.0
941 1.0
962 1.3010299956639813
970 1.0
1003 1.0
1017 1.0
1029 1.0
1031 1.0
1041 1.0
1110 1.3010299956639813
1121 1.3010299956639813
1141 1.0
1142 1.0
1245 1.0
1277 1.0
