15 1.0
30 1.0
46 1.3010299956639813
69 1.6989700043360187
72 1.3010299956639813
74 1.0
87 1.4771212547196624
100 1.6989700043360187
107 1.4771212547196624
132 1.0
152 1.0
163 1.0
185 1.0
200 1.4771212547196624
201 1.6020599913279625
217 1.0
230 1.0
241 1.3010299956639813
253 1.0
261 1.3010299956639813
270 1.0
296 1.0
307 1.0
310 1.3010299956639813
327 1.0
329 2.0
348 1.0
352 1.3010299956639813
356 1.0
361 1.3010299956639813
382 1.3010299956639813
388 1.0
398 1.0
400 1.0
415 1.0
417 1.0
428 1.0
435 1.0
438 1.0
498 1.0
539 1.0
541 1.4771212547196624
545 1.0
557 1.0
559 1.4771212547196624
562 1.0
563 1.0
565 1.0
566 1.6989700043360187
567 1.0
570 1.4771212547196624
576 1.6020599913279625
579 1.0
582 1.0
583 1.0
584 1.0
585 1.0
594 1.4771212547196624
595 1.0
597 1.0
598 1.0
601 1.0
605 1.0
606 1.0
609 1.0
611 1.0
623 1.6020599913279625
630 1.0
648 1.0
657 1.0
664 1.0
672 1.0
674 1.4771212547196624
675 1.4771212547196624
682 1.4771212547196624
683 1.0
692 1.3010299956639813
694 1.4771212547196624
697 1.6020599913279625
717 1.0
737 1.3010299956639813
749 1.3010299956639813
761 1.3010299956639813
765 1.6020599913279625
802 1.0
803 1.0
870 1.0
871 1.0
895 1.0
900 1.4771212547196624
903 1.0
929 1.0
948 1.0
1002 1.3010299956639813
1009 1.0
1032 1.0
1036 1.4771212547196624
1053 1.3010299956639813
1061 1.4771212547196624
1064 1.0
1069 1.3010299956639813
1080 1.6020599913279625
1086 1.0
1091 1.0
1105 1.3010299956639813
1106 1.3010299956639813
1151 1.0
1152 1.3010299956639813
1160 1.0
1164 1.0
1165 1.0
1173 1.3010299956639813
1175 1.3010299956639813
1202 1.0
1215 1.0
1230 1.3010299956639813
1232 1.0
1235 1.0
1266 1.0
1304 1.0
1322 1.3010299956639813
