2 1.3010299956639813
6 1.0
9 1.0
18 1.4771212547196624
21 1.3010299956639813
30 1.0
41 1.0
50 1.0
61 1.0
69 1.0
77 1.3010299956639813
82 1.0
86 1.0
88 1.0
99 1.0
100 1.4771212547196624
101 1.0
103 1.0
109 1.0
125 1.0
127 1.3010299956639813
131 1.3010299956639813
137 1.0
149 1.0
161 1.0
171 1.3010299956639813
181 1.0
185 1.0
189 1.0
195 1.0
197 1.0
200 1.0
201 1.0
210 1.3010299956639813
213 1.0
217 1.0
218 1.0
219 1.0
231 1.0
232 1.0
241 1.3010299956639813
245 1.0
257 1.0
258 1.0
259 1.0
260 1.0
264 1.0
287 1.0
288 1.0
309 1.0
313 1.0
319 1.0
322 1.4771212547196624
329 1.0
333 1.0
341 1.3010299956639813
354 1.0
360 1.6020599913279625
364 1.0
378 1.0
380 1.3010299956639813
385 1.0
399 1.0
402 1.0
408 1.0
417 1.0
428 1.0
430 1.0
431 1.0
434 1.0
447 1.0
457 1.0
460 1.0
466 1.3010299956639813
468 1.0
482 1.0
485 1.0
488 1.0
489 1.0
496 1.0
497 1.3010299956639813
499 1.0
503 1.0
505 1.0
539 1.0
540 1.0
541 1.0
546 1.0
548 1.0
549 1.0
564 1.0
570 1.0
588 1.0
596 1.0
610 1.0
622 1.0
627 1.0
644 1.0
664 1.0
671 1.0
695 1.0
698 1.3010299956639813
710 1.0
715 1.0
720 1.0
733 1.3010299956639813
739 1.4771212547196624
743 1.0
745 1.0
755 1.3010299956639813
759 1.0
761 1.0
770 1.4771212547196624
771 1.0
774 1.3010299956639813
775 1.0
777 1.0
783 1.4771212547196624
792 1.3010299956639813
797 1.0
802 1.0
803 1.0
813 1.0
821 1.0
824 1.6020599913279625
825 1.6020599913279625
839 1.9030899869919435
840 1.9030899869919435
857 1.4771212547196624
858 1.0
867 1.4771212547196624
870 1.0
889 1.4771212547196624
890 1.4771212547196624
893 1.4771212547196624
897 1.845098040014257
914 1.0
922 1.0
932 1.0
936 1.0
937 1.0
945 1.3010299956639813
952 1.0
982 1.0
984 1.0
1026 1.0
1028 1.0
1032 1.0
1039 1.0
1040 2.079181246047625
1041 1.0
1054 1.0
1055 1.4771212547196624
1061 1.0
1062 1.0
1081 1.0
1083 1.845098040014257
1091 1.3010299956639813
1096 1.3010299956639813
1104 1.0
1109 1.0
1129 1.3010299956639813
1130 1.3010299956639813
1135 1.3010299956639813
1136 1.3010299956639813
1137 1.0
1138 1.0
1149 1.6020599913279625
1150 1.6020599913279625
1160 1.0
1164 1.0
1169 1.0
1173 1.0
1177 1.0
1198 1.0
1201 1.0
1208 1.0
1218 1.0
1221 1.0
1226 1.0
1231 1.0
1235 1.0
1257 1.0
1268 1.0
1277 1.0
1285 1.0
1289 1.0
1300 1.0
1304 1.0
