4 1.0
15 1.0
24 1.0
75 1.6020599913279625
76 1.0
94 1.0
98 1.0
117 1.0
132 1.3010299956639813
152 1.0
157 1.3010299956639813
163 1.3010299956639813
179 1.0
193 1.3010299956639813
196 1.0
230 1.3010299956639813
232 1.0
234 1.0
241 1.0
253 1.4771212547196624
256 1.0
265 1.0
273 1.4771212547196624
274 1.0
289 1.0
295 1.0
297 1.4771212547196624
302 1.0
305 1.3010299956639813
307 1.0
309 1.6020599913279625
329 1.0
349 1.3010299956639813
352 1.3010299956639813
355 1.3010299956639813
361 1.0
381 1.0
402 1.0
404 1.0
420 1.0
429 1.0
430 1.0
449 1.9542425094393248
479 1.3010299956639813
482 1.0
494 1.0
497 1.4771212547196624
498 1.9542425094393248
505 2.146128035678238
539 1.0
540 1.3010299956639813
541 2.146128035678238
545 1.6989700043360187
558 1.0
561 1.3010299956639813
565 1.3010299956639813
567 1.0
576 1.3010299956639813
584 1.6989700043360187
585 1.6989700043360187
589 1.0
591 1.6020599913279625
602 1.0
603 1.0
609 1.0
611 1.0
622 1.0
624 1.3010299956639813
626 1.0
627 1.4771212547196624
644 1.3010299956639813
645 1.0
647 1.0
657 1.6020599913279625
659 1.0
682 1.0
687 1.6989700043360187
689 1.3010299956639813
691 1.0
692 1.7781512503836436
694 1.845098040014257
696 1.0
698 1.0
701 1.0
703 1.0
707 1.3010299956639813
715 1.0
723 1.0
724 1.0
739 1.0
742 1.7781512503836436
748 1.0
761 1.0
764 1.0
765 1.7781512503836436
772 1.3010299956639813
784 1.0
793 1.6020599913279625
795 2.146128035678238
799 1.0
802 1.0
803 1.0
815 1.0
826 1.3010299956639813
837 1.9542425094393248
839 1.0
840 1.0
845 1.0
848 1.0
851 1.845098040014257
852 1.0
855 1.4771212547196624
867 1.0
868 1.3010299956639813
869 1.3010299956639813
870 1.0
885 1.0
888 1.0
893 1.3010299956639813
895 2.462397997898956
898 1.3010299956639813
901 2.380211241711606
903 1.0
904 1.4771212547196624
914 1.0
924 1.0
925 1.0
947 1.0
956 1.3010299956639813
980 1.0
982 1.0
985 1.0
989 1.0
996 1.3010299956639813
1001 1.0
1002 1.0
1008 1.0
1013 1.0
1019 1.0
1020 1.3010299956639813
1029 1.0
1032 1.0
1034 1.845098040014257
1041 1.0
1054 1.0
1056 1.0
1065 1.6989700043360187
1072 1.3010299956639813
1074 1.0
1075 1.0
1081 1.845098040014257
1091 1.3010299956639813
1095 1.0
1109 1.0
1113 1.0
1114 1.0
1152 2.1760912590556813
1194 1.0
1202 1.6020599913279625
1204 1.0
1213 1.6989700043360187
1222 2.0
1226 1.3010299956639813
1227 1.0
1232 1.0
1233 1.0
1234 1.0
1242 1.0
1265 1.0
1272 1.0
1276 1.0
1301 1.0
1318 1.0
