8 1.0
9 1.0
10 1.0
14 1.3010299956639813
41 1.0
52 1.0
63 1.4771212547196624
75 1.0
77 1.0
88 1.3010299956639813
97 1.3010299956639813
101 1.0
107 1.0
109 1.0
117 1.3010299956639813
119 1.0
131 1.3010299956639813
138 1.0
142 1.0
152 1.3010299956639813
161 1.0
163 1.0
171 1.0
173 1.3010299956639813
192 1.0
231 1.3010299956639813
236 1.0
241 1.3010299956639813
243 1.4771212547196624
247 1.0
253 1.0
259 1.0
263 1.0
264 1.0
270 1.4771212547196624
272 1.3010299956639813
274 1.6020599913279625
280 1.0
284 1.0
291 1.0
310 1.4771212547196624
311 1.3010299956639813
315 1.0
318 1.0
319 1.0
323 1.0
327 1.0
333 1.0
338 1.0
344 1.4771212547196624
346 1.0
349 1.0
353 1.3010299956639813
354 1.3010299956639813
363 1.0
364 1.845098040014257
371 1.0
376 1.0
379 1.3010299956639813
381 1.0
383 1.0
388 1.3010299956639813
404 1.0
415 1.0
422 1.4771212547196624
431 1.0
444 1.0
445 1.4771212547196624
452 1.0
459 1.0
460 1.3010299956639813
470 1.0
471 1.0
474 1.0
492 1.0
523 1.6989700043360187
534 1.0
537 1.3010299956639813
543 1.0
544 1.0
571 1.0
584 1.0
585 1.0
586 1.0
604 1.0
608 1.3010299956639813
614 1.0
629 1.0
630 1.3010299956639813
643 1.0
656 1.7781512503836436
670 2.1760912590556813
671 1.845098040014257
674 1.0
675 1.0
680 1.3010299956639813
682 1.0
684 1.6020599913279625
689 1.6020599913279625
690 1.3010299956639813
692 1.3010299956639813
694 1.0
696 1.4771212547196624
698 1.0
700 1.0
704 1.0
706 1.6989700043360187
715 1.3010299956639813
721 1.7781512503836436
730 1.0
743 1.0
749 1.3010299956639813
771 1.0
787 1.0
794 1.3010299956639813
796 1.3010299956639813
804 1.4771212547196624
823 1.4771212547196624
824 1.0
825 1.0
830 1.0
841 1.0
843 1.4771212547196624
845 1.0
855 1.0
858 1.7781512503836436
867 1.4771212547196624
868 1.0
869 1.0
870 1.0
872 1.6989700043360187
879 1.0
893 1.0
895 1.4771212547196624
897 1.3010299956639813
901 1.3010299956639813
903 1.0
914 1.0
942 1.0
948 1.3010299956639813
950 1.4771212547196624
968 1.3010299956639813
969 1.7781512503836436
974 1.0
978 1.6020599913279625
991 1.0
1001 1.0
1021 1.3010299956639813
1027 1.0
1036 1.0
1037 1.0
1043 1.0
1044 1.0
1047 1.3010299956639813
1049 1.0
1064 1.0
1066 1.4771212547196624
1072 1.0
1094 1.3010299956639813
1095 1.0
1096 1.0
1099 1.3010299956639813
1110 1.0
1151 1.0
1153 1.0
1161 1.3010299956639813
1165 1.3010299956639813
1180 1.0
1185 1.3010299956639813
1195 1.0
1231 1.0
1235 1.3010299956639813
1237 1.0
1238 1.0
1241 1.0
1244 1.0
1266 1.0
1277 1.3010299956639813
1281 1.0
1285 1.0
1289 1.4771212547196624
1314 1.3010299956639813
1315 1.0
