3 2.0
4 1.0
7 1.6020599913279625
11 1.4771212547196624
12 1.0
13 1.0
14 1.3010299956639813
17 1.3010299956639813
18 1.0
19 1.4771212547196624
23 1.3010299956639813
26 1.3010299956639813
29 1.0
32 1.0
34 1.0
35 1.0
43 1.0
45 1.3010299956639813
56 1.3010299956639813
58 1.9030899869919435
63 1.0
68 1.0
70 1.4771212547196624
71 1.3010299956639813
73 1.0
75 1.3010299956639813
93 1.7781512503836436
94 1.0
100 1.4771212547196624
106 1.3010299956639813
107 1.4771212547196624
108 1.3010299956639813
110 1.4771212547196624
119 1.0
123 1.0
124 1.0
132 1.0
138 1.4771212547196624
142 1.0
159 1.4771212547196624
163 1.0
170 1.0
179 1.0
185 1.3010299956639813
187 1.0
191 2.146128035678238
193 2.342422680822206
204 1.4771212547196624
212 1.0
227 1.3010299956639813
230 1.0
236 1.0
237 1.6020599913279625
245 1.4771212547196624
247 1.4771212547196624
256 1.3010299956639813
264 1.0
272 1.0
274 1.0
276 1.3010299956639813
277 1.0
289 1.3010299956639813
291 1.0
302 1.4771212547196624
304 1.0
310 1.0
311 1.4771212547196624
316 1.0
319 1.0
325 1.845098040014257
332 1.0
343 1.0
348 1.3010299956639813
351 1.3010299956639813
352 1.0
357 1.0
361 1.0
363 1.0
364 1.0
372 1.3010299956639813
373 1.0
374 1.0
378 1.0
379 1.845098040014257
380 1.0
384 1.3010299956639813
387 1.0
388 1.6020599913279625
389 1.3010299956639813
399 1.0
400 1.3010299956639813
412 1.0
415 1.3010299956639813
420 1.4771212547196624
424 1.0
430 1.0
431 1.3010299956639813
438 1.3010299956639813
441 1.0
445 1.0
446 1.0
457 1.0
464 1.0
493 1.3010299956639813
513 1.0
514 1.0
523 1.0
534 1.4771212547196624
540 2.0
545 1.0
571 1.3010299956639813
587 1.0
588 1.3010299956639813
592 1.6989700043360187
596 1.0
610 1.0
611 1.0
620 1.0
622 1.0
632 1.0
645 1.0
647 1.0
651 1.3010299956639813
657 1.3010299956639813
658 1.4771212547196624
676 1.4771212547196624
677 1.3010299956639813
678 1.0
680 1.6989700043360187
682 1.4771212547196624
684 1.3010299956639813
689 1.3010299956639813
690 1.0
691 1.0
698 1.4771212547196624
705 1.0
706 1.4771212547196624
709 1.0
712 1.0
715 1.6020599913279625
723 1.0
731 1.0
732 1.0
733 1.0
735 1.0
739 1.6020599913279625
741 1.3010299956639813
742 1.0
747 1.0
748 1.0
751 1.3010299956639813
755 1.3010299956639813
758 1.0
759 1.6020599913279625
763 1.3010299956639813
777 1.0
783 1.3010299956639813
795 1.0
797 1.3010299956639813
802 1.4771212547196624
803 1.4771212547196624
812 1.3010299956639813
813 1.3010299956639813
814 1.4771212547196624
816 1.0
829 1.4771212547196624
830 1.0
837 1.0
839 1.0
840 1.0
845 1.6020599913279625
847 1.9030899869919435
851 1.4771212547196624
856 1.3010299956639813
861 1.6020599913279625
862 1.6989700043360187
864 2.0413926851582254
870 1.0
885 1.0
897 1.0
898 1.0
901 1.4771212547196624
903 1.3010299956639813
905 1.6020599913279625
906 1.0
914 1.0
915 1.3010299956639813
918 1.7781512503836436
926 1.4771212547196624
943 1.7781512503836436
944 1.7781512503836436
975 1.0
994 1.0
995 1.0
1005 1.6989700043360187
1007 1.0
1010 1.7781512503836436
1013 1.0
1017 1.4771212547196624
1020 2.113943352306837
1027 1.3010299956639813
1028 1.0
1029 1.7781512503836436
1031 1.0
1036 1.7781512503836436
1037 1.3010299956639813
1041 1.0
1052 1.0
1059 1.0
1062 1.3010299956639813
1064 1.6020599913279625
1066 1.0
1068 1.3010299956639813
1072 1.6989700043360187
1073 1.0
1074 1.0
1075 1.0
1080 1.4771212547196624
1083 2.0413926851582254
1086 1.3010299956639813
1089 1.3010299956639813
1093 1.0
1104 1.0
1114 1.3010299956639813
1115 1.0
1116 1.0
1117 1.3010299956639813
1118 1.3010299956639813
1119 1.4771212547196624
1121 1.0
1123 1.7781512503836436
1125 1.0
1127 1.0
1128 1.0
1129 2.146128035678238
1130 2.146128035678238
1133 1.0
1134 1.0
1135 1.3010299956639813
1136 1.3010299956639813
1139 1.0
1140 1.6020599913279625
1143 1.0
1144 1.0
1145 1.0
1146 1.0
1147 1.0
1148 1.0
1149 1.4771212547196624
1150 1.4771212547196624
1152 1.0
1160 1.3010299956639813
1162 1.6020599913279625
1167 1.3010299956639813
1168 1.0
1169 1.0
1171 1.0
1172 1.4771212547196624
1179 1.0
1180 1.3010299956639813
1182 1.4771212547196624
1183 1.6020599913279625
1184 1.3010299956639813
1193 1.0
1194 1.9030899869919435
1196 1.0
1197 1.3010299956639813
1198 1.7781512503836436
1204 1.3010299956639813
1211 1.0
1213 1.0
1214 1.0
1220 1.0
1226 1.0
1237 1.0
1238 1.0
1242 1.0
1244 1.0
1247 1.9542425094393248
1276 1.3010299956639813
1283 1.6020599913279625
1294 1.0
1304 1.0
1312 1.0
