34 1.4771212547196624
46 1.0
49 1.3010299956639813
58 1.4771212547196624
84 1.3010299956639813
121 1.0
139 1.0
144 1.0
177 1.0
213 1.3010299956639813
215 1.0
222 1.0
224 1.0
229 1.0
247 1.0
248 1.0
310 1.3010299956639813
330 1.0
368 1.0
370 1.0
373 1.0
397 1.0
412 1.0
419 1.0
425 1.0
431 1.0
440 1.3010299956639813
451 1.0
466 1.0
486 1.0
500 1.0
504 1.3010299956639813
514 1.0
523 1.0
533 1.0
536 1.0
545 1.0
548 1.0
552 1.0
558 1.0
566 1.4771212547196624
578 1.0
589 1.0
641 1.0
659 1.0
717 1.0
728 1.0
734 1.3010299956639813
785 1.0
788 1.0
810 1.0
879 1.0
885 1.3010299956639813
964 1.0
1073 1.0
1092 1.0
1095 1.0
1104 1.6020599913279625
1125 1.0
1155 1.3010299956639813
1179 1.0
1182 1.0
1295 1.0
1297 1.0
