13 1.0
15 1.0
37 1.3010299956639813
38 1.0
50 1.9030899869919435
54 1.0
59 1.0
60 1.0
61 1.0
72 1.0
84 1.3010299956639813
90 1.0
91 1.3010299956639813
92 1.0
94 1.0
97 1.4771212547196624
102 1.3010299956639813
118 1.0
125 1.3010299956639813
133 1.0
135 1.3010299956639813
145 1.0
158 1.4771212547196624
161 1.3010299956639813
165 1.6989700043360187
173 1.0
176 1.0
177 1.6020599913279625
179 1.0
180 1.0
182 1.0
190 1.0
192 1.0
198 1.0
200 1.0
201 1.0
203 1.0
210 1.0
219 1.0
224 1.0
231 1.0
241 1.0
242 1.0
245 1.0
251 1.0
253 1.0
257 1.4771212547196624
259 1.0
264 1.3010299956639813
268 1.0
273 1.0
291 1.6020599913279625
305 1.3010299956639813
310 1.0
312 1.0
313 1.0
314 1.0
316 1.0
317 1.4771212547196624
318 1.0
329 1.4771212547196624
358 1.0
360 1.0
362 1.0
368 1.6020599913279625
369 1.3010299956639813
373 1.3010299956639813
378 2.1760912590556813
380 1.4771212547196624
385 1.0
386 1.0
388 1.0
390 1.0
396 1.0
401 1.0
402 1.0
405 1.0
410 1.0
428 1.0
429 1.0
434 1.0
461 1.3010299956639813
477 1.0
492 1.0
493 1.0
503 2.230448921378274
506 1.4771212547196624
535 1.0
539 1.3010299956639813
540 1.3010299956639813
556 1.3010299956639813
566 1.0
571 1.0
577 1.4771212547196624
581 1.0
586 1.0
599 1.0
602 1.6020599913279625
603 1.6020599913279625
611 1.0
622 1.7781512503836436
638 1.0
658 1.6989700043360187
676 1.4771212547196624
678 1.3010299956639813
681 1.0
687 1.845098040014257
688 1.0
706 1.0
707 1.0
709 1.0
715 1.3010299956639813
733 1.4771212547196624
735 1.0
748 1.3010299956639813
750 1.0
764 1.0
769 1.0
771 1.3010299956639813
772 1.3010299956639813
792 1.0
794 1.0
806 1.0
817 1.0
818 1.0
821 1.0
826 1.0
829 1.3010299956639813
834 1.3010299956639813
835 1.3010299956639813
837 1.0
839 1.0
840 1.0
844 1.3010299956639813
848 1.0
850 1.0
851 1.0
868 1.3010299956639813
869 1.3010299956639813
873 1.0
889 1.3010299956639813
890 1.3010299956639813
915 1.0
935 1.0
954 1.4771212547196624
983 1.0
985 1.0
1008 1.0
1013 1.3010299956639813
1032 1.3010299956639813
1042 1.0
1045 1.0
1051 1.0
1055 1.0
1062 1.0
1078 1.0
1085 1.3010299956639813
1086 1.6989700043360187
1096 1.4771212547196624
1104 1.0
1119 1.3010299956639813
1124 1.0
1127 1.0
1128 1.0
1129 1.0
1130 1.0
1153 1.4771212547196624
1154 1.0
1159 1.4771212547196624
1170 1.3010299956639813
1183 1.0
1211 1.0
1218 1.0
1221 1.0
1232 1.0
1241 1.0
1243 1.0
1245 1.0
1251 1.0
1254 1.0
1258 1.0
1260 1.0
1282 1.0
1305 1.0
1318 1.0
1321 1.0
