3 1.4771212547196624
11 1.0
15 1.4771212547196624
21 1.0
30 1.0
32 1.0
34 1.3010299956639813
37 1.0
38 1.0
40 1.6020599913279625
41 1.0
48 1.4771212547196624
50 1.0
54 1.6989700043360187
58 1.4771212547196624
59 1.4771212547196624
60 1.4771212547196624
61 1.0
63 1.0
75 1.0
77 1.0
79 1.6989700043360187
84 1.0
88 1.0
90 1.0
91 1.4771212547196624
92 1.0
93 1.0
94 1.3010299956639813
99 1.0
101 1.0
103 1.0
104 1.0
108 1.3010299956639813
110 1.0
111 1.4771212547196624
115 1.3010299956639813
118 1.4771212547196624
123 1.0
124 1.0
135 1.0
138 1.3010299956639813
142 1.4771212547196624
145 1.4771212547196624
148 1.0
149 1.0
165 1.0
175 1.3010299956639813
176 1.0
180 1.3010299956639813
181 1.0
189 1.3010299956639813
190 1.0
191 1.0
192 1.0
195 1.3010299956639813
198 1.0
199 1.6020599913279625
204 1.0
227 1.4771212547196624
230 1.0
234 1.3010299956639813
236 1.0
241 1.0
242 2.0
245 1.4771212547196624
251 1.6989700043360187
256 1.4771212547196624
263 1.0
264 1.3010299956639813
265 1.3010299956639813
268 1.0
269 1.0
271 1.0
272 1.0
274 1.3010299956639813
276 1.0
277 1.0
281 1.0
297 1.3010299956639813
300 1.4771212547196624
305 1.6020599913279625
306 1.0
310 1.0
314 1.3010299956639813
318 1.0
321 1.0
327 1.0
329 1.0
330 1.3010299956639813
335 1.0
337 2.146128035678238
341 1.0
346 1.0
347 1.0
350 1.3010299956639813
352 1.0
353 1.3010299956639813
362 1.0
367 1.3010299956639813
375 1.0
382 2.0
383 1.3010299956639813
384 1.3010299956639813
391 1.0
398 1.4771212547196624
400 1.0
406 1.0
408 1.3010299956639813
411 1.0
415 1.0
424 1.3010299956639813
429 1.0
430 1.0
431 1.3010299956639813
442 1.3010299956639813
443 1.3010299956639813
449 1.0
450 1.0
457 1.0
459 1.0
472 1.4771212547196624
482 1.0
488 1.0
496 1.0
505 1.0
511 1.0
518 1.3010299956639813
531 1.3010299956639813
534 1.4771212547196624
535 1.6020599913279625
537 1.7781512503836436
543 1.4771212547196624
544 1.4771212547196624
555 1.4771212547196624
558 1.0
562 1.0
563 1.0
565 1.4771212547196624
566 1.6020599913279625
568 1.6020599913279625
569 1.6020599913279625
570 1.6020599913279625
571 1.4771212547196624
573 1.3010299956639813
574 1.3010299956639813
579 1.0
580 1.0
586 1.0
589 1.0
594 1.0
597 1.7781512503836436
598 1.7781512503836436
605 1.0
606 1.0
611 1.7781512503836436
613 1.0
615 2.255272505103306
616 1.3010299956639813
618 1.3010299956639813
619 1.6020599913279625
620 1.0
622 1.3010299956639813
629 1.0
630 1.6989700043360187
632 1.0
633 1.0
635 1.0
636 1.7781512503836436
637 1.6989700043360187
640 1.0
648 1.3010299956639813
651 1.6989700043360187
656 1.0
658 1.0
666 1.3010299956639813
673 1.0
682 1.4771212547196624
690 1.0
692 1.6020599913279625
694 1.3010299956639813
696 1.7781512503836436
697 1.0
700 1.0
701 1.0
704 1.0
705 1.0
708 1.0
715 1.0
717 1.4771212547196624
731 1.3010299956639813
732 1.0
751 1.0
760 1.0
763 1.0
766 1.0
767 1.0
771 1.845098040014257
772 1.845098040014257
775 1.4771212547196624
777 1.0
779 1.4771212547196624
781 1.4771212547196624
783 1.4771212547196624
787 1.7781512503836436
789 1.0
792 1.3010299956639813
798 1.0
799 1.0
800 1.3010299956639813
810 1.0
816 1.3010299956639813
817 1.0
818 1.0
821 1.0
823 1.0
832 1.6989700043360187
833 1.6989700043360187
834 1.6989700043360187
835 1.6989700043360187
836 1.0
839 1.4771212547196624
840 1.4771212547196624
841 1.4771212547196624
842 1.0
843 1.3010299956639813
844 1.0
846 1.3010299956639813
849 1.0
854 1.0
855 1.3010299956639813
859 1.3010299956639813
861 1.0
865 1.0
867 1.3010299956639813
868 1.0
869 1.0
871 1.3010299956639813
877 1.0
878 1.845098040014257
881 1.3010299956639813
884 1.3010299956639813
886 1.0
887 1.3010299956639813
888 1.0
889 1.0
890 1.0
891 1.3010299956639813
896 1.3010299956639813
897 1.6989700043360187
898 1.3010299956639813
899 1.4771212547196624
901 1.0
907 1.3010299956639813
910 1.3010299956639813
911 1.0
913 1.845098040014257
916 1.0
917 1.3010299956639813
919 1.3010299956639813
920 1.7781512503836436
921 1.0
924 1.3010299956639813
925 1.0
926 1.6989700043360187
927 1.845098040014257
928 1.0
929 1.3010299956639813
930 1.0
933 1.6020599913279625
935 1.4771212547196624
936 1.4771212547196624
939 1.0
940 1.0
941 1.0
942 1.0
945 1.0
946 1.0
947 1.4771212547196624
948 1.3010299956639813
949 1.0
951 1.6989700043360187
952 1.6989700043360187
954 1.3010299956639813
957 1.3010299956639813
958 1.0
959 1.4771212547196624
962 1.0
963 1.0
964 1.4771212547196624
965 1.4771212547196624
966 1.3010299956639813
971 1.0
972 1.3010299956639813
973 1.3010299956639813
979 1.6020599913279625
982 1.4771212547196624
984 1.3010299956639813
985 1.9542425094393248
986 1.0
989 1.3010299956639813
990 1.0
991 1.0
992 1.0
994 1.6020599913279625
996 1.3010299956639813
998 1.3010299956639813
999 1.3010299956639813
1000 1.6020599913279625
1002 1.4771212547196624
1003 1.0
1004 1.0
1005 1.3010299956639813
1007 1.0
1011 1.0
1012 1.0
1015 1.6020599913279625
1016 1.9542425094393248
1017 1.3010299956639813
1021 1.3010299956639813
1022 1.0
1025 1.0
1027 1.0
1029 1.0
1030 1.0
1031 1.0
1033 1.0
1034 1.0
1035 1.0
1037 1.3010299956639813
1056 1.3010299956639813
1057 1.3010299956639813
1058 1.3010299956639813
1066 1.0
1068 1.7781512503836436
1070 1.0
1071 1.0
1072 1.0
1073 1.0
1074 1.0
1075 1.0
1080 1.4771212547196624
1086 1.0
1089 1.3010299956639813
1091 1.6020599913279625
1094 1.0
1096 1.0
1104 1.3010299956639813
1108 1.0
1117 1.0
1118 1.0
1125 1.0
1127 1.3010299956639813
1128 1.3010299956639813
1129 1.9030899869919435
1130 1.9030899869919435
1131 1.3010299956639813
1132 1.3010299956639813
1135 1.0
1136 1.0
1137 1.3010299956639813
1138 1.3010299956639813
1139 1.3010299956639813
1140 2.278753600952829
1141 1.0
1142 1.0
1143 1.0
1144 1.0
1145 1.3010299956639813
1146 1.3010299956639813
1149 1.3010299956639813
1150 1.845098040014257
1153 1.0
1154 1.3010299956639813
1159 1.0
1160 1.0
1161 1.6020599913279625
1173 1.0
1175 1.0
1185 1.845098040014257
1186 1.0
1190 2.1760912590556813
1206 1.3010299956639813
1208 1.0
1213 1.0
1217 1.0
1219 1.0
1222 1.0
1227 1.6989700043360187
1228 1.0
1239 1.3010299956639813
1241 1.4771212547196624
1260 1.0
1264 1.4771212547196624
1265 1.3010299956639813
1268 1.0
1277 1.3010299956639813
1279 1.4771212547196624
1285 1.3010299956639813
1289 1.3010299956639813
1293 1.0
1294 1.0
1302 1.0
1304 1.3010299956639813
1306 1.4771212547196624
1307 1.4771212547196624
1313 1.0
