3 1.9542425094393248
4 1.0
12 1.3010299956639813
34 1.6989700043360187
43 1.6020599913279625
47 1.0
48 1.6020599913279625
82 1.3010299956639813
86 1.3010299956639813
90 1.4771212547196624
91 1.6020599913279625
115 1.4771212547196624
118 1.6989700043360187
121 1.3010299956639813
146 1.6020599913279625
218 1.0
219 1.0
220 1.3010299956639813
254 1.0
259 1.0
274 1.6989700043360187
297 1.7781512503836436
304 1.0
309 1.3010299956639813
312 1.0
323 1.3010299956639813
330 1.9030899869919435
331 1.0
332 1.6020599913279625
341 1.6020599913279625
344 1.0
350 1.4771212547196624
361 1.3010299956639813
368 1.3010299956639813
386 1.3010299956639813
403 1.0
409 1.0
414 1.0
422 1.0
423 1.3010299956639813
444 1.3010299956639813
446 1.0
448 1.3010299956639813
449 1.6020599913279625
462 1.3010299956639813
463 1.0
467 1.0
479 1.0
487 1.0
493 1.0
494 1.0
499 1.0
510 1.0
521 1.0
524 1.0
539 1.3010299956639813
565 1.845098040014257
581 1.3010299956639813
629 1.3010299956639813
632 1.3010299956639813
634 1.3010299956639813
659 1.0
685 1.0
686 1.4771212547196624
690 1.6989700043360187
693 1.4771212547196624
708 1.4771212547196624
714 1.0
719 1.0
720 1.0
761 1.0
769 1.4771212547196624
772 1.9030899869919435
790 1.0
802 1.845098040014257
803 1.845098040014257
845 1.0
853 1.0
896 1.4771212547196624
897 1.845098040014257
911 1.3010299956639813
928 1.4771212547196624
939 1.3010299956639813
943 1.6020599913279625
944 1.6020599913279625
964 2.0
1005 1.4771212547196624
1027 1.3010299956639813
1028 2.623249290397901
1044 1.0
1048 1.0
1055 1.6020599913279625
1064 1.0
1110 1.3010299956639813
1111 1.0
1112 1.0
1163 1.4771212547196624
1174 1.0
1179 1.4771212547196624
1187 1.4771212547196624
1200 1.0
1207 1.0
1245 1.3010299956639813
1259 1.3010299956639813
1267 1.0
1269 1.6989700043360187
1275 1.3010299956639813
1285 1.4771212547196624
1286 1.0
1287 1.0
1290 1.0
1296 1.3010299956639813
1300 1.0
1317 1.6020599913279625
