3 1.4771212547196624
12 1.0
14 1.0
20 1.0
21 1.0
24 1.3010299956639813
31 1.0
34 1.0
36 1.3010299956639813
37 1.0
38 1.0
41 1.0
51 1.0
61 1.0
63 1.0
65 1.4771212547196624
69 1.0
77 1.0
79 1.0
81 1.0
82 1.0
84 1.0
85 1.0
86 1.0
93 1.0
94 1.0
96 1.0
100 1.0
108 1.0
109 1.0
110 1.3010299956639813
121 1.0
123 1.0
124 1.0
131 1.0
136 1.0
139 1.0
142 1.0
146 1.4771212547196624
158 1.0
160 1.0
163 1.0
165 1.0
171 1.0
175 1.0
176 1.7781512503836436
177 1.0
179 1.0
189 1.0
192 1.3010299956639813
195 1.0
217 1.0
235 1.0
237 1.3010299956639813
239 1.3010299956639813
245 1.0
247 1.845098040014257
262 1.0
267 1.4771212547196624
270 1.0
274 1.3010299956639813
280 1.0
281 1.3010299956639813
284 1.9030899869919435
290 1.0
293 1.0
297 1.0
305 1.4771212547196624
317 1.0
318 1.7781512503836436
319 1.6020599913279625
323 1.0
329 1.0
330 1.6989700043360187
332 1.0
334 1.6989700043360187
336 1.0
337 1.3010299956639813
341 1.3010299956639813
342 1.3010299956639813
345 1.0
346 1.0
352 1.3010299956639813
354 1.0
362 1.0
364 1.0
367 1.3010299956639813
368 1.0
371 1.0
378 1.0
380 1.3010299956639813
381 1.0
384 1.0
386 1.0
388 1.0
395 1.0
396 1.3010299956639813
402 1.0
411 1.4771212547196624
417 1.7781512503836436
421 1.4771212547196624
430 1.0
432 1.4771212547196624
449 1.0
453 1.3010299956639813
457 1.0
462 1.0
468 1.3010299956639813
485 1.0
526 1.0
535 1.0
537 1.0
540 1.0
541 1.0
543 1.0
544 1.0
545 1.0
548 1.0
552 1.0
554 1.0
561 1.0
566 1.3010299956639813
577 1.0
579 1.0
580 1.0
584 1.4771212547196624
585 1.4771212547196624
586 1.0
616 1.0
623 1.0
628 1.0
640 1.0
647 1.0
651 1.0
652 1.4771212547196624
657 1.7781512503836436
658 1.0
664 1.0
671 1.0
674 1.0
675 1.0
676 1.0
677 1.0
682 2.204119982655925
687 1.6989700043360187
688 1.6020599913279625
689 1.3010299956639813
690 1.4771212547196624
692 1.0
694 1.0
696 1.9030899869919435
699 1.0
700 1.4771212547196624
701 1.3010299956639813
708 1.0
715 1.3010299956639813
728 1.0
729 1.0
730 1.3010299956639813
740 1.0
742 1.0
745 1.0
762 1.0
765 1.0
769 1.3010299956639813
771 1.4771212547196624
780 1.0
784 1.0
787 1.3010299956639813
792 1.6020599913279625
796 1.0
802 1.7781512503836436
803 1.7781512503836436
804 1.0
809 1.6020599913279625
814 1.0
819 1.6020599913279625
822 1.4771212547196624
824 1.6020599913279625
825 1.6020599913279625
834 1.3010299956639813
835 1.3010299956639813
839 1.3010299956639813
840 1.3010299956639813
847 1.0
848 1.0
854 1.0
855 1.6020599913279625
866 1.0
868 1.6989700043360187
869 1.6989700043360187
870 1.0
871 1.3010299956639813
872 1.4771212547196624
877 1.3010299956639813
880 1.3010299956639813
884 1.3010299956639813
889 1.3010299956639813
890 1.3010299956639813
897 1.0
901 1.0
927 1.6989700043360187
928 1.0
930 1.0
937 1.0
942 1.3010299956639813
943 1.0
944 1.0
951 1.0
954 1.0
956 1.0
958 1.7781512503836436
959 1.0
964 1.4771212547196624
966 1.0
969 1.0
971 1.0
972 1.4771212547196624
977 1.0
978 1.0
979 1.0
984 1.0
987 1.0
991 1.0
996 1.0
1000 1.4771212547196624
1003 1.3010299956639813
1020 1.0
1021 1.3010299956639813
1023 1.0
1025 1.0
1028 2.6127838567197355
1034 1.4771212547196624
1038 1.0
1039 1.0
1043 1.3010299956639813
1046 1.0
1055 1.3010299956639813
1063 1.3010299956639813
1069 1.0
1071 1.0
1072 1.3010299956639813
1074 1.0
1075 1.0
1077 1.3010299956639813
1086 1.4771212547196624
1087 1.4771212547196624
1088 1.0
1091 1.3010299956639813
1095 1.0
1096 1.4771212547196624
1099 1.3010299956639813
1101 1.0
1127 1.0
1128 1.0
1139 1.4771212547196624
1140 1.4771212547196624
1152 1.0
1153 1.3010299956639813
1160 1.3010299956639813
1162 1.3010299956639813
1166 1.0
1179 1.0
1191 1.3010299956639813
1198 1.4771212547196624
1204 1.0
1206 1.0
1218 1.0
1222 1.0
1228 1.3010299956639813
1233 1.0
1235 1.4771212547196624
1239 1.4771212547196624
1241 1.3010299956639813
1243 1.0
1245 1.0
1247 1.0
1259 1.0
1265 1.6020599913279625
1270 1.0
1277 1.3010299956639813
1278 1.0
1283 1.0
1293 1.0
1296 1.0
1302 1.0
1306 1.3010299956639813
1321 1.0
