34 1.0
58 1.0
74 1.0
75 1.0
90 1.0
101 1.0
179 1.3010299956639813
185 1.0
234 1.0
272 1.0
314 1.0
382 1.3010299956639813
429 1.6020599913279625
444 1.0
450 1.0
501 1.4771212547196624
517 1.3010299956639813
535 1.3010299956639813
537 1.0
539 1.0
542 1.0
543 1.0
544 1.0
557 1.0
558 1.0
565 1.0
653 1.0
671 1.0
713 1.0
715 1.4771212547196624
717 1.0
724 1.3010299956639813
771 1.0
796 1.0
808 1.0
814 1.0
819 1.6020599913279625
829 1.6020599913279625
843 1.0
864 1.0
902 1.0
1024 1.0
1036 1.0
1124 1.0
1143 1.0
1144 1.0
1194 1.0
1231 1.0
1266 1.0
1277 1.4771212547196624
