11 1.0
31 1.0
54 1.0
88 1.3010299956639813
102 1.0
149 1.0
195 2.0413926851582254
251 1.0
256 2.0
261 1.0
265 1.0
268 1.0
275 1.4771212547196624
276 1.3010299956639813
281 1.0
283 1.0
289 1.0
296 1.0
307 1.0
311 1.0
314 1.3010299956639813
329 1.3010299956639813
364 1.6989700043360187
368 1.3010299956639813
369 1.0
429 1.0
453 1.3010299956639813
477 1.0
482 1.4771212547196624
497 1.4771212547196624
498 1.4771212547196624
511 1.0
541 1.3010299956639813
545 1.6020599913279625
550 1.0
557 1.3010299956639813
558 1.0
565 1.4771212547196624
573 1.0
574 1.0
577 1.7781512503836436
584 1.0
585 1.0
586 1.0
588 1.0
589 1.3010299956639813
593 1.0
595 1.0
615 1.6020599913279625
617 1.0
631 1.0
637 1.0
671 1.0
677 1.3010299956639813
687 1.0
690 1.4771212547196624
694 1.3010299956639813
715 1.6989700043360187
723 1.3010299956639813
761 1.3010299956639813
765 1.3010299956639813
769 1.0
795 1.3010299956639813
807 1.0
823 1.0
851 1.3010299956639813
868 1.6020599913279625
869 1.6020599913279625
889 1.0
890 1.0
893 1.4771212547196624
901 1.0
924 1.0
943 1.0
944 1.0
988 1.0
1002 1.6020599913279625
1032 1.6020599913279625
1043 1.0
1056 1.0
1065 1.0
1086 1.0
1115 1.0
1116 1.0
1119 1.3010299956639813
1151 1.4771212547196624
1227 1.3010299956639813
1228 1.6020599913279625
1247 1.3010299956639813
1266 1.7781512503836436
