12 1.6020599913279625
17 1.0
36 1.0
41 1.0
44 1.0
47 1.4771212547196624
51 1.0
52 1.0
58 1.0
65 1.0
74 1.0
77 1.0
94 1.0
96 1.0
98 1.0
103 1.845098040014257
104 1.0
107 1.6020599913279625
109 1.7781512503836436
117 1.0
126 1.0
132 1.3010299956639813
143 1.0
152 1.0
153 1.4771212547196624
157 1.3010299956639813
163 1.6020599913279625
164 1.0
169 1.3010299956639813
178 1.0
179 1.0
185 1.3010299956639813
186 1.0
187 1.0
189 1.0
190 1.3010299956639813
192 1.6020599913279625
193 2.4313637641589874
195 2.0
204 1.845098040014257
230 1.0
237 1.3010299956639813
245 1.0
254 1.0
262 1.4771212547196624
267 1.3010299956639813
270 1.4771212547196624
273 1.0
276 1.0
277 1.4771212547196624
284 1.0
293 1.0
301 1.4771212547196624
302 1.3010299956639813
310 1.3010299956639813
314 1.0
319 1.0
326 1.0
328 1.4771212547196624
329 1.0
337 1.4771212547196624
344 1.6020599913279625
359 1.0
362 1.0
363 1.0
364 1.6020599913279625
367 1.3010299956639813
368 1.0
375 1.7781512503836436
384 1.0
388 1.0
391 1.3010299956639813
397 1.0
400 1.845098040014257
404 1.3010299956639813
406 1.3010299956639813
410 1.0
411 1.0
445 1.0
450 1.4771212547196624
453 1.0
497 1.3010299956639813
500 1.0
505 1.0
514 1.0
518 1.0
537 1.3010299956639813
554 1.0
565 1.0
568 1.0
569 1.0
576 1.0
578 1.0
597 1.0
598 1.0
602 1.0
603 1.0
609 1.3010299956639813
614 1.6020599913279625
615 1.4771212547196624
650 1.0
669 1.0
673 1.0
677 1.0
678 1.3010299956639813
682 1.3010299956639813
689 1.0
691 1.3010299956639813
692 1.0
696 1.0
697 1.0
698 1.4771212547196624
703 1.0
704 1.6020599913279625
711 1.3010299956639813
712 1.0
715 1.3010299956639813
717 1.4771212547196624
721 1.0
723 1.0
725 1.0
729 1.0
731 1.4771212547196624
740 1.0
741 1.0
742 1.0
747 1.0
751 1.7781512503836436
764 1.6020599913279625
776 1.0
779 1.3010299956639813
787 1.0
809 1.3010299956639813
839 1.0
840 1.0
842 1.0
848 1.3010299956639813
856 1.0
867 1.0
868 1.4771212547196624
869 1.4771212547196624
871 1.3010299956639813
874 1.0
883 1.0
895 1.3010299956639813
907 1.0
914 1.0
927 1.0
990 1.0
1001 1.0
1008 1.0
1018 1.0
1019 1.3010299956639813
1026 1.3010299956639813
1032 1.3010299956639813
1036 1.0
1048 1.0
1049 1.845098040014257
1055 1.3010299956639813
1059 1.0
1072 1.3010299956639813
1074 1.0
1075 1.0
1095 1.6989700043360187
1096 1.4771212547196624
1097 1.0
1099 1.4771212547196624
1114 1.3010299956639813
1119 1.0
1129 1.3010299956639813
1130 1.3010299956639813
1137 1.0
1138 1.0
1139 1.0
1140 1.0
1149 1.0
1150 1.0
1151 1.3010299956639813
1152 1.0
1162 1.3010299956639813
1185 1.0
1193 1.3010299956639813
1198 1.3010299956639813
1217 1.6989700043360187
1218 1.4771212547196624
1227 1.0
1228 1.4771212547196624
1232 1.0
1234 1.6020599913279625
1235 1.0
1236 1.0
1241 1.0
1247 1.0
1253 1.0
1260 1.3010299956639813
1265 1.6989700043360187
1266 1.6020599913279625
1274 1.0
1277 1.3010299956639813
1318 1.3010299956639813
