22 1.0
33 1.0
38 1.3010299956639813
62 1.6020599913279625
69 1.3010299956639813
77 1.0
78 1.3010299956639813
82 1.0
85 1.0
92 1.6020599913279625
96 1.0
97 2.0413926851582254
107 1.0
110 1.0
117 1.0
118 1.0
125 1.9030899869919435
129 1.845098040014257
133 1.3010299956639813
138 1.6989700043360187
139 1.845098040014257
145 1.6020599913279625
149 1.9030899869919435
157 1.3010299956639813
165 1.7781512503836436
179 1.0
180 1.0
189 1.0
198 1.3010299956639813
230 1.0
232 1.3010299956639813
250 1.3010299956639813
251 1.4771212547196624
254 1.0
262 1.0
263 1.3010299956639813
268 1.0
269 1.0
274 1.0
282 1.4771212547196624
285 1.0
288 1.0
291 1.4771212547196624
294 1.7781512503836436
300 2.342422680822206
302 1.0
306 1.0
314 1.0
317 1.9542425094393248
322 2.361727836017593
326 1.4771212547196624
329 1.0
332 1.0
341 1.0
353 1.0
354 1.3010299956639813
358 1.6989700043360187
360 1.9542425094393248
362 1.6989700043360187
364 1.3010299956639813
368 2.3010299956639813
369 1.4771212547196624
378 1.6020599913279625
380 1.3010299956639813
384 1.0
395 1.7781512503836436
396 1.0
413 1.6989700043360187
422 2.0413926851582254
423 1.0
433 1.0
439 1.7781512503836436
441 1.0
465 1.4771212547196624
471 1.0
474 1.3010299956639813
497 1.0
499 1.3010299956639813
507 1.0
511 1.0
535 1.0
582 1.0
583 1.0
586 1.0
599 1.0
607 1.3010299956639813
630 1.3010299956639813
687 1.7781512503836436
697 1.3010299956639813
698 1.0
714 1.0
733 1.0
737 1.0
741 1.0
764 1.4771212547196624
790 1.0
844 1.4771212547196624
854 1.0
861 1.7781512503836436
866 1.0
868 1.3010299956639813
869 1.3010299956639813
873 1.6020599913279625
876 1.0
880 1.4771212547196624
898 1.0
911 1.6020599913279625
950 1.3010299956639813
1021 1.7781512503836436
1032 1.0
1051 2.113943352306837
1052 2.4313637641589874
1055 1.4771212547196624
1094 1.6989700043360187
1095 1.4771212547196624
1129 1.0
1130 1.0
1140 1.0
1153 1.0
1154 1.3010299956639813
1158 1.0
1160 1.0
1164 1.0
1167 1.0
1168 1.0
1190 1.0
1191 1.0
1198 1.3010299956639813
1200 1.0
1217 1.4771212547196624
1232 1.0
1234 1.0
1260 1.0
1276 1.3010299956639813
1279 1.0
1305 1.0
1307 1.3010299956639813
1313 1.0
