48 1.0
75 1.0
123 1.3010299956639813
124 1.3010299956639813
135 1.0
201 1.0
246 1.0
261 1.0
278 1.0
310 1.3010299956639813
321 1.0
342 1.3010299956639813
350 1.0
357 1.4771212547196624
398 1.4771212547196624
403 1.0
409 1.0
412 1.0
482 1.3010299956639813
493 1.4771212547196624
541 1.0
542 1.0
543 1.4771212547196624
544 1.4771212547196624
545 1.0
546 1.0
552 1.0
587 1.0
588 1.0
589 1.0
622 1.3010299956639813
645 1.0
679 1.0
682 1.0
687 1.0
692 1.0
746 1.0
772 1.3010299956639813
783 1.0
799 1.0
800 1.0
811 1.0
839 1.0
840 1.0
847 1.0
848 1.0
887 1.0
894 1.0
897 1.3010299956639813
910 1.0
926 1.0
940 1.0
943 1.0
944 1.0
951 1.0
972 1.0
994 1.0
995 1.0
1008 1.0
1039 1.4771212547196624
1093 1.0
1166 1.0
1191 1.3010299956639813
1267 1.0
1281 1.0
1286 1.0
1304 1.0
1313 1.3010299956639813
1317 1.0
