6 1.0
23 1.0
41 1.4771212547196624
70 1.0
149 1.0
158 1.0
173 1.0
180 1.0
231 1.3010299956639813
259 1.0
312 1.3010299956639813
313 1.0
402 1.0
423 1.0
429 1.4771212547196624
448 1.0
452 1.3010299956639813
498 1.0
503 1.6989700043360187
530 1.0
540 1.0
555 1.3010299956639813
658 1.0
659 1.0
667 1.0
677 1.0
687 1.0
730 1.0
739 1.0
748 1.0
770 1.0
781 1.0
845 1.0
851 1.0
870 1.0
885 1.0
893 1.3010299956639813
895 1.0
901 1.0
918 1.3010299956639813
929 1.0
935 1.0
939 1.0
948 1.0
1008 1.0
1013 1.0
1016 1.0
1074 1.4771212547196624
1075 1.4771212547196624
1096 1.0
1117 1.3010299956639813
1118 1.3010299956639813
1126 1.0
1127 1.3010299956639813
1128 1.3010299956639813
1129 1.9030899869919435
1130 1.9030899869919435
1137 1.3010299956639813
1138 1.3010299956639813
1140 1.0
1145 1.0
1146 1.0
1147 2.3222192947339195
1148 2.3222192947339195
1150 1.0
1222 1.0
1244 1.0
1274 1.0
1289 1.0
1309 1.4771212547196624
1318 1.0
