2 1.0
6 1.0
18 1.0
34 1.0
75 1.3010299956639813
81 1.3010299956639813
94 1.0
100 1.0
115 1.0
136 1.0
146 1.0
183 1.0
192 1.0
209 1.0
210 1.0
222 1.4771212547196624
223 1.4771212547196624
224 1.0
225 1.3010299956639813
226 1.3010299956639813
228 1.0
229 1.0
238 1.0
243 1.0
248 1.0
253 1.0
260 1.0
271 1.0
274 1.0
278 1.0
293 1.0
297 1.0
322 1.3010299956639813
345 1.0
350 1.0
376 1.0
387 1.0
393 1.4771212547196624
396 1.0
402 1.0
409 1.0
412 1.3010299956639813
416 1.0
432 1.0
454 1.0
459 1.0
487 1.0
488 1.0
493 1.0
503 1.0
524 1.0
546 1.0
548 1.0
550 1.0
551 1.0
567 1.3010299956639813
572 1.3010299956639813
577 1.0
589 1.0
601 1.4771212547196624
613 1.0
615 1.0
656 1.0
661 1.0
663 1.0
669 1.0
677 1.3010299956639813
678 1.0
679 1.3010299956639813
704 1.0
713 1.0
714 1.0
715 1.0
716 1.0
720 1.0
723 1.0
739 1.0
748 1.3010299956639813
769 1.0
777 1.0
788 1.4771212547196624
794 1.0
821 1.0
824 1.0
825 1.0
832 1.0
833 1.0
876 1.0
901 1.0
951 1.0
999 1.4771212547196624
1000 1.0
1022 1.6020599913279625
1044 1.0
1046 1.0
1054 1.0
1055 1.0
1062 1.0
1081 1.3010299956639813
1088 1.0
1099 1.0
1103 1.0
1111 1.0
1112 1.0
1147 1.0
1148 1.0
1155 1.0
1158 1.0
1170 1.0
1243 1.0
1264 1.0
1279 1.0
1285 1.0
1306 1.0
1313 1.0
1317 1.0
