14 1.0
34 1.0
48 1.0
75 1.3010299956639813
77 1.0
93 1.0
121 1.3010299956639813
145 1.0
180 1.0
182 1.3010299956639813
192 1.0
200 1.0
201 1.0
210 1.3010299956639813
216 1.0
229 1.0
241 1.0
243 1.0
246 1.0
253 1.0
274 1.4771212547196624
282 1.0
284 1.0
288 1.0
293 1.0
310 1.0
312 1.0
341 1.3010299956639813
360 1.0
388 1.0
400 1.0
402 1.0
409 1.0
412 1.0
417 1.0
418 1.0
422 1.4771212547196624
428 1.0
444 1.3010299956639813
452 1.0
455 1.0
460 1.0
466 1.0
476 1.4771212547196624
479 1.0
484 1.0
493 1.0
497 1.0
506 1.4771212547196624
510 1.0
521 1.0
527 1.0
540 1.0
543 1.0
544 1.0
558 1.3010299956639813
572 1.0
575 1.3010299956639813
590 1.0
640 1.0
652 1.0
677 1.0
678 1.0
679 1.0
683 1.0
688 1.0
690 1.0
693 1.0
706 1.0
710 1.0
728 1.0
740 1.0
741 1.0
748 1.0
754 1.3010299956639813
756 1.3010299956639813
770 1.0
779 1.0
799 1.0
823 1.0
845 1.3010299956639813
851 1.0
870 1.0
871 1.0
893 1.4771212547196624
914 1.0
973 1.0
1013 1.0
1026 1.6989700043360187
1027 1.0
1036 1.0
1051 1.0
1061 1.0
1064 1.4771212547196624
1076 1.0
1084 1.0
1104 1.0
1159 1.0
1166 1.0
1174 1.0
1219 1.0
1234 1.0
1243 1.0
1257 1.0
1272 1.0
1274 1.4771212547196624
1308 1.0
1314 1.0
1317 1.0
1320 1.0
