0 1.0
34 1.3010299956639813
45 1.0
51 1.0
69 1.0
83 1.0
100 1.0
202 1.0
203 1.0
210 1.0
213 1.0
216 1.0
220 1.0
229 1.0
240 1.0
248 1.0
249 1.3010299956639813
264 1.3010299956639813
274 1.0
289 1.0
293 1.0
302 1.3010299956639813
312 1.0
314 1.6020599913279625
387 1.0
388 1.0
420 1.0
427 1.0
446 1.0
491 1.0
497 1.0
506 1.3010299956639813
542 1.0
551 1.0
552 1.0
577 1.0
589 1.0
608 1.0
613 1.0
615 1.3010299956639813
622 1.0
683 1.0
689 1.0
703 1.0
706 1.0
720 1.0
722 1.4771212547196624
741 1.0
758 1.0
770 1.0
790 1.0
815 1.0
823 1.0
832 1.0
833 1.0
884 1.0
889 1.3010299956639813
890 1.3010299956639813
942 1.0
1003 1.0
1028 1.0
1056 1.0
1062 1.0
1083 1.0
1104 1.0
1113 1.0
1121 1.0
1161 1.0
1250 1.0
1298 1.0
1314 1.0
