6 1.0
41 1.0
42 1.0
47 1.3010299956639813
56 1.3010299956639813
75 1.3010299956639813
90 1.4771212547196624
103 1.0
112 1.0
118 1.3010299956639813
127 1.0
145 1.0
222 1.0
228 1.3010299956639813
244 1.0
248 1.0
277 1.0
297 1.0
318 1.0
322 1.6020599913279625
349 1.0
368 1.6020599913279625
392 1.0
396 1.0
400 1.0
402 1.3010299956639813
409 1.0
423 1.0
428 1.0
448 1.0
452 1.0
466 1.0
496 1.0
505 1.0
538 1.0
540 1.3010299956639813
542 1.0
546 1.0
549 1.0
550 1.3010299956639813
568 1.0
569 1.0
592 1.0
621 1.0
624 1.0
651 1.0
659 1.0
664 1.0
677 1.0
685 1.0
692 1.0
695 1.0
704 1.0
713 1.0
745 1.0
837 1.0
843 1.0
851 1.4771212547196624
870 1.0
895 1.3010299956639813
896 1.0
907 1.0
924 1.3010299956639813
996 1.3010299956639813
1002 1.0
1028 1.0
1038 1.0
1055 1.0
1072 1.0
1078 1.0
1082 1.0
1086 1.0
1088 1.0
1090 1.0
1096 1.0
1111 1.0
1112 1.0
1117 1.0
1118 1.0
1122 1.0
1127 1.3010299956639813
1128 1.3010299956639813
1143 1.0
1144 1.0
1162 1.0
1163 1.0
1194 1.3010299956639813
1201 1.0
1214 1.0
1231 1.3010299956639813
1242 1.0
1286 1.0
1294 1.0
1297 1.0
1314 1.0
