6 1.0
12 1.0
75 1.4771212547196624
81 1.0
102 1.0
241 1.0
244 1.0
253 1.0
272 1.0
309 1.0
333 1.3010299956639813
398 1.0
402 1.3010299956639813
418 1.0
433 1.0
454 1.6020599913279625
496 1.0
500 1.4771212547196624
549 1.0
550 1.3010299956639813
567 1.6020599913279625
572 1.0
576 1.0
587 1.4771212547196624
613 1.0
637 1.0
650 1.3010299956639813
681 1.0
682 1.0
717 1.0
760 1.3010299956639813
770 1.3010299956639813
772 1.0
779 1.3010299956639813
824 1.0
825 1.0
837 1.3010299956639813
851 1.6020599913279625
897 1.3010299956639813
914 1.0
929 1.3010299956639813
940 1.3010299956639813
971 1.4771212547196624
982 1.0
996 1.0
999 1.0
1036 1.0
1043 1.3010299956639813
1044 1.6020599913279625
1065 1.845098040014257
1085 1.0
1086 1.4771212547196624
1119 1.0
1169 1.0
1199 1.0
1204 1.3010299956639813
1232 1.0
1238 1.6020599913279625
