6 1.0
23 1.0
41 1.6989700043360187
53 1.0
70 1.0
72 1.0
131 1.0
149 1.3010299956639813
176 1.3010299956639813
177 1.6020599913279625
179 1.0
180 1.3010299956639813
190 1.3010299956639813
216 1.0
257 1.4771212547196624
264 1.4771212547196624
273 1.0
275 1.0
312 1.4771212547196624
373 1.3010299956639813
385 1.0
386 1.0
388 1.0
392 1.0
398 1.0
400 1.0
425 1.0
429 1.4771212547196624
443 1.0
488 1.0
503 2.361727836017593
540 1.0
550 1.0
571 1.0
593 1.6020599913279625
602 1.0
603 1.0
611 1.0
638 1.0
676 1.4771212547196624
677 1.4771212547196624
678 1.3010299956639813
684 1.0
695 1.0
715 1.0
735 1.0
748 1.0
770 1.3010299956639813
781 1.3010299956639813
829 1.3010299956639813
851 1.0
870 1.0
971 1.0
1004 1.3010299956639813
1074 1.6989700043360187
1075 1.6989700043360187
1096 1.3010299956639813
1119 1.3010299956639813
1129 1.6989700043360187
1130 1.6989700043360187
1145 1.0
1146 1.0
1231 1.0
1232 1.0
1242 1.6020599913279625
1244 1.7781512503836436
1274 1.0
1289 1.0
1309 1.4771212547196624
