20 1.0
47 1.4771212547196624
55 1.0
84 1.0
128 1.0
139 1.0
171 1.0
257 1.0
277 1.6020599913279625
310 1.0
327 1.0
357 1.0
368 1.0
386 1.3010299956639813
400 1.0
401 1.0
429 1.0
449 1.0
506 1.0
543 1.0
544 1.0
555 1.0
650 1.0
669 1.0
676 1.0
695 1.0
749 1.0
769 1.3010299956639813
810 1.0
844 1.0
868 1.0
869 1.0
871 1.0
901 1.0
929 1.0
939 1.0
1023 1.3010299956639813
1037 1.3010299956639813
1073 1.0
1086 1.0
1119 1.0
1139 1.0
1140 1.0
1159 1.4771212547196624
1209 1.0
1228 1.0
1265 1.0
1272 1.0
1301 1.0
