3 1.6989700043360187
19 1.0
21 1.0
30 1.6989700043360187
34 1.3010299956639813
40 1.0
48 1.0
54 1.0
58 1.0
59 1.0
60 1.0
88 1.0
91 1.0
99 1.3010299956639813
106 1.0
107 1.0
140 1.0
145 1.4771212547196624
148 1.0
176 1.0
179 1.0
192 1.0
199 1.0
230 1.0
236 1.0
237 1.0
247 1.0
251 1.3010299956639813
256 1.0
259 1.0
261 1.3010299956639813
275 1.0
293 1.0
300 1.4771212547196624
321 1.0
333 1.0
337 1.0
362 1.0
384 1.3010299956639813
396 1.3010299956639813
398 2.113943352306837
401 1.3010299956639813
408 1.6020599913279625
429 1.0
443 1.0
447 1.0
459 1.0
472 1.0
476 1.0
482 1.0
490 1.0
503 1.0
543 1.0
544 1.0
555 1.0
575 1.0
577 1.3010299956639813
605 1.6989700043360187
606 1.6989700043360187
611 1.4771212547196624
618 1.4771212547196624
629 1.0
630 1.6989700043360187
636 1.3010299956639813
637 2.3010299956639813
638 1.0
643 1.4771212547196624
644 1.0
645 1.0
648 1.0
651 1.0
658 1.0
661 1.0
662 1.6989700043360187
671 1.3010299956639813
676 2.0
688 1.0
689 2.380211241711606
690 1.0
694 2.255272505103306
703 1.0
715 1.0
723 1.0
743 1.0
753 1.0
759 1.6020599913279625
761 1.4771212547196624
769 1.6020599913279625
770 2.0
775 1.0
784 1.0
788 1.0
797 1.4771212547196624
800 1.0
808 1.0
809 1.0
828 1.0
843 1.0
854 1.4771212547196624
855 1.0
857 1.6020599913279625
884 1.0
885 1.0
887 1.3010299956639813
895 1.6989700043360187
896 1.0
901 1.4771212547196624
904 1.0
921 1.0
922 1.0
933 1.3010299956639813
935 1.0
941 1.0
947 1.0
948 1.3010299956639813
949 1.0
957 1.3010299956639813
965 1.0
966 1.0
972 1.0
984 1.3010299956639813
992 1.0
993 1.0
1000 1.3010299956639813
1016 1.0
1032 1.0
1035 1.0
1045 1.0
1049 1.0
1053 1.0
1061 1.0
1064 1.0
1068 1.3010299956639813
1083 1.6020599913279625
1104 1.3010299956639813
1120 1.4771212547196624
1125 1.4771212547196624
1129 1.0
1130 1.0
1131 1.0
1132 1.0
1137 1.3010299956639813
1138 1.3010299956639813
1139 1.3010299956639813
1140 1.6989700043360187
1141 1.0
1142 1.0
1145 1.4771212547196624
1146 1.4771212547196624
1150 1.0
1171 1.0
1188 1.9542425094393248
1194 1.3010299956639813
1221 1.4771212547196624
1239 1.3010299956639813
1243 1.0
1245 1.6020599913279625
1264 1.4771212547196624
1304 1.0
1306 1.0
1318 1.0
1324 1.0
