3 1.3010299956639813
12 1.0
19 1.0
34 1.0
37 1.3010299956639813
48 1.0
65 1.0
84 1.0
90 1.0
91 1.4771212547196624
115 1.3010299956639813
182 1.0
209 1.0
211 1.0
217 1.7781512503836436
218 1.3010299956639813
219 1.0
220 1.6020599913279625
222 1.3010299956639813
225 1.0
235 1.0
244 1.0
374 1.0
388 1.0
390 1.0
394 1.3010299956639813
409 1.6020599913279625
412 1.0
425 1.3010299956639813
428 1.0
436 1.4771212547196624
476 1.4771212547196624
480 1.3010299956639813
481 1.0
493 1.6020599913279625
506 1.7781512503836436
521 1.0
527 1.0
541 1.0
542 1.3010299956639813
572 1.4771212547196624
601 1.4771212547196624
681 1.3010299956639813
686 1.0
693 1.3010299956639813
720 1.0
766 1.3010299956639813
768 1.4771212547196624
773 1.0
786 1.0
788 1.6020599913279625
790 1.4771212547196624
1259 1.0
1270 1.3010299956639813
1286 1.0
