0 1.0
2 1.3010299956639813
3 1.0
5 1.0
34 1.3010299956639813
63 1.0
64 1.0
69 1.0
70 1.0
77 1.0
84 1.0
99 1.0
117 1.0
123 1.3010299956639813
124 1.3010299956639813
128 1.0
132 1.3010299956639813
140 1.0
148 1.3010299956639813
149 1.0
153 1.0
171 1.0
174 1.0
176 1.0
178 1.0
192 1.4771212547196624
195 1.0
198 1.3010299956639813
204 1.0
207 1.0
208 1.0
217 1.0
219 1.3010299956639813
222 1.0
223 1.0
247 1.3010299956639813
251 1.0
285 1.0
287 1.0
292 1.6020599913279625
296 1.0
300 1.4771212547196624
310 1.0
312 1.0
317 1.0
319 2.0
323 1.6989700043360187
327 1.0
334 1.0
344 1.7781512503836436
349 1.0
362 1.4771212547196624
364 1.4771212547196624
367 1.0
381 1.0
383 1.0
386 1.4771212547196624
387 1.4771212547196624
401 1.0
404 1.0
408 1.0
417 1.4771212547196624
422 1.3010299956639813
428 1.0
429 1.0
433 1.845098040014257
434 1.0
437 1.3010299956639813
440 1.0
443 1.0
444 1.0
445 1.0
447 1.0
450 1.0
459 1.6989700043360187
463 1.0
474 1.0
477 1.0
479 1.845098040014257
494 1.3010299956639813
497 1.0
498 1.0
500 1.0
501 1.0
521 1.0
524 1.0
531 1.0
534 1.4771212547196624
548 1.0
576 1.0
586 1.0
588 1.0
591 1.0
596 1.4771212547196624
610 1.0
624 1.0
625 1.0
630 1.845098040014257
635 1.0
640 1.0
644 1.0
658 1.3010299956639813
666 1.0
669 1.3010299956639813
670 1.0
674 1.0
675 1.0
677 1.0
681 1.0
682 1.0
686 1.0
687 1.6020599913279625
689 1.0
692 1.3010299956639813
694 1.0
696 1.3010299956639813
700 1.0
705 1.0
710 1.0
718 1.0
720 1.0
721 1.0
724 1.0
731 1.0
751 1.0
758 1.0
771 1.0
783 1.3010299956639813
787 1.0
788 1.0
792 1.0
804 1.4771212547196624
841 1.0
850 1.3010299956639813
858 1.0
859 1.4771212547196624
867 1.0
871 1.0
887 1.0
901 1.0
910 1.0
914 1.3010299956639813
924 1.0
930 1.0
942 1.3010299956639813
950 1.0
969 1.0
978 1.0
983 1.0
991 1.0
994 1.0
1008 1.3010299956639813
1019 1.0
1021 1.0
1024 1.0
1055 1.6020599913279625
1060 1.0
1066 1.0
1071 1.0
1085 1.0
1089 1.0
1092 1.0
1096 1.0
1114 1.0
1127 1.0
1128 1.0
1129 1.0
1130 1.0
1143 1.0
1144 1.0
1151 1.4771212547196624
1159 1.0
1165 1.0
1166 1.0
1171 1.0
1177 1.3010299956639813
1185 1.0
1189 1.0
1195 1.0
1204 1.0
1206 1.0
1227 1.3010299956639813
1228 1.6020599913279625
1234 1.0
1235 1.3010299956639813
1239 1.0
1241 1.6989700043360187
1243 1.0
1265 1.3010299956639813
1266 1.9030899869919435
1276 1.0
1277 2.079181246047625
1281 1.0
1285 1.6989700043360187
1289 1.9542425094393248
1302 1.0
1305 1.0
1309 1.6020599913279625
1310 1.3010299956639813
1314 1.4771212547196624
1320 1.0
1322 1.0
