0 1.0
4 1.0
9 1.0
42 1.0
69 1.0
77 1.0
83 1.0
95 1.3010299956639813
134 1.6989700043360187
140 1.0
142 1.0
148 1.0
275 1.0
279 1.0
284 1.0
324 1.0
344 1.0
360 1.0
364 1.0
383 1.0
396 1.3010299956639813
398 1.0
411 1.0
497 1.6020599913279625
588 1.7781512503836436
634 1.0
671 1.0
687 1.3010299956639813
690 1.0
764 1.0
794 1.3010299956639813
815 1.0
838 1.0
865 1.0
868 1.845098040014257
869 1.845098040014257
872 1.0
943 1.0
944 1.0
1028 1.0
1047 1.0
1052 1.4771212547196624
1054 1.3010299956639813
1066 1.4771212547196624
1081 1.0
1095 1.3010299956639813
1206 1.0
1315 1.0
