51 1.0
55 1.6020599913279625
82 1.0
96 1.4771212547196624
100 1.0
139 1.3010299956639813
149 1.7781512503836436
220 1.0
254 1.3010299956639813
260 1.0
275 1.0
298 1.3010299956639813
299 1.0
452 1.4771212547196624
454 1.0
458 1.0
460 1.0
465 1.3010299956639813
470 1.0
495 1.0
516 1.0
520 1.0
523 1.0
546 1.0
581 1.0
679 1.0
690 1.0
724 1.3010299956639813
771 1.0
788 1.4771212547196624
1028 1.3010299956639813
1055 1.0
1278 1.3010299956639813
1286 1.0
1303 1.4771212547196624
1323 1.6989700043360187
