21 1.0
45 1.0
47 1.0
65 1.0
90 1.0
100 1.0
107 1.0
121 1.0
171 1.0
217 1.0
220 1.0
223 1.0
231 1.0
233 1.0
244 1.0
264 1.3010299956639813
271 1.0
305 1.0
310 1.3010299956639813
319 1.7781512503836436
364 1.3010299956639813
368 1.0
384 1.0
386 1.0
387 1.0
388 1.3010299956639813
394 1.3010299956639813
398 1.3010299956639813
403 1.0
415 1.0
432 1.3010299956639813
444 1.0
452 1.0
503 1.0
506 1.0
523 1.0
539 1.0
540 1.0
541 1.0
558 1.0
570 1.0
593 1.0
605 1.0
606 1.0
611 1.3010299956639813
638 1.0
639 1.3010299956639813
645 1.0
659 1.0
682 1.0
687 1.0
689 1.0
706 1.0
723 1.0
739 1.0
749 1.0
750 1.0
757 1.0
783 1.0
824 1.4771212547196624
825 1.4771212547196624
839 1.0
840 1.0
855 1.0
864 1.0
889 1.0
890 1.0
895 1.4771212547196624
901 1.0
915 1.0
942 1.0
1001 1.0
1013 1.0
1028 1.0
1043 1.0
1045 1.0
1050 1.0
1071 1.0
1083 1.0
1095 1.0
1096 1.4771212547196624
1104 1.3010299956639813
1166 1.0
1200 1.0
1214 1.0
1285 1.0
1303 1.3010299956639813
1304 1.0
1318 1.0
