16 1.0
110 1.0
145 1.0
148 1.0
222 1.4771212547196624
226 1.0
274 1.0
284 1.0
305 1.0
387 1.0
420 1.0
429 1.0
493 1.3010299956639813
518 1.0
540 1.0
562 1.0
563 1.0
567 1.3010299956639813
587 1.0
589 1.0
611 1.0
613 1.3010299956639813
627 1.0
644 1.0
650 1.0
657 1.4771212547196624
662 1.4771212547196624
677 1.0
681 1.0
709 1.7781512503836436
715 1.0
738 1.0
741 1.0
755 1.0
761 1.3010299956639813
783 1.0
797 1.0
811 1.0
814 1.0
837 1.0
845 1.0
850 1.0
865 1.0
888 1.3010299956639813
894 1.0
901 1.0
964 1.0
1038 1.0
1062 1.0
1065 1.0
1124 1.0
1139 1.0
1140 1.0
1204 1.0
1263 1.0
1268 1.3010299956639813
1278 1.0
1314 1.4771212547196624
1315 1.0
