0 1.3010299956639813
1 1.0
6 1.3010299956639813
7 1.0
12 1.0
13 1.6020599913279625
19 1.845098040014257
21 1.0
26 1.3010299956639813
28 1.0
33 1.3010299956639813
41 1.0
47 1.0
56 1.7781512503836436
57 1.3010299956639813
68 1.0
73 2.0
83 1.4771212547196624
84 1.0
119 1.3010299956639813
134 1.0
208 1.3010299956639813
222 1.0
228 1.0
237 1.0
238 1.0
242 1.0
306 1.0
311 1.4771212547196624
314 1.0
316 1.4771212547196624
343 1.3010299956639813
351 1.9030899869919435
373 1.0
375 1.0
379 1.4771212547196624
385 1.0
408 2.3979400086720375
436 1.0
446 1.0
447 1.0
473 1.0
495 1.0
539 1.0
540 1.6989700043360187
567 2.0413926851582254
573 1.6020599913279625
574 1.6020599913279625
575 1.4771212547196624
592 1.3010299956639813
599 1.3010299956639813
602 1.0
603 1.0
617 2.0
622 2.0
624 1.3010299956639813
627 1.3010299956639813
642 1.0
643 1.3010299956639813
650 1.0
652 1.3010299956639813
657 1.4771212547196624
658 1.6989700043360187
660 1.0
668 1.0
680 1.3010299956639813
682 1.0
694 1.0
707 1.0
731 1.3010299956639813
739 1.0
741 1.9030899869919435
746 1.0
753 1.0
755 1.0
756 2.342422680822206
757 1.0
759 2.255272505103306
761 1.3010299956639813
762 1.0
764 1.0
769 1.3010299956639813
812 1.6989700043360187
813 1.0
814 1.845098040014257
821 2.204119982655925
826 1.0
864 1.3010299956639813
901 1.0
905 1.3010299956639813
918 1.845098040014257
948 1.0
960 1.3010299956639813
1007 1.9542425094393248
1010 1.0
1013 1.7781512503836436
1015 1.0
1016 1.0
1028 1.0
1037 1.6020599913279625
1039 1.0
1042 1.0
1057 1.0
1058 1.0
1062 1.9542425094393248
1063 1.3010299956639813
1064 1.0
1065 1.0
1066 1.0
1068 2.079181246047625
1070 1.3010299956639813
1071 1.0
1073 2.146128035678238
1078 1.4771212547196624
1079 1.3010299956639813
1083 2.4471580313422194
1088 1.3010299956639813
1103 1.6020599913279625
1104 2.0413926851582254
1108 1.0
1119 1.9030899869919435
1120 1.9030899869919435
1122 1.0
1123 2.146128035678238
1125 1.0
1127 1.845098040014257
1128 1.845098040014257
1129 2.0413926851582254
1130 2.0413926851582254
1156 1.3010299956639813
1167 1.3010299956639813
1170 1.3010299956639813
1182 1.0
1183 1.4771212547196624
1194 1.9542425094393248
1196 1.0
1200 1.0
1203 1.3010299956639813
1204 1.4771212547196624
1209 1.4771212547196624
1211 1.0
1213 1.0
1214 1.0
1220 1.0
1221 2.255272505103306
1225 1.0
1226 1.3010299956639813
1237 1.0
1244 1.3010299956639813
1248 1.0
