0 1.0
6 1.0
42 2.230448921378274
61 1.0
73 1.0
93 1.0
306 1.6020599913279625
316 1.3010299956639813
338 1.3010299956639813
376 1.0
377 1.0
379 1.3010299956639813
410 1.0
431 1.0
537 1.0
540 1.0
566 1.0
614 1.0
721 1.0
748 1.0
812 1.0
845 1.0
943 1.0
944 1.0
1025 2.146128035678238
1065 1.7781512503836436
1129 1.0
1130 1.0
1156 2.1760912590556813
1157 1.6020599913279625
1162 1.3010299956639813
1167 1.3010299956639813
1180 1.0
1182 2.1760912590556813
1183 1.4771212547196624
1196 1.0
1239 1.0
1274 1.0
