5 1.0
7 1.0
12 1.0
26 1.0
29 1.0
32 1.0
36 1.0
41 1.4771212547196624
47 1.0
51 1.0
54 1.0
58 1.3010299956639813
67 1.0
84 1.3010299956639813
88 1.6989700043360187
93 1.3010299956639813
103 1.4771212547196624
110 1.0
126 1.0
134 1.3010299956639813
137 1.4771212547196624
144 1.3010299956639813
174 1.4771212547196624
186 1.3010299956639813
187 1.3010299956639813
192 1.0
196 1.0
220 1.3010299956639813
232 1.3010299956639813
234 1.3010299956639813
235 1.0
236 1.0
240 1.0
241 1.0
249 1.0
254 1.3010299956639813
260 1.3010299956639813
261 1.0
263 1.3010299956639813
265 1.0
271 1.0
285 1.0
287 1.0
293 1.0
294 1.0
297 1.0
313 1.0
330 1.6020599913279625
353 1.0
357 1.0
364 1.0
388 2.255272505103306
393 2.0
398 1.3010299956639813
399 1.0
401 1.3010299956639813
403 1.0
408 1.0
411 1.0
412 1.4771212547196624
414 1.9542425094393248
437 1.9542425094393248
440 1.9030899869919435
446 1.4771212547196624
448 1.0
462 1.4771212547196624
463 1.6989700043360187
473 1.3010299956639813
480 1.0
481 1.3010299956639813
497 1.3010299956639813
512 1.0
513 1.6989700043360187
531 1.0
533 1.0
555 1.4771212547196624
575 1.0
576 1.4771212547196624
580 1.3010299956639813
588 1.0
589 1.0
592 1.0
614 1.0
637 1.4771212547196624
651 1.0
677 1.6989700043360187
678 1.0
684 1.7781512503836436
687 1.3010299956639813
691 1.3010299956639813
693 1.0
694 1.0
699 1.0
705 1.3010299956639813
708 1.0
711 1.0
721 1.0
725 1.3010299956639813
731 1.0
733 1.845098040014257
745 1.3010299956639813
749 1.6989700043360187
751 1.0
781 1.0
785 1.0
795 1.0
796 1.0
813 1.4771212547196624
819 1.0
826 1.0
866 1.3010299956639813
876 1.0
889 1.0
890 1.0
891 1.0
906 1.3010299956639813
907 1.3010299956639813
912 1.0
924 1.0
929 1.0
941 1.3010299956639813
942 1.0
948 1.0
959 1.0
968 1.0
983 1.0
984 1.0
1005 1.0
1008 1.3010299956639813
1010 1.0
1037 1.0
1054 1.0
1065 1.0
1079 1.0
1083 1.0
1090 1.0
1096 1.4771212547196624
1097 1.9030899869919435
1107 1.0
1122 1.0
1123 1.3010299956639813
1126 1.3010299956639813
1129 1.6020599913279625
1130 1.6020599913279625
1154 1.0
1162 1.0
1166 1.0
1178 1.0
1187 1.0
1188 1.3010299956639813
1190 1.3010299956639813
1197 1.0
1206 1.6020599913279625
1226 1.0
1229 1.3010299956639813
1239 2.342422680822206
1264 1.3010299956639813
1271 1.3010299956639813
1272 1.0
1273 1.0
1280 1.0
1284 1.0
1286 1.0
1298 1.0
1308 1.6989700043360187
1310 1.0
