2 1.3010299956639813
5 1.4771212547196624
8 1.0
10 1.4771212547196624
14 1.3010299956639813
15 1.6989700043360187
17 2.0
22 1.3010299956639813
36 1.4771212547196624
38 1.0
42 1.0
43 1.6020599913279625
44 1.0
48 1.0
51 1.845098040014257
53 1.0
56 1.0
61 1.0
62 1.845098040014257
63 1.6020599913279625
64 1.4771212547196624
67 1.3010299956639813
69 1.3010299956639813
78 1.0
82 1.0
86 2.113943352306837
87 1.0
88 1.3010299956639813
89 1.0
90 1.0
92 1.0
93 1.0
94 1.0
98 2.0
100 1.6020599913279625
109 1.0
116 1.4771212547196624
117 1.3010299956639813
123 1.0
124 1.0
125 1.0
126 1.3010299956639813
131 1.9030899869919435
132 1.3010299956639813
139 1.3010299956639813
140 1.0
142 1.845098040014257
144 1.4771212547196624
146 1.6989700043360187
148 1.0
153 1.0
161 1.9030899869919435
166 1.0
170 1.0
176 1.0
177 1.3010299956639813
188 1.0
189 1.6989700043360187
190 1.0
192 1.9542425094393248
193 1.0
195 2.0413926851582254
197 1.4771212547196624
204 1.0
219 1.0
230 1.3010299956639813
254 1.3010299956639813
260 1.0
264 1.0
265 1.845098040014257
269 1.0
274 1.3010299956639813
277 1.0
283 1.6020599913279625
284 1.9030899869919435
286 1.6989700043360187
287 2.0413926851582254
290 1.4771212547196624
291 1.9030899869919435
299 1.0
310 1.6020599913279625
313 1.0
318 1.3010299956639813
319 1.0
322 1.0
327 1.0
334 1.7781512503836436
339 1.6020599913279625
341 1.4771212547196624
351 1.0
353 1.6020599913279625
354 1.3010299956639813
362 1.0
363 1.3010299956639813
372 1.0
378 1.6989700043360187
380 2.0
383 1.6020599913279625
388 1.0
396 1.3010299956639813
400 1.6989700043360187
401 1.0
409 1.0
410 1.0
411 2.0
415 1.0
420 1.0
423 1.0
424 1.0
433 1.0
434 1.0
442 1.0
443 1.3010299956639813
449 1.0
459 1.3010299956639813
465 1.0
479 1.0
483 1.0
493 1.0
494 1.4771212547196624
497 1.0
498 1.0
506 1.0
508 1.0
518 1.0
540 1.3010299956639813
541 1.0
549 1.0
551 1.0
552 1.0
566 1.0
567 1.0
570 1.3010299956639813
573 1.0
574 1.0
575 1.0
576 1.0
577 1.3010299956639813
581 1.0
584 1.4771212547196624
585 1.4771212547196624
593 1.3010299956639813
599 1.0
602 1.0
603 1.0
608 1.0
611 1.0
627 1.0
656 1.0
676 1.0
682 1.0
685 1.0
688 1.6989700043360187
693 1.0
701 1.0
705 1.6020599913279625
710 1.0
724 1.0
725 1.0
728 1.0
730 2.079181246047625
734 1.0
743 1.0
759 1.0
765 1.0
773 1.0
779 1.3010299956639813
783 1.0
787 1.0
794 1.0
802 1.0
803 1.0
824 1.4771212547196624
825 1.4771212547196624
838 1.0
839 1.0
840 1.0
841 1.4771212547196624
845 1.0
883 1.6020599913279625
892 1.0
893 1.3010299956639813
903 1.6020599913279625
904 1.0
909 1.0
926 1.0
929 1.0
939 1.3010299956639813
957 1.6020599913279625
959 1.4771212547196624
967 1.0
977 1.0
1008 1.3010299956639813
1021 1.3010299956639813
1023 1.9542425094393248
1028 1.0
1030 1.0
1034 1.0
1042 1.3010299956639813
1047 1.0
1052 1.3010299956639813
1053 1.6020599913279625
1055 1.0
1056 1.0
1091 1.0
1092 1.0
1096 1.0
1101 1.4771212547196624
1114 1.0
1127 1.0
1128 1.0
1129 1.4771212547196624
1130 1.4771212547196624
1143 1.0
1144 1.0
1151 1.0
1152 1.0
1153 1.6020599913279625
1154 1.0
1158 1.0
1160 1.9542425094393248
1162 1.0
1168 1.0
1177 1.9542425094393248
1183 1.0
1185 1.0
1186 1.0
1187 1.0
1193 1.0
1198 1.0
1204 1.4771212547196624
1217 1.0
1218 1.0
1229 1.0
1234 1.3010299956639813
1235 1.0
1236 1.0
1239 1.3010299956639813
1241 1.3010299956639813
1243 1.0
1245 1.0
1253 1.3010299956639813
1259 1.3010299956639813
1273 1.0
1274 1.0
1281 1.0
1295 1.0
1303 1.0
1321 1.0
1322 1.0
