6 1.3010299956639813
19 1.0
79 1.3010299956639813
137 1.0
146 1.0
147 1.0
171 1.0
176 1.3010299956639813
208 1.3010299956639813
248 1.0
310 1.0
333 1.0
340 1.3010299956639813
344 1.0
387 1.3010299956639813
389 1.3010299956639813
403 1.0
408 1.0
409 1.0
420 1.0
433 1.3010299956639813
454 1.0
487 1.0
493 1.0
494 1.0
509 1.0
550 1.4771212547196624
568 1.0
569 1.0
570 1.0
575 1.0
589 1.0
615 1.0
643 1.0
645 1.3010299956639813
653 1.0
657 1.0
659 1.0
682 1.0
687 1.0
688 1.3010299956639813
693 1.0
694 1.0
708 1.0
715 1.3010299956639813
718 1.0
720 1.0
754 1.0
756 1.0
767 1.0
790 1.3010299956639813
821 1.0
823 1.0
837 1.3010299956639813
839 1.0
840 1.0
861 1.3010299956639813
864 1.0
871 1.0
880 1.0
893 1.0
896 1.0
903 1.0
924 1.0
928 1.0
939 1.0
959 1.0
989 1.0
1017 1.0
1028 1.0
1046 1.0
1056 1.0
1064 1.0
1065 1.0
1068 1.3010299956639813
1070 1.0
1096 1.0
1102 1.0
1126 1.0
1143 1.0
1144 1.0
1160 1.0
1194 1.0
1199 1.0
1201 1.0
1226 1.0
1313 1.0
