32 1.0
35 1.0
43 1.0
71 1.0
74 1.4771212547196624
78 1.0
90 1.0
102 1.0
126 1.0
127 1.0
128 1.0
132 1.4771212547196624
133 1.0
152 1.6020599913279625
155 1.0
161 1.0
190 1.0
207 1.7781512503836436
217 1.0
230 1.4771212547196624
267 1.0
270 1.3010299956639813
273 1.4771212547196624
277 1.6020599913279625
309 1.0
330 1.0
332 1.0
342 1.0
353 1.0
355 1.0
359 1.0
366 1.0
367 1.4771212547196624
435 1.3010299956639813
443 1.4771212547196624
449 1.4771212547196624
459 1.3010299956639813
501 1.0
511 1.0
517 1.0
537 2.0
541 1.0
556 1.6020599913279625
573 1.0
574 1.0
577 1.4771212547196624
582 1.0
583 1.0
609 1.3010299956639813
632 1.6989700043360187
641 1.0
683 1.0
692 1.0
715 1.0
739 1.0
761 1.3010299956639813
789 1.0
793 1.6020599913279625
799 1.0
819 1.0
824 1.0
825 1.0
839 1.0
840 1.0
842 1.0
852 1.3010299956639813
859 1.6020599913279625
878 1.845098040014257
917 1.0
934 1.4771212547196624
936 1.0
947 1.0
951 1.0
952 1.0
965 1.0
970 1.3010299956639813
995 1.4771212547196624
1000 1.0
1002 1.3010299956639813
1013 1.0
1020 1.0
1029 1.0
1064 1.0
1080 1.6020599913279625
1188 1.0
1189 1.0
1285 1.0
1290 1.4771212547196624
1294 1.6020599913279625
1299 1.0
1304 1.0
1318 1.0
1319 1.3010299956639813
