0 1.6020599913279625
9 1.0
12 1.0
14 1.3010299956639813
39 1.3010299956639813
40 1.0
42 1.0
45 1.0
51 1.0
54 1.3010299956639813
59 1.0
60 1.0
62 1.0
73 1.0
74 1.0
85 1.0
95 1.0
103 1.0
109 1.0
115 1.0
122 1.0
130 1.0
131 1.0
141 1.0
142 1.0
145 1.0
221 1.0
235 1.0
241 1.0
246 1.0
250 1.0
251 1.0
256 1.0
257 1.0
269 1.0
273 1.6989700043360187
275 1.3010299956639813
279 1.0
281 1.0
286 1.3010299956639813
289 1.0
300 1.0
301 1.0
305 1.3010299956639813
309 1.0
310 1.0
314 1.0
326 1.0
329 1.3010299956639813
337 1.0
342 1.0
350 1.0
362 1.0
366 1.0
379 1.0
386 1.0
388 1.4771212547196624
396 1.0
398 1.6020599913279625
415 1.0
417 1.0
447 1.0
449 1.0
482 1.0
488 1.0
497 1.3010299956639813
498 1.0
499 1.0
501 1.3010299956639813
503 1.0
514 1.0
532 1.0
545 1.6020599913279625
550 1.0
554 1.0
567 1.0
578 1.3010299956639813
580 1.0
593 1.4771212547196624
608 1.0
613 1.3010299956639813
614 1.0
615 1.3010299956639813
616 1.0
629 1.3010299956639813
634 1.0
637 1.0
644 1.0
653 1.0
658 1.0
662 1.0
671 1.0
678 1.0
682 1.0
694 1.4771212547196624
695 1.0
706 1.4771212547196624
707 1.0
709 1.0
711 1.0
715 1.3010299956639813
721 1.6989700043360187
724 2.0413926851582254
727 1.0
731 1.4771212547196624
745 1.0
747 1.0
750 1.0
758 1.0
765 1.0
772 1.0
786 1.0
787 1.3010299956639813
788 1.0
793 1.3010299956639813
795 1.3010299956639813
796 1.0
802 1.0
803 1.0
812 1.0
814 1.0
819 1.0
824 1.0
825 1.0
830 1.0
837 1.4771212547196624
841 1.0
847 1.0
849 1.4771212547196624
850 1.3010299956639813
865 1.3010299956639813
867 1.0
878 1.9542425094393248
881 1.0
883 1.0
884 1.4771212547196624
888 1.0
893 1.0
899 1.0
910 1.0
912 1.0
923 1.0
929 1.6989700043360187
935 1.4771212547196624
939 1.3010299956639813
943 1.0
944 1.0
945 1.0
948 1.7781512503836436
951 1.0
956 1.0
960 1.3010299956639813
961 1.0
962 1.0
963 1.0
964 1.6989700043360187
965 1.0
966 1.3010299956639813
969 1.0
973 1.0
975 1.4771212547196624
982 1.3010299956639813
987 1.0
993 1.0
994 1.3010299956639813
996 1.4771212547196624
997 1.0
1005 1.3010299956639813
1008 1.3010299956639813
1020 1.0
1036 1.4771212547196624
1050 1.0
1059 1.0
1065 1.3010299956639813
1072 1.0
1105 1.0
1106 1.0
1115 1.3010299956639813
1116 1.3010299956639813
1149 1.3010299956639813
1150 1.3010299956639813
1188 1.3010299956639813
1190 1.0
1228 1.3010299956639813
1234 1.0
1243 1.0
1258 1.0
1265 1.0
1272 1.0
1281 1.0
1287 1.0
1289 1.0
1290 1.0
1302 1.0
1309 1.0
1311 1.0
1318 1.0
1322 1.0
