3 1.0
6 1.0
14 1.0
34 1.0
43 1.0
45 1.0
75 1.3010299956639813
90 1.0
93 1.3010299956639813
94 1.6020599913279625
99 1.0
139 1.0
141 1.0
170 1.0
200 1.0
201 1.0
215 1.3010299956639813
219 1.3010299956639813
220 1.3010299956639813
221 1.3010299956639813
223 1.845098040014257
226 1.3010299956639813
228 1.0
238 1.6020599913279625
241 1.0
244 1.0
247 1.4771212547196624
249 1.0
253 1.0
256 1.4771212547196624
257 1.0
274 1.0
288 1.0
293 1.0
309 1.0
310 1.0
314 1.0
340 1.0
343 1.0
349 1.0
351 1.0
362 1.0
388 1.3010299956639813
401 1.6020599913279625
402 1.0
409 1.0
412 1.3010299956639813
414 1.0
420 1.0
427 1.0
429 1.3010299956639813
437 1.3010299956639813
444 1.0
446 1.0
472 1.0
487 1.0
491 1.0
493 1.0
494 1.0
506 1.0
515 1.0
521 1.0
536 1.0
539 1.4771212547196624
543 1.0
544 1.0
546 1.0
547 1.0
553 1.0
566 1.3010299956639813
568 1.0
569 1.0
575 1.0
588 1.0
593 1.0
597 1.0
598 1.0
608 1.3010299956639813
623 1.0
633 1.0
653 1.0
661 1.0
662 1.0
674 1.0
675 1.0
679 1.0
681 1.3010299956639813
682 1.0
686 1.0
689 1.3010299956639813
703 1.0
707 1.3010299956639813
713 1.0
716 1.0
717 1.0
720 1.0
721 1.0
722 1.0
731 1.0
736 1.3010299956639813
739 1.3010299956639813
748 1.3010299956639813
749 1.0
768 1.0
779 1.0
781 1.4771212547196624
782 1.0
788 1.0
815 1.3010299956639813
850 1.0
895 1.0
915 1.0
924 1.0
1028 1.0
1029 1.3010299956639813
1037 1.0
1039 1.3010299956639813
1064 1.0
1065 1.0
1071 1.3010299956639813
1086 1.3010299956639813
1092 1.0
1105 1.0
1106 1.0
1109 1.0
1127 1.0
1128 1.0
1129 1.0
1130 1.0
1137 1.0
1138 1.0
1139 1.0
1140 1.0
1149 1.0
1150 1.0
1156 1.0
1171 1.0
1189 1.4771212547196624
1190 1.0
1194 1.0
1199 1.3010299956639813
1202 1.3010299956639813
1203 1.3010299956639813
1249 1.0
1269 1.0
1277 1.0
1283 1.3010299956639813
1286 1.0
1293 1.0
1294 1.0
1295 1.0
1304 1.0
1310 1.0
1312 1.0
