5 1.0
12 1.0
65 1.0
69 1.3010299956639813
83 1.3010299956639813
84 1.0
107 1.0
130 1.0
161 1.3010299956639813
174 1.0
180 1.0
183 1.3010299956639813
201 1.0
229 1.0
256 1.0
260 1.0
272 1.0
289 1.7781512503836436
297 1.3010299956639813
309 1.0
314 1.0
377 1.4771212547196624
380 1.0
384 1.0
399 1.0
408 1.3010299956639813
412 1.0
417 1.0
434 1.4771212547196624
446 1.0
473 1.0
488 1.0
518 1.0
522 1.0
525 1.0
537 1.0
539 1.0
542 1.0
561 1.4771212547196624
566 1.0
567 1.0
577 1.0
591 1.3010299956639813
602 1.3010299956639813
603 1.3010299956639813
610 1.3010299956639813
633 1.0
643 1.0
644 1.0
653 1.0
655 1.0
664 1.4771212547196624
677 1.0
686 1.0
692 1.4771212547196624
696 1.4771212547196624
703 1.0
708 1.0
723 1.0
742 1.0
748 1.0
749 1.3010299956639813
754 1.0
758 1.0
764 1.0
821 1.0
826 1.0
881 1.0
915 1.4771212547196624
939 1.0
1006 1.3010299956639813
1028 1.0
1039 1.0
1042 1.0
1047 1.0
1062 1.3010299956639813
1065 1.0
1072 1.0
1088 1.0
1114 1.0
1120 1.0
1219 1.3010299956639813
1238 1.0
1239 1.0
1247 1.0
1263 1.0
1283 1.0
1305 1.0
