32 1.4771212547196624
75 1.3010299956639813
84 1.0
102 1.0
107 1.0
110 1.0
132 1.0
135 1.0
139 1.0
157 1.4771212547196624
161 1.0
174 1.3010299956639813
176 1.6989700043360187
230 1.0
234 1.0
241 1.0
251 1.0
307 1.0
310 1.0
352 1.3010299956639813
355 1.3010299956639813
376 1.9030899869919435
381 1.3010299956639813
388 1.0
402 1.0
403 1.0
430 1.0
449 1.3010299956639813
482 1.4771212547196624
499 2.079181246047625
537 1.0
539 1.3010299956639813
543 1.3010299956639813
544 1.3010299956639813
558 1.0
567 1.0
570 1.4771212547196624
573 1.6020599913279625
574 1.6020599913279625
584 1.0
585 1.0
605 1.6020599913279625
606 1.6020599913279625
626 1.0
647 1.0
651 1.6989700043360187
653 1.0
669 1.0
674 1.4771212547196624
675 1.4771212547196624
677 1.0
682 1.6020599913279625
687 1.0
692 1.0
696 1.0
711 1.0
749 1.0
783 1.0
784 1.3010299956639813
787 1.0
797 1.6989700043360187
824 1.0
825 1.0
826 1.0
839 1.0
840 1.0
868 1.0
869 1.0
870 1.0
872 1.0
895 1.3010299956639813
902 1.3010299956639813
915 1.0
924 1.0
941 1.3010299956639813
963 1.3010299956639813
970 1.0
979 1.0
983 1.3010299956639813
1002 1.0
1045 1.0
1047 1.0
1078 1.0
1086 1.6020599913279625
1126 1.0
1149 1.0
1150 1.0
1169 1.0
1177 1.6020599913279625
1202 1.4771212547196624
1232 1.4771212547196624
1276 1.0
1285 1.0
1304 1.0
