39 1.0
61 1.0
174 1.4771212547196624
293 1.6989700043360187
352 1.0
421 1.7781512503836436
434 1.6989700043360187
473 1.0
495 1.0
577 1.0
645 1.3010299956639813
650 1.0
662 1.0
708 1.0
713 1.845098040014257
767 1.0
811 1.0
815 1.3010299956639813
885 1.0
909 1.6020599913279625
931 1.0
977 1.0
1038 2.079181246047625
1039 1.3010299956639813
1065 1.0
1072 1.4771212547196624
1076 1.3010299956639813
1103 1.4771212547196624
1107 1.6989700043360187
1110 1.3010299956639813
1121 1.6020599913279625
1126 2.361727836017593
1182 1.0
1183 1.0
1211 1.6020599913279625
1212 1.0
1219 1.0
1220 1.3010299956639813
