21 1.4771212547196624
35 1.4771212547196624
36 1.0
47 1.3010299956639813
74 1.3010299956639813
80 1.0
90 1.3010299956639813
94 1.0
96 1.4771212547196624
106 1.0
108 1.0
113 1.0
114 1.0
116 1.0
127 1.0
130 1.3010299956639813
132 1.3010299956639813
142 1.0
152 1.3010299956639813
155 1.3010299956639813
163 1.3010299956639813
167 1.0
170 1.3010299956639813
176 1.0
183 1.4771212547196624
189 1.0
195 1.0
207 1.0
220 1.0
230 1.0
244 1.0
262 1.0
263 1.0
270 1.3010299956639813
277 1.0
279 1.3010299956639813
284 1.0
291 1.0
293 1.0
310 1.0
320 1.4771212547196624
325 1.0
334 1.0
337 1.4771212547196624
353 1.0
360 1.3010299956639813
364 1.0
367 1.3010299956639813
368 1.0
378 1.0
380 1.3010299956639813
388 1.0
397 1.0
400 1.3010299956639813
409 1.0
411 1.0
418 1.3010299956639813
443 1.0
446 1.3010299956639813
459 1.6989700043360187
465 1.0
496 1.0
501 1.0
509 1.0
514 1.0
528 1.0
529 1.0
548 1.0
571 1.0
576 1.0
586 1.0
592 1.6989700043360187
601 1.0
602 1.0
603 1.0
609 1.6989700043360187
610 1.0
650 1.0
656 1.0
669 1.0
678 1.0
681 1.0
682 1.0
686 1.0
692 1.0
699 1.0
704 1.0
716 1.0
720 1.0
748 1.0
753 1.0
776 1.0
834 1.0
835 1.0
863 1.0
875 1.0
893 1.0
1019 1.0
1037 1.0
1044 1.0
1047 1.0
1052 1.0
1055 1.845098040014257
1072 1.0
1074 1.3010299956639813
1075 1.3010299956639813
1092 1.0
1096 1.3010299956639813
1098 1.0
1120 1.0
1126 1.0
1127 1.0
1128 1.0
1129 1.3010299956639813
1130 1.3010299956639813
1145 1.0
1146 1.0
1147 1.0
1148 1.0
1152 1.0
1162 1.0
1165 1.4771212547196624
1170 1.0
1190 1.0
1193 1.0
1198 1.0
1213 1.0
1217 1.0
1228 1.6020599913279625
1233 1.0
1234 1.3010299956639813
1241 1.0
1262 1.0
1265 1.6020599913279625
1266 1.4771212547196624
1272 1.3010299956639813
1276 1.6989700043360187
1277 1.3010299956639813
1305 1.0
1310 1.0
1317 1.0
1318 1.0
1321 1.0
