1 1.0
28 1.3010299956639813
32 1.6989700043360187
50 1.0
56 1.0
73 1.0
75 1.0
123 1.0
124 1.0
127 1.3010299956639813
211 1.0
236 1.0
276 1.0
289 1.3010299956639813
311 1.0
316 1.0
329 1.0
379 1.0
383 1.0
402 1.0
403 1.0
424 1.4771212547196624
429 1.0
434 1.0
441 1.0
454 1.0
491 1.0
539 1.0
543 1.3010299956639813
544 1.3010299956639813
561 1.0
578 1.0
596 1.0
653 1.0
659 1.3010299956639813
664 1.0
668 1.0
695 1.0
699 1.0
702 1.0
706 1.0
707 1.0
723 1.0
770 1.0
788 1.0
793 1.0
794 1.0
795 1.3010299956639813
838 1.0
870 1.0
922 1.0
943 1.0
944 1.0
1017 1.3010299956639813
1028 1.3010299956639813
1031 1.0
1049 1.3010299956639813
1071 1.3010299956639813
1089 1.0
1095 1.0
1096 1.0
1114 1.0
1120 1.3010299956639813
1167 1.0
1170 1.0
1201 1.4771212547196624
1221 1.3010299956639813
1259 1.0
1293 1.0
