43 1.0
162 1.0
170 1.0
191 1.0
193 1.3010299956639813
236 1.0
263 1.3010299956639813
284 1.0
300 1.0
319 1.0
327 1.3010299956639813
333 1.0
364 1.4771212547196624
375 1.0
400 1.3010299956639813
534 1.3010299956639813
543 1.0
544 1.0
614 1.0
656 1.3010299956639813
658 1.0
669 1.4771212547196624
671 1.3010299956639813
771 1.3010299956639813
779 1.0
841 1.0
842 1.0
867 1.0
888 1.0
942 1.0
946 1.0
950 1.0
963 1.0
964 1.3010299956639813
969 1.0
978 1.0
982 1.0
989 1.0
994 1.0
1011 1.0
1012 1.0
1015 1.0
1016 1.0
1022 1.0
1057 1.0
1058 1.0
1114 1.0
1129 1.0
1130 1.0
1285 1.0
1302 1.0
