3 1.3010299956639813
6 1.0
15 1.6020599913279625
37 1.0
48 1.3010299956639813
58 1.0
59 1.6989700043360187
60 1.6989700043360187
91 1.0
99 1.0
121 1.0
180 1.0
208 1.0
210 1.0
236 1.0
254 1.3010299956639813
255 1.0
256 1.6989700043360187
261 1.3010299956639813
264 1.0
272 1.0
274 1.0
276 1.3010299956639813
310 1.3010299956639813
366 1.6020599913279625
387 1.0
392 1.0
399 1.0
433 1.0
434 1.0
449 1.4771212547196624
453 1.0
476 1.0
482 1.0
493 1.0
496 1.0
497 1.0
499 1.0
506 1.4771212547196624
510 1.0
540 1.0
550 1.0
613 1.3010299956639813
640 1.3010299956639813
641 1.0
644 1.7781512503836436
656 1.4771212547196624
667 1.0
670 1.0
683 1.0
706 1.6020599913279625
713 1.0
718 1.0
736 1.0
743 1.0
749 1.0
754 1.0
769 1.0
790 1.0
814 1.0
815 1.3010299956639813
837 1.3010299956639813
838 1.0
846 1.0
847 1.0
861 1.0
896 1.0
897 1.0
918 1.0
922 1.0
954 1.0
963 1.0
990 1.0
1008 1.0
1044 1.0
1089 1.3010299956639813
1104 1.4771212547196624
1137 1.0
1138 1.0
1153 1.0
1156 1.0
1168 1.3010299956639813
1222 1.0
1237 1.0
1243 1.0
1245 1.0
1283 1.4771212547196624
1301 1.0
1311 1.0
1317 1.0
1324 1.0
