32 1.4771212547196624
44 1.4771212547196624
45 1.0
69 1.3010299956639813
88 1.3010299956639813
107 1.0
110 1.3010299956639813
131 1.0
139 1.4771212547196624
157 1.0
161 1.0
179 1.3010299956639813
184 1.0
185 1.0
189 1.3010299956639813
195 1.4771212547196624
258 1.0
270 1.0
282 1.3010299956639813
284 1.4771212547196624
307 1.0
317 1.3010299956639813
325 1.0
327 1.9030899869919435
361 1.6020599913279625
380 1.0
396 1.3010299956639813
398 1.0
410 1.3010299956639813
419 1.0
442 1.4771212547196624
449 1.0
474 1.4771212547196624
496 1.3010299956639813
499 2.230448921378274
556 1.4771212547196624
558 1.0
567 1.0
576 1.3010299956639813
584 1.0
585 1.0
586 1.0
589 1.3010299956639813
611 1.0
630 1.6020599913279625
657 1.0
664 1.0
669 1.6020599913279625
677 1.0
688 1.3010299956639813
690 1.3010299956639813
692 1.0
696 1.9030899869919435
740 1.0
770 1.3010299956639813
778 1.3010299956639813
794 1.0
829 1.3010299956639813
839 1.0
840 1.0
851 1.3010299956639813
868 1.0
869 1.0
872 1.4771212547196624
889 1.3010299956639813
890 1.3010299956639813
893 1.0
895 1.0
914 1.0
917 1.0
934 1.3010299956639813
1032 1.3010299956639813
1036 1.0
1056 1.0
1059 1.0
1081 1.6020599913279625
1089 1.0
1091 1.0
1092 1.0
1098 1.0
1099 1.0
1129 1.0
1130 1.0
1152 1.4771212547196624
1153 1.4771212547196624
1212 1.6020599913279625
1226 1.0
1231 1.3010299956639813
1233 1.0
1235 1.0
1266 1.0
1277 1.4771212547196624
