58 1.0
69 1.3010299956639813
84 1.0
121 1.3010299956639813
238 1.0
256 1.6020599913279625
274 1.0
297 1.4771212547196624
329 1.6989700043360187
332 1.3010299956639813
376 1.0
420 1.0
434 1.3010299956639813
449 1.0
487 1.0
489 1.0
494 1.0
535 1.4771212547196624
537 1.6989700043360187
589 1.6989700043360187
644 1.6989700043360187
651 1.0
690 1.0
756 1.6020599913279625
769 1.6020599913279625
807 1.6989700043360187
810 1.0
847 1.0
897 1.0
943 1.4771212547196624
944 1.4771212547196624
989 1.0
1028 1.0
1035 1.0
1050 1.0
1072 1.0
1073 1.0
1086 1.0
1088 1.0
1186 1.0
1232 1.0
1237 1.0
1243 1.3010299956639813
1259 1.3010299956639813
1293 1.4771212547196624
