0 1.6020599913279625
2 1.9030899869919435
5 2.1760912590556813
6 1.3010299956639813
7 1.6020599913279625
11 1.7781512503836436
13 1.9030899869919435
14 1.6020599913279625
15 1.4771212547196624
17 1.3010299956639813
18 1.3010299956639813
21 1.3010299956639813
23 1.0
24 1.6020599913279625
26 1.0
27 1.0
33 1.0
34 1.4771212547196624
36 1.0
37 1.0
38 1.3010299956639813
41 1.6989700043360187
42 1.0
43 1.0
47 1.0
48 1.3010299956639813
50 1.4771212547196624
55 1.0
56 1.845098040014257
57 1.845098040014257
58 1.0
62 1.0
69 1.3010299956639813
77 1.6020599913279625
80 1.0
82 1.0
85 1.0
90 1.0
91 1.0
93 1.0
96 1.0
102 1.0
103 1.0
108 1.4771212547196624
110 1.0
111 1.0
113 1.0
114 1.0
115 1.0
117 1.0
118 1.4771212547196624
119 1.3010299956639813
120 1.0
123 1.3010299956639813
124 1.3010299956639813
132 1.4771212547196624
138 1.0
139 1.0
140 1.0
145 1.0
146 1.0
152 1.0
153 1.3010299956639813
154 1.3010299956639813
158 1.3010299956639813
165 1.0
166 1.0
170 1.0
171 1.3010299956639813
176 1.0
180 1.3010299956639813
181 1.0
189 1.0
190 1.4771212547196624
191 1.0
194 1.0
195 1.3010299956639813
200 1.0
201 1.0
206 1.0
209 1.3010299956639813
211 1.0
213 1.0
217 1.0
218 1.0
219 1.845098040014257
220 1.0
229 1.0
230 1.3010299956639813
236 1.0
242 1.3010299956639813
243 1.0
244 1.0
257 1.0
264 1.7781512503836436
265 1.0
267 1.6020599913279625
271 1.0
273 1.0
274 1.0
276 1.4771212547196624
278 1.3010299956639813
280 1.845098040014257
283 1.0
291 1.0
294 1.4771212547196624
300 1.3010299956639813
304 1.4771212547196624
306 1.3010299956639813
307 1.0
311 1.9030899869919435
314 1.3010299956639813
316 1.0
317 1.3010299956639813
318 1.3010299956639813
322 1.6989700043360187
324 1.0
325 1.3010299956639813
327 1.4771212547196624
333 1.0
337 1.0
341 1.0
342 1.0
343 1.6989700043360187
344 1.6989700043360187
345 1.0
349 1.6989700043360187
353 1.4771212547196624
358 1.0
368 1.0
372 1.0
374 1.0
375 1.0
378 1.0
379 1.9542425094393248
380 1.0
384 1.0
386 1.3010299956639813
388 1.0
392 1.0
395 1.0
400 1.3010299956639813
403 1.4771212547196624
408 1.0
409 1.4771212547196624
412 1.0
417 1.3010299956639813
418 1.4771212547196624
422 1.0
423 1.0
425 1.6989700043360187
428 1.0
429 1.0
430 1.6020599913279625
442 1.0
443 1.0
444 1.3010299956639813
446 1.0
455 1.3010299956639813
459 1.4771212547196624
461 1.0
462 1.0
468 1.0
469 1.0
470 1.0
473 1.0
474 1.0
478 1.0
481 1.0
482 1.0
485 1.3010299956639813
486 1.0
487 1.4771212547196624
488 1.3010299956639813
490 1.0
493 1.7781512503836436
494 1.0
496 1.0
499 1.0
503 2.0413926851582254
504 1.0
505 1.6989700043360187
506 2.3222192947339195
516 1.0
518 1.3010299956639813
521 1.0
527 1.4771212547196624
529 1.0
530 1.0
531 1.0
534 1.3010299956639813
536 1.0
538 1.0
542 1.0
547 1.0
553 1.0
554 1.3010299956639813
564 1.0
566 1.6989700043360187
568 1.0
569 1.0
570 1.0
572 1.3010299956639813
573 1.0
574 1.0
576 1.0
580 1.0
581 1.0
584 1.4771212547196624
585 1.4771212547196624
586 1.0
588 1.0
597 1.3010299956639813
598 1.3010299956639813
599 1.0
601 1.0
602 1.0
603 1.0
610 1.0
615 1.0
617 1.0
618 1.0
620 1.0
622 1.0
630 1.0
631 1.0
638 1.0
640 1.0
644 1.0
645 1.3010299956639813
650 1.0
652 1.0
665 1.0
668 1.4771212547196624
669 1.4771212547196624
676 1.6020599913279625
678 1.4771212547196624
679 1.3010299956639813
680 1.6020599913279625
681 1.0
682 1.3010299956639813
686 1.0
693 1.0
694 1.3010299956639813
698 1.0
699 1.0
700 1.0
701 1.0
703 1.6020599913279625
704 1.6989700043360187
705 1.3010299956639813
707 1.6020599913279625
709 1.0
710 1.3010299956639813
715 1.0
716 1.0
717 1.0
718 1.0
721 1.0
722 1.3010299956639813
723 1.4771212547196624
724 1.6020599913279625
728 1.6020599913279625
732 1.3010299956639813
739 1.3010299956639813
740 1.0
741 1.4771212547196624
742 1.3010299956639813
747 1.0
748 1.0
751 1.3010299956639813
755 1.3010299956639813
764 1.0
770 1.3010299956639813
773 1.3010299956639813
780 1.3010299956639813
781 1.3010299956639813
783 1.0
785 1.0
786 1.0
787 1.3010299956639813
788 1.6020599913279625
790 1.6020599913279625
794 1.3010299956639813
802 1.3010299956639813
803 1.3010299956639813
809 1.3010299956639813
810 1.3010299956639813
813 1.0
814 1.4771212547196624
815 1.0
824 1.4771212547196624
825 1.4771212547196624
826 1.0
827 1.0
830 1.0
831 1.0
839 1.0
840 1.0
842 1.0
843 1.0
845 1.3010299956639813
848 1.0
850 1.0
851 1.3010299956639813
858 1.0
865 1.3010299956639813
867 1.0
868 1.0
869 1.0
871 1.3010299956639813
872 1.3010299956639813
875 1.0
878 1.3010299956639813
879 1.0
881 1.0
894 1.0
897 1.3010299956639813
901 1.4771212547196624
902 1.3010299956639813
903 1.0
904 1.3010299956639813
906 1.0
908 1.3010299956639813
910 1.0
915 1.0
920 1.0
926 1.0
928 1.0
929 1.0
932 1.0
935 1.0
940 1.0
941 1.0
942 1.3010299956639813
946 1.0
947 1.0
950 1.0
951 1.0
955 1.0
957 1.0
990 1.0
994 1.0
996 1.3010299956639813
1001 1.0
1002 1.0
1005 1.6020599913279625
1008 1.3010299956639813
1013 1.3010299956639813
1020 1.4771212547196624
1021 1.0
1026 1.0
1027 1.3010299956639813
1029 1.0
1036 1.0
1041 1.0
1044 1.6989700043360187
1045 1.0
1047 1.0
1053 1.0
1055 1.0
1059 1.0
1062 1.0
1064 1.0
1068 1.3010299956639813
1071 1.0
1072 1.3010299956639813
1073 1.4771212547196624
1074 1.0
1075 1.0
1080 1.6020599913279625
1087 1.0
1091 1.0
1095 1.0
1096 1.3010299956639813
1097 1.3010299956639813
1104 1.7781512503836436
1109 1.0
1113 1.0
1114 1.6020599913279625
1115 1.0
1116 1.0
1117 1.4771212547196624
1118 1.4771212547196624
1119 1.0
1124 1.0
1129 2.380211241711606
1130 2.380211241711606
1135 1.0
1136 1.0
1139 1.6020599913279625
1140 1.6020599913279625
1143 1.3010299956639813
1144 1.3010299956639813
1147 1.3010299956639813
1148 1.3010299956639813
1149 1.845098040014257
1150 1.845098040014257
1151 1.0
1158 1.0
1159 1.0
1160 1.0
1161 1.3010299956639813
1162 1.6020599913279625
1165 1.0
1166 1.6020599913279625
1167 1.3010299956639813
1168 1.0
1169 1.0
1170 1.4771212547196624
1172 1.6020599913279625
1176 1.7781512503836436
1177 1.6989700043360187
1179 1.0
1180 1.4771212547196624
1181 1.0
1183 1.6989700043360187
1184 1.0
1187 1.4771212547196624
1189 1.0
1190 1.0
1195 1.0
1196 1.0
1198 1.4771212547196624
1204 1.0
1211 1.0
1213 1.0
1214 1.0
1219 1.3010299956639813
1225 1.0
1226 1.0
1228 1.3010299956639813
1235 1.3010299956639813
1241 1.0
1245 1.0
1250 1.0
1256 1.0
1259 1.0
1260 1.0
1263 1.0
1264 1.0
1265 1.3010299956639813
1268 1.0
1272 1.3010299956639813
1274 1.4771212547196624
1279 1.0
1281 1.0
1285 1.0
1295 1.3010299956639813
1298 1.3010299956639813
1299 1.0
1300 1.0
1301 1.0
1302 1.0
1303 1.0
1308 1.0
1312 1.6020599913279625
1317 1.0
1318 1.0
1320 1.0
1321 1.0
