35 1.0
75 1.0
88 1.0
157 1.3010299956639813
177 1.0
209 1.0
211 1.3010299956639813
229 1.0
244 1.0
265 1.0
273 1.0
285 1.0
290 1.0
297 1.4771212547196624
305 1.0
309 1.4771212547196624
323 1.4771212547196624
329 1.3010299956639813
333 1.3010299956639813
335 1.6020599913279625
344 1.4771212547196624
345 1.6020599913279625
347 1.3010299956639813
350 1.0
373 1.0
401 1.0
422 1.0
429 1.0
451 1.0
468 1.0
496 1.0
499 1.0
501 1.0
520 1.0
541 1.0
567 1.0
586 1.0
593 1.0
596 1.0
615 1.3010299956639813
616 1.0
633 1.3010299956639813
634 1.4771212547196624
678 1.0
694 1.0
699 1.6989700043360187
715 1.0
716 1.3010299956639813
772 1.7781512503836436
777 1.4771212547196624
780 1.0
789 1.6020599913279625
797 1.0
839 1.0
840 1.0
842 1.4771212547196624
848 1.3010299956639813
853 1.3010299956639813
865 1.0
870 1.0
888 1.0
889 1.0
890 1.0
896 1.6989700043360187
897 1.0
919 1.0
921 1.0
924 1.0
929 1.0
933 1.0
941 1.3010299956639813
946 1.6020599913279625
947 1.3010299956639813
951 1.6989700043360187
958 1.0
964 1.0
966 1.0
970 1.4771212547196624
972 1.7781512503836436
973 1.0
980 1.0
982 1.3010299956639813
985 1.0
988 1.0
994 1.0
995 1.3010299956639813
1000 1.4771212547196624
1002 1.0
1034 1.3010299956639813
1037 1.0
1072 1.0
1103 1.0
1109 1.3010299956639813
1110 1.0
1111 1.0
1112 1.0
1123 1.0
1129 1.3010299956639813
1130 1.3010299956639813
1143 1.3010299956639813
1144 1.3010299956639813
1160 1.0
1173 1.0
1188 1.0
1191 1.845098040014257
1193 1.3010299956639813
1272 1.0
1298 1.0
