11 1.0
17 1.4771212547196624
69 1.0
77 1.0
81 1.0
86 1.0
94 1.3010299956639813
107 1.0
142 1.0
152 1.0
154 1.0
200 1.0
201 1.0
216 1.0
222 1.0
265 1.0
270 1.0
271 1.0
279 1.0
291 1.0
311 1.0
337 1.3010299956639813
367 1.0
383 1.0
391 1.3010299956639813
406 1.0
409 1.0
412 1.0
430 1.0
449 1.0
488 1.0
503 1.3010299956639813
523 1.3010299956639813
524 1.0
537 1.0
543 1.0
544 1.0
567 1.0
576 1.0
586 1.0
588 1.4771212547196624
643 1.0
681 1.0
687 1.0
690 1.0
691 1.0
704 1.0
720 1.0
741 1.0
743 1.0
748 1.0
751 1.0
783 1.0
802 1.0
803 1.0
837 1.0
845 1.0
918 1.0
924 1.0
964 1.3010299956639813
1037 1.0
1047 1.0
1055 1.6020599913279625
1091 1.0
1095 1.3010299956639813
1127 1.0
1128 1.0
1133 1.0
1134 1.0
1143 1.0
1144 1.0
1177 1.0
1226 1.0
1235 1.0
1289 1.0
1297 1.0
1298 1.0
1302 1.0
1311 1.0
1312 1.0
1318 1.0
1319 1.0
