1 1.0
59 1.0
60 1.0
115 1.0
121 1.0
208 1.4771212547196624
234 1.0
247 1.3010299956639813
256 1.4771212547196624
261 1.0
272 1.0
310 1.4771212547196624
316 1.0
351 1.0
361 1.0
366 1.4771212547196624
420 1.3010299956639813
482 1.0
522 1.0
537 1.3010299956639813
541 1.3010299956639813
543 1.3010299956639813
544 1.3010299956639813
558 1.0
565 1.3010299956639813
567 1.0
577 1.0
586 1.0
589 1.0
613 1.0
651 1.0
707 1.0
736 1.0
741 1.0
851 1.0
1032 1.3010299956639813
1039 2.079181246047625
1065 1.3010299956639813
1104 1.0
1105 1.0
1106 1.0
1126 1.0
1143 1.0
1144 1.0
1186 1.0
1208 1.0
1237 1.0
1283 1.3010299956639813
