0 1.0
5 1.0
17 1.0
21 1.0
32 1.0
40 1.0
43 1.3010299956639813
54 1.0
57 1.0
65 1.3010299956639813
71 1.0
76 1.0
83 1.0
102 1.0
110 1.0
111 1.0
113 1.0
114 1.0
135 1.0
137 1.0
165 1.3010299956639813
181 1.0
194 1.0
200 1.0
201 1.0
203 1.0
208 1.0
220 1.0
241 1.0
247 1.0
256 1.4771212547196624
259 1.0
269 1.0
272 1.0
283 1.0
289 1.0
297 1.0
309 1.3010299956639813
319 1.0
322 1.0
329 1.3010299956639813
330 1.3010299956639813
350 1.0
352 1.0
356 1.0
361 1.4771212547196624
364 1.3010299956639813
387 1.0
398 1.0
420 1.4771212547196624
421 1.3010299956639813
423 1.3010299956639813
429 1.4771212547196624
431 1.0
433 1.0
440 1.0
475 1.0
482 1.0
491 1.0
496 1.0
497 1.0
506 1.3010299956639813
520 1.3010299956639813
523 1.0
540 1.3010299956639813
541 1.3010299956639813
543 1.3010299956639813
544 1.3010299956639813
545 1.3010299956639813
550 1.0
567 1.6020599913279625
570 1.3010299956639813
573 1.0
574 1.0
580 1.3010299956639813
584 1.6989700043360187
585 1.6989700043360187
589 1.0
592 1.3010299956639813
613 1.0
615 1.0
619 1.0
622 1.0
626 1.0
628 1.0
632 1.0
633 1.0
637 1.0
652 1.0
659 1.0
689 1.0
690 1.3010299956639813
692 1.3010299956639813
701 1.0
717 1.4771212547196624
725 1.0
738 1.0
740 1.0
741 1.0
764 1.0
769 1.4771212547196624
781 1.0
783 1.0
790 1.0
807 1.3010299956639813
815 1.0
837 1.0
845 1.0
850 1.3010299956639813
868 1.3010299956639813
869 1.3010299956639813
870 1.3010299956639813
876 1.0
889 1.3010299956639813
890 1.3010299956639813
893 1.0
897 1.3010299956639813
929 1.3010299956639813
939 1.0
943 1.3010299956639813
944 1.3010299956639813
948 1.3010299956639813
954 1.0
1002 1.0
1007 1.0
1017 1.0
1020 1.0
1028 1.3010299956639813
1032 1.0
1045 1.0
1065 1.0
1070 1.0
1085 1.0
1092 1.4771212547196624
1119 1.0
1124 1.0
1161 1.4771212547196624
1180 1.0
1186 1.0
1190 1.0
1223 1.0
1250 1.0
1254 1.0
1256 1.0
1270 1.0
1271 1.0
1285 1.0
1292 1.0
1297 1.0
1299 1.0
1304 1.3010299956639813
1311 1.0
1314 1.0
1321 1.0
