34 1.4771212547196624
37 2.0
40 1.4771212547196624
48 1.0
50 1.3010299956639813
84 1.6020599913279625
85 1.0
90 1.0
93 1.0
107 1.3010299956639813
115 1.3010299956639813
136 1.0
139 1.0
155 1.0
207 1.4771212547196624
237 1.845098040014257
239 1.6989700043360187
257 1.0
264 1.4771212547196624
273 1.4771212547196624
297 1.4771212547196624
314 1.6020599913279625
319 1.6020599913279625
366 1.0
376 1.4771212547196624
398 1.3010299956639813
487 1.6020599913279625
496 1.0
531 1.9542425094393248
561 1.3010299956639813
566 1.3010299956639813
579 1.4771212547196624
659 1.3010299956639813
692 1.0
699 1.4771212547196624
717 1.0
761 1.0
777 1.3010299956639813
804 1.6020599913279625
829 1.3010299956639813
831 1.0
993 1.3010299956639813
1013 1.0
1022 1.7781512503836436
1091 1.0
1096 1.0
1155 1.6020599913279625
1231 1.0
1268 1.0
1294 1.0
1322 1.0
