0 1.0
5 1.3010299956639813
9 1.3010299956639813
13 1.0
18 1.0
22 1.3010299956639813
34 1.3010299956639813
41 1.3010299956639813
45 1.3010299956639813
56 1.3010299956639813
62 1.0
75 1.4771212547196624
80 1.0
113 1.0
114 1.0
137 1.0
155 1.0
222 1.0
237 1.0
257 1.0
297 1.0
298 1.0
311 1.0
316 1.3010299956639813
319 1.0
337 1.0
349 1.3010299956639813
375 1.0
379 1.0
384 1.0
404 1.0
430 1.0
439 1.6020599913279625
463 1.0
499 1.0
524 1.0
555 1.3010299956639813
575 1.6020599913279625
580 1.0
627 1.0
676 1.0
677 1.4771212547196624
682 1.0
705 1.0
731 1.0
751 1.0
761 1.0
768 1.0
770 1.3010299956639813
782 1.0
824 1.0
825 1.0
838 1.0
902 1.0
903 1.0
943 1.0
944 1.0
1008 1.0
1028 1.0
1037 1.0
1091 1.0
1127 1.0
1128 1.0
1129 1.4771212547196624
1130 1.4771212547196624
1143 1.0
1144 1.0
1162 1.4771212547196624
1166 1.0
1168 1.0
1170 1.0
1176 1.0
1178 1.0
1180 1.0
1181 1.0
1203 1.0
1231 1.0
1240 1.0
1268 1.0
1281 1.0
1318 1.0
1319 1.0
