9 1.0
18 1.0
27 1.0
29 1.3010299956639813
31 1.0
49 1.0
50 1.0
59 1.3010299956639813
60 1.3010299956639813
64 1.0
65 1.6989700043360187
73 1.3010299956639813
75 1.0
94 1.4771212547196624
99 1.0
102 1.0
105 1.4771212547196624
107 1.0
113 1.0
114 1.0
129 1.0
139 1.0
163 1.0
168 1.0
172 1.0
176 1.0
180 1.0
194 1.4771212547196624
200 1.0
201 1.0
203 1.3010299956639813
209 1.0
211 1.0
214 1.0
223 1.6989700043360187
224 1.3010299956639813
226 1.4771212547196624
228 1.0
231 1.0
235 1.0
237 1.0
238 1.0
243 1.0
248 1.0
251 1.0
253 1.0
254 1.0
256 1.3010299956639813
270 1.3010299956639813
273 1.0
274 1.0
278 1.0
284 1.0
288 1.0
289 1.0
293 1.4771212547196624
297 1.0
299 1.0
301 1.0
302 1.0
305 1.0
307 1.0
310 1.0
314 1.4771212547196624
329 1.4771212547196624
343 1.0
347 1.0
356 1.4771212547196624
361 1.0
373 1.0
374 1.0
379 1.0
388 1.3010299956639813
393 1.3010299956639813
406 1.0
409 1.0
412 1.0
424 1.0
429 1.0
430 1.0
431 1.0
432 1.0
440 1.0
441 1.0
445 1.0
446 1.0
449 1.0
450 1.0
452 1.0
454 1.0
455 1.0
462 1.0
463 1.3010299956639813
466 1.0
468 1.3010299956639813
473 1.3010299956639813
474 1.3010299956639813
477 1.0
481 1.0
492 1.0
495 1.0
496 1.0
497 1.0
498 1.3010299956639813
506 1.7781512503836436
509 1.0
510 1.0
518 1.0
521 1.0
522 1.3010299956639813
523 1.0
540 1.4771212547196624
547 1.4771212547196624
550 1.0
551 1.0
552 1.0
557 1.0
565 1.0
567 1.3010299956639813
575 1.3010299956639813
581 1.0
602 1.0
603 1.0
608 1.4771212547196624
615 1.3010299956639813
621 1.0
622 1.0
624 1.4771212547196624
626 1.3010299956639813
643 1.0
645 1.3010299956639813
646 1.3010299956639813
651 1.0
658 1.0
662 1.0
663 1.0
664 1.3010299956639813
667 1.0
668 1.4771212547196624
679 1.0
683 1.0
684 1.0
687 1.3010299956639813
689 1.6989700043360187
690 1.0
692 1.0
693 1.3010299956639813
698 1.0
700 1.0
707 1.3010299956639813
716 1.0
725 1.0
739 1.0
742 1.0
749 1.4771212547196624
751 1.0
752 1.4771212547196624
754 1.0
756 1.3010299956639813
765 1.3010299956639813
771 1.0
773 1.0
779 1.0
782 1.0
787 1.3010299956639813
788 1.0
807 1.0
811 1.0
813 1.3010299956639813
814 1.0
815 1.6989700043360187
820 1.0
823 1.0
824 1.3010299956639813
825 1.3010299956639813
826 1.3010299956639813
838 1.0
839 1.3010299956639813
840 1.3010299956639813
845 1.0
851 1.0
859 1.0
864 1.0
867 1.0
868 1.0
869 1.0
870 1.3010299956639813
889 1.4771212547196624
890 1.4771212547196624
893 1.6020599913279625
895 1.3010299956639813
896 1.3010299956639813
901 1.3010299956639813
906 1.0
908 1.0
909 1.0
918 1.0
930 1.0
931 1.4771212547196624
932 1.0
941 1.3010299956639813
985 1.0
996 1.3010299956639813
1002 1.0
1013 1.0
1014 1.0
1027 1.0
1028 1.3010299956639813
1038 1.0
1046 1.4771212547196624
1048 1.0
1052 1.3010299956639813
1061 1.0
1065 1.0
1070 1.0
1071 1.0
1072 1.4771212547196624
1073 1.6989700043360187
1077 1.3010299956639813
1078 1.3010299956639813
1079 1.0
1082 1.0
1083 1.4771212547196624
1084 1.3010299956639813
1085 1.4771212547196624
1090 1.0
1091 1.0
1092 1.0
1102 1.3010299956639813
1104 1.4771212547196624
1109 1.3010299956639813
1113 1.0
1119 1.0
1121 1.4771212547196624
1123 1.3010299956639813
1124 1.0
1126 1.0
1129 1.3010299956639813
1130 1.3010299956639813
1141 1.0
1142 1.0
1149 1.0
1150 1.0
1161 1.3010299956639813
1180 1.0
1183 1.0
1198 1.0
1199 1.6020599913279625
1202 1.0
1208 1.0
1210 1.0
1212 1.3010299956639813
1213 1.0
1221 1.6020599913279625
1224 1.0
1225 1.0
1226 1.3010299956639813
1240 1.0
1243 1.0
1283 1.0
1288 1.0
1289 1.3010299956639813
1293 1.0
1295 1.0
1304 1.0
1317 1.0
1321 1.0
1322 1.0
1324 1.0
