12 1.0
37 1.0
90 1.0
115 1.0
116 1.0
177 1.0
220 1.0
223 1.7781512503836436
224 1.4771212547196624
238 1.4771212547196624
254 1.3010299956639813
277 1.3010299956639813
280 1.0
314 1.6020599913279625
328 1.0
329 1.6020599913279625
351 1.0
352 1.0
425 1.3010299956639813
433 1.3010299956639813
493 1.0
506 1.845098040014257
509 1.3010299956639813
632 1.4771212547196624
721 1.3010299956639813
758 1.0
790 1.0
878 1.3010299956639813
897 1.0
943 1.0
944 1.0
977 1.3010299956639813
1023 1.3010299956639813
1034 1.0
1162 1.3010299956639813
1174 1.0
1198 1.3010299956639813
1245 1.0
1298 1.0
1317 1.3010299956639813
