53 1.6020599913279625
58 1.0
77 1.0
126 1.0
139 1.0
142 1.0
149 1.0
162 1.0
179 1.0
193 1.0
253 1.0
265 1.7781512503836436
268 1.7781512503836436
269 1.0
275 1.3010299956639813
310 1.0
315 1.3010299956639813
337 1.6020599913279625
346 1.4771212547196624
354 1.6989700043360187
367 1.0
411 1.3010299956639813
450 1.3010299956639813
472 1.0
474 1.4771212547196624
496 1.0
498 1.6020599913279625
507 1.3010299956639813
508 1.3010299956639813
517 1.3010299956639813
535 1.0
557 1.0
558 1.0
561 1.0
604 1.3010299956639813
673 1.3010299956639813
678 1.0
689 1.3010299956639813
692 1.0
694 1.0
698 1.3010299956639813
715 1.0
717 1.0
729 1.0
771 1.4771212547196624
779 1.0
792 1.4771212547196624
794 1.0
824 1.0
825 1.0
850 1.4771212547196624
852 1.0
867 1.0
868 1.3010299956639813
869 1.3010299956639813
877 1.0
903 1.4771212547196624
914 1.0
927 1.3010299956639813
961 1.3010299956639813
964 1.0
1072 1.0
1085 1.0
1095 1.0
1109 1.0
1143 1.0
1144 1.0
1147 1.0
1148 1.0
1152 1.0
1190 1.0
1218 1.0
1258 1.3010299956639813
1260 1.4771212547196624
