3 1.0
5 1.6020599913279625
11 1.0
15 1.0
16 1.3010299956639813
18 1.3010299956639813
21 1.0
28 1.3010299956639813
32 1.0
39 1.0
41 1.0
45 1.3010299956639813
49 1.3010299956639813
50 1.845098040014257
51 1.0
54 1.4771212547196624
63 1.0
67 1.0
70 1.0
72 1.0
74 1.6020599913279625
75 1.6020599913279625
76 1.4771212547196624
77 1.0
80 1.0
81 1.0
82 1.3010299956639813
84 1.0
85 1.0
89 1.0
93 1.4771212547196624
96 1.0
99 1.0
101 1.0
104 1.0
107 1.0
111 1.0
113 1.4771212547196624
114 1.4771212547196624
116 1.0
118 1.0
121 1.9030899869919435
131 1.3010299956639813
136 1.0
139 1.7781512503836436
141 1.0
144 1.4771212547196624
145 1.0
148 1.0
150 1.0
151 1.0
157 1.0
162 1.0
163 1.0
170 1.3010299956639813
175 1.3010299956639813
179 1.4771212547196624
180 1.3010299956639813
185 1.3010299956639813
186 1.0
190 1.0
191 1.0
193 1.6989700043360187
196 1.0
198 1.0
200 1.0
201 1.0
202 1.6020599913279625
220 1.0
222 1.0
229 1.4771212547196624
230 1.0
235 1.0
237 1.0
242 1.0
245 1.0
246 1.0
247 1.3010299956639813
253 1.6989700043360187
254 1.0
256 1.0
259 1.0
262 1.4771212547196624
270 1.0
273 1.9030899869919435
280 1.3010299956639813
290 1.3010299956639813
293 1.4771212547196624
300 1.0
302 1.0
303 1.6020599913279625
305 1.7781512503836436
310 1.0
312 1.3010299956639813
313 1.0
314 1.0
317 1.0
318 1.3010299956639813
320 1.3010299956639813
321 1.3010299956639813
325 1.0
327 1.0
330 1.3010299956639813
334 1.0
337 1.6989700043360187
339 1.4771212547196624
341 1.3010299956639813
344 1.0
347 1.0
349 1.3010299956639813
353 1.3010299956639813
358 1.0
362 1.3010299956639813
364 1.6989700043360187
366 1.0
367 1.6020599913279625
371 1.4771212547196624
375 1.0
376 1.0
377 1.4771212547196624
378 1.0
380 1.0
384 1.0
386 1.0
388 1.0
391 1.0
395 1.6989700043360187
397 1.0
399 1.0
400 1.9030899869919435
408 1.0
410 1.4771212547196624
415 1.0
423 1.0
424 1.0
429 1.7781512503836436
433 1.6989700043360187
439 1.0
443 1.4771212547196624
471 1.0
473 1.0
482 1.3010299956639813
496 1.0
501 1.7781512503836436
503 1.3010299956639813
515 1.0
517 1.3010299956639813
518 1.6020599913279625
525 1.6020599913279625
534 1.0
537 1.0
540 1.9030899869919435
542 1.3010299956639813
550 1.0
554 1.0
556 1.4771212547196624
558 2.1760912590556813
559 1.0
562 1.0
563 1.0
566 1.4771212547196624
567 1.3010299956639813
568 1.4771212547196624
569 1.4771212547196624
576 1.3010299956639813
577 1.0
580 1.0
582 1.0
583 1.0
584 1.4771212547196624
585 1.4771212547196624
586 1.0
587 1.0
588 1.0
593 1.0
596 1.3010299956639813
597 1.6020599913279625
598 1.6020599913279625
599 1.3010299956639813
601 1.0
602 1.0
603 1.0
605 1.3010299956639813
606 1.3010299956639813
607 1.0
609 1.3010299956639813
611 1.0
613 1.3010299956639813
614 1.6989700043360187
615 1.0
616 1.3010299956639813
619 1.0
620 1.4771212547196624
624 1.0
625 1.6020599913279625
633 1.6989700043360187
635 1.3010299956639813
637 1.4771212547196624
640 2.230448921378274
641 1.6989700043360187
644 1.3010299956639813
650 1.3010299956639813
651 1.6020599913279625
656 1.6989700043360187
657 1.0
664 1.0
666 1.845098040014257
669 2.0413926851582254
670 1.9542425094393248
671 1.845098040014257
673 1.0
674 1.6020599913279625
675 1.6020599913279625
676 1.3010299956639813
677 1.3010299956639813
682 1.0
683 1.0
687 1.3010299956639813
688 1.4771212547196624
690 1.4771212547196624
691 1.845098040014257
694 1.3010299956639813
695 1.0
696 2.146128035678238
700 1.3010299956639813
701 1.3010299956639813
703 1.0
704 1.0
706 1.3010299956639813
708 1.3010299956639813
709 1.4771212547196624
710 1.0
712 1.3010299956639813
715 1.0
717 1.3010299956639813
721 1.3010299956639813
723 1.0
724 1.3010299956639813
727 1.0
731 2.079181246047625
737 1.0
742 1.0
749 1.3010299956639813
758 1.0
759 1.0
760 1.0
761 1.845098040014257
764 1.0
765 1.0
769 1.0
770 1.0
771 1.0
776 1.0
780 1.0
781 1.0
784 1.0
786 1.0
787 1.0
788 1.3010299956639813
790 1.4771212547196624
791 1.3010299956639813
792 1.0
793 1.0
794 1.0
796 1.0
797 1.4771212547196624
801 1.0
805 1.3010299956639813
807 1.6020599913279625
810 1.0
819 1.0
820 1.3010299956639813
821 1.0
823 1.0
824 2.146128035678238
825 2.146128035678238
827 1.0
836 1.0
837 1.0
838 1.0
839 1.6020599913279625
840 1.6020599913279625
843 1.0
844 1.3010299956639813
848 1.3010299956639813
850 1.6020599913279625
854 1.4771212547196624
856 1.0
861 1.0
863 1.0
864 1.3010299956639813
866 1.3010299956639813
867 1.4771212547196624
868 1.4771212547196624
869 1.4771212547196624
870 1.9030899869919435
871 1.3010299956639813
872 2.0
873 1.3010299956639813
874 1.3010299956639813
875 1.0
877 1.0
878 1.3010299956639813
881 1.4771212547196624
882 1.3010299956639813
883 1.3010299956639813
884 1.4771212547196624
887 1.3010299956639813
889 1.6989700043360187
890 1.6989700043360187
896 1.3010299956639813
898 1.4771212547196624
902 1.0
903 1.0
908 1.0
910 1.0
911 1.3010299956639813
912 1.0
913 1.0
917 1.4771212547196624
920 1.6020599913279625
924 1.0
925 1.4771212547196624
933 1.4771212547196624
941 1.3010299956639813
942 1.0
947 1.0
951 1.6989700043360187
954 1.0
955 1.3010299956639813
959 1.0
960 1.0
964 1.0
965 1.3010299956639813
967 1.3010299956639813
968 1.845098040014257
971 1.0
972 1.4771212547196624
976 1.0
978 1.0
982 1.6020599913279625
984 1.0
990 1.4771212547196624
994 1.0
1004 1.0
1007 1.0
1009 1.4771212547196624
1011 1.3010299956639813
1012 1.3010299956639813
1015 1.0
1016 1.845098040014257
1017 1.0
1020 1.4771212547196624
1022 2.113943352306837
1028 1.0
1029 1.0
1031 1.0
1033 1.3010299956639813
1034 1.0
1037 1.6989700043360187
1044 1.0
1047 1.6989700043360187
1049 1.0
1052 1.3010299956639813
1068 1.6020599913279625
1071 1.0
1072 1.9030899869919435
1078 1.3010299956639813
1080 1.3010299956639813
1083 1.0
1087 1.0
1092 1.0
1093 1.3010299956639813
1096 1.3010299956639813
1109 1.0
1110 1.0
1114 1.0
1115 1.3010299956639813
1116 1.3010299956639813
1117 2.204119982655925
1118 2.204119982655925
1119 1.0
1120 1.0
1122 1.0
1123 1.6989700043360187
1125 1.0
1127 1.3010299956639813
1128 1.3010299956639813
1129 1.6989700043360187
1130 1.6989700043360187
1137 1.3010299956639813
1138 1.3010299956639813
1139 1.3010299956639813
1140 1.845098040014257
1141 1.6020599913279625
1142 1.6020599913279625
1143 1.3010299956639813
1144 1.3010299956639813
1150 1.7781512503836436
1151 1.0
1152 1.0
1153 1.0
1155 1.7781512503836436
1157 1.0
1159 2.0
1161 1.6020599913279625
1162 1.0
1165 1.0
1171 1.0
1176 1.0
1177 1.0
1181 1.0
1182 1.3010299956639813
1183 1.0
1188 1.3010299956639813
1189 1.0
1190 1.9030899869919435
1191 1.4771212547196624
1193 1.4771212547196624
1194 1.3010299956639813
1195 1.0
1197 1.3010299956639813
1198 1.0
1206 1.0
1213 1.4771212547196624
1216 1.0
1219 1.3010299956639813
1227 1.0
1228 1.4771212547196624
1234 1.0
1235 1.0
1237 1.3010299956639813
1238 1.7781512503836436
1240 1.3010299956639813
1241 1.3010299956639813
1242 1.4771212547196624
1243 1.0
1246 1.3010299956639813
1258 1.0
1264 1.9030899869919435
1265 1.0
1266 1.0
1277 1.6020599913279625
1279 2.079181246047625
1282 1.0
1285 1.0
1294 1.3010299956639813
1299 1.0
1301 1.0
1302 1.0
1306 1.3010299956639813
1307 1.4771212547196624
1309 1.0
1313 1.0
1318 1.0
1322 1.0
