44 1.0
62 1.3010299956639813
81 2.0413926851582254
82 2.1760912590556813
86 1.0
139 1.3010299956639813
145 1.4771212547196624
229 1.0
261 1.0
283 1.0
285 1.0
288 1.6020599913279625
291 1.4771212547196624
294 1.0
315 2.146128035678238
317 1.6020599913279625
329 1.0
353 1.6020599913279625
354 1.6989700043360187
358 1.0
360 1.6020599913279625
364 1.3010299956639813
368 1.4771212547196624
375 1.0
378 1.0
417 1.0
465 1.0
481 1.3010299956639813
483 1.0
487 1.0
493 1.0
499 1.7781512503836436
523 1.0
550 1.0
551 1.0
565 1.3010299956639813
613 1.0
702 1.0
768 1.0
787 1.0
824 1.0
825 1.0
839 1.3010299956639813
840 1.3010299956639813
841 1.0
889 1.3010299956639813
890 1.3010299956639813
911 1.0
931 1.0
941 1.0
947 2.0413926851582254
950 1.0
954 2.230448921378274
963 1.0
965 1.3010299956639813
1021 1.4771212547196624
1032 1.0
1052 1.3010299956639813
1055 2.204119982655925
1078 1.0
1129 1.0
1130 1.0
1153 1.3010299956639813
