0 1.0
21 1.0
29 1.0
33 1.0
48 1.0
57 1.0
61 1.4771212547196624
83 1.0
104 1.3010299956639813
123 1.0
124 1.0
143 1.0
144 1.0
174 1.3010299956639813
177 1.0
200 1.3010299956639813
201 1.3010299956639813
214 1.0
220 1.0
222 1.0
247 1.0
265 1.0
268 1.0
272 1.0
273 1.0
276 1.0
290 1.0
305 1.0
307 1.3010299956639813
346 1.3010299956639813
393 1.0
434 1.0
453 1.0
454 1.0
457 1.0
468 1.0
474 1.3010299956639813
499 1.3010299956639813
518 1.0
520 1.0
532 1.0
543 1.3010299956639813
544 1.3010299956639813
545 1.0
550 1.0
552 1.0
555 1.0
565 1.0
567 1.3010299956639813
570 1.0
584 1.6989700043360187
585 1.6989700043360187
589 1.3010299956639813
613 1.3010299956639813
615 1.0
631 1.0
677 1.3010299956639813
681 1.0
682 1.0
742 1.0
749 1.0
761 1.0
781 1.0
782 1.0
788 1.0
794 1.0
797 1.0
845 1.4771212547196624
850 1.3010299956639813
851 1.0
889 1.3010299956639813
890 1.3010299956639813
893 1.0
896 1.3010299956639813
904 1.0
915 1.4771212547196624
929 1.4771212547196624
933 1.0
935 1.0
938 1.0
939 1.0
963 1.0
1006 1.0
1028 1.3010299956639813
1032 1.0
1036 1.0
1039 1.4771212547196624
1042 1.0
1053 1.0
1065 1.0
1092 1.3010299956639813
1104 1.0
1124 1.3010299956639813
1194 1.3010299956639813
1198 1.0
1204 1.0
1213 1.0
1226 1.0
1232 1.0
1245 1.0
1251 1.0
1263 1.3010299956639813
1285 1.0
1323 1.0
