1 1.0
3 1.6989700043360187
15 1.0
19 1.0
28 1.0
34 1.0
37 1.3010299956639813
48 1.845098040014257
79 1.4771212547196624
90 1.4771212547196624
91 1.0
115 1.0
118 1.6020599913279625
120 1.0
123 1.0
124 1.0
202 1.4771212547196624
208 1.0
209 1.6020599913279625
217 1.0
218 1.0
219 1.3010299956639813
222 1.9030899869919435
223 1.0
226 1.0
233 1.3010299956639813
244 1.0
248 1.0
249 1.0
260 1.4771212547196624
278 1.0
297 1.3010299956639813
302 1.0
387 1.3010299956639813
393 1.9030899869919435
394 1.6020599913279625
403 1.0
408 1.3010299956639813
409 1.9030899869919435
412 1.0
414 1.3010299956639813
421 1.0
426 1.0
428 1.4771212547196624
436 1.4771212547196624
437 1.0
440 1.0
446 1.6989700043360187
447 1.3010299956639813
451 1.3010299956639813
452 1.0
462 1.0
478 1.3010299956639813
480 1.4771212547196624
486 1.4771212547196624
493 1.9030899869919435
494 1.0
506 1.7781512503836436
510 1.3010299956639813
524 1.0
527 1.3010299956639813
538 1.6020599913279625
542 1.6020599913279625
550 1.0
551 1.0
552 1.4771212547196624
567 1.0
572 1.3010299956639813
575 1.3010299956639813
589 1.0
601 1.0
652 1.0
659 1.4771212547196624
679 1.0
681 1.3010299956639813
686 1.0
693 1.845098040014257
707 1.3010299956639813
710 1.0
713 1.6020599913279625
714 1.0
719 1.7781512503836436
720 1.845098040014257
754 1.6020599913279625
769 1.0
812 1.0
822 1.3010299956639813
885 1.0
893 1.0
1010 1.0
1013 1.0
1017 1.0
1073 1.0
1089 1.0
1162 1.0
1194 1.0
1245 1.3010299956639813
1259 1.6020599913279625
1263 1.6020599913279625
1267 1.0
1269 1.845098040014257
1281 1.0
1283 1.4771212547196624
1293 1.6020599913279625
1311 1.0
1316 1.3010299956639813
1317 1.6989700043360187
1321 1.4771212547196624
