21 1.0
79 1.3010299956639813
107 1.4771212547196624
144 1.0
161 1.4771212547196624
162 1.0
165 1.3010299956639813
175 1.0
189 1.0
237 1.0
239 1.3010299956639813
256 1.0
262 1.0
264 1.0
280 1.0
292 1.0
326 1.0
352 1.0
366 1.0
388 1.4771212547196624
396 1.0
397 1.0
401 1.0
407 1.3010299956639813
408 1.0
457 1.0
472 1.0
488 1.0
496 1.0
532 1.0
558 1.3010299956639813
571 1.0
576 1.0
625 1.6020599913279625
659 1.0
677 1.4771212547196624
689 1.3010299956639813
713 1.4771212547196624
771 1.0
798 1.0
806 1.0
853 1.0
865 1.4771212547196624
877 1.0
925 1.0
926 1.0
935 1.4771212547196624
939 1.0
948 1.0
957 1.0
964 1.0
982 1.0
984 1.0
987 1.0
993 1.0
1000 1.0
1001 1.3010299956639813
1036 1.0
1042 1.0
1050 1.0
1068 1.4771212547196624
1101 1.0
1131 1.0
1132 1.0
1147 1.0
1148 1.0
1185 1.3010299956639813
1240 1.0
1242 1.0
1264 1.0
1270 1.0
1285 1.3010299956639813
1304 1.0
1306 1.0
1307 1.0
