2 1.0
11 1.0
74 1.0
113 1.3010299956639813
114 1.3010299956639813
119 1.0
134 1.3010299956639813
176 1.0
261 1.0
302 1.0
374 1.0
401 1.3010299956639813
492 1.6020599913279625
550 2.342422680822206
602 1.0
603 1.0
624 1.9542425094393248
627 1.4771212547196624
642 1.0
644 1.3010299956639813
657 2.230448921378274
661 1.6989700043360187
662 1.7781512503836436
663 1.0
665 1.0
680 1.0
682 1.3010299956639813
708 1.3010299956639813
747 1.3010299956639813
754 1.9030899869919435
755 2.0
757 1.3010299956639813
758 2.079181246047625
762 1.4771212547196624
795 1.6020599913279625
813 1.4771212547196624
815 1.0
822 1.9030899869919435
845 1.0
851 1.0
861 1.4771212547196624
893 1.0
905 1.4771212547196624
906 1.7781512503836436
907 2.0
908 1.845098040014257
914 1.3010299956639813
922 1.0
929 1.0
967 1.3010299956639813
1002 1.0
1028 1.0
1043 1.0
1063 1.6020599913279625
1064 2.0413926851582254
1074 1.0
1075 1.0
1076 1.6020599913279625
1077 1.6020599913279625
1079 1.4771212547196624
1085 1.9030899869919435
1087 1.6989700043360187
1089 1.7781512503836436
1093 1.0
1107 1.0
1109 1.6020599913279625
1110 1.4771212547196624
1111 1.0
1112 1.0
1119 1.0
1122 1.3010299956639813
1124 1.3010299956639813
1125 1.0
1129 1.0
1130 1.0
1167 1.3010299956639813
1182 1.4771212547196624
1197 1.0
1199 1.4771212547196624
1203 1.845098040014257
1204 2.079181246047625
1207 1.6020599913279625
1212 1.0
1219 1.6020599913279625
1220 1.0
1221 1.6989700043360187
1222 2.1760912590556813
1225 1.6989700043360187
