2 1.4771212547196624
20 1.0
37 1.0
41 1.3010299956639813
67 1.845098040014257
70 1.0
89 1.4771212547196624
144 2.079181246047625
150 1.0
170 1.7781512503836436
171 1.0
243 1.0
252 1.0
287 1.0
319 1.0
333 1.4771212547196624
334 1.0
336 1.0
341 1.0
424 1.0
611 1.0
615 1.0
656 1.0
669 1.0
677 1.0
706 1.3010299956639813
721 1.0
723 1.0
832 1.3010299956639813
833 1.3010299956639813
883 1.6020599913279625
898 1.0
949 1.4771212547196624
968 1.0
974 1.0
1043 1.0
1064 1.0
1074 1.6020599913279625
1075 1.6020599913279625
1096 1.3010299956639813
1101 1.0
1109 1.0
1167 1.0
1170 1.0
1176 1.845098040014257
1177 1.3010299956639813
1181 1.0
1185 1.0
1187 1.0
1237 1.3010299956639813
1290 1.3010299956639813
1313 1.0
