20 1.9542425094393248
82 1.0
86 1.0
96 1.4771212547196624
133 1.845098040014257
149 2.146128035678238
150 1.4771212547196624
193 1.0
203 1.0
279 1.3010299956639813
288 1.0
317 1.0
337 1.3010299956639813
341 1.0
353 1.7781512503836436
360 1.7781512503836436
367 1.0
378 1.0
471 1.3010299956639813
659 1.0
727 1.0
739 2.079181246047625
765 1.0
770 1.0
864 2.0
866 1.0
876 1.0
885 1.9030899869919435
918 1.4771212547196624
1013 1.4771212547196624
1055 2.681241237375587
1072 1.0
1095 2.3222192947339195
1154 1.6020599913279625
1270 1.4771212547196624
1285 1.0
