0 1.0
1 1.0
3 1.0
7 1.0
19 1.0
21 1.0
22 1.0
27 1.0
28 1.0
31 1.0
32 1.0
34 1.6020599913279625
48 1.3010299956639813
50 1.6020599913279625
54 1.845098040014257
55 1.0
66 1.0
69 1.0
73 1.3010299956639813
74 1.3010299956639813
80 1.0
84 1.0
91 1.0
94 1.4771212547196624
96 1.0
98 1.0
102 1.0
106 1.0
107 1.3010299956639813
108 1.0
113 1.3010299956639813
114 1.3010299956639813
115 1.0
116 1.0
118 1.3010299956639813
120 1.0
123 1.3010299956639813
124 1.3010299956639813
126 1.0
129 1.0
135 1.3010299956639813
149 1.3010299956639813
152 1.0
156 1.0
157 1.0
163 1.3010299956639813
174 1.0
176 1.0
179 1.0
182 1.4771212547196624
208 1.0
209 1.4771212547196624
210 1.4771212547196624
211 1.0
213 1.3010299956639813
216 1.4771212547196624
217 1.0
219 1.3010299956639813
220 1.0
230 1.3010299956639813
235 1.6989700043360187
236 1.0
240 1.0
243 1.0
247 1.0
248 1.0
249 1.0
256 1.0
260 1.0
264 1.0
265 1.0
270 1.4771212547196624
271 1.3010299956639813
279 1.0
289 1.0
293 1.0
296 1.0
306 1.0
312 1.0
314 1.3010299956639813
316 1.0
319 1.6989700043360187
324 1.0
336 1.0
337 1.0
344 1.0
345 1.0
353 1.0
354 1.6989700043360187
359 1.0
361 1.0
374 1.0
376 1.0
382 1.0
383 1.0
388 1.0
390 1.0
392 1.3010299956639813
394 1.3010299956639813
398 1.0
403 1.0
408 1.3010299956639813
409 1.3010299956639813
412 1.0
417 1.0
424 1.4771212547196624
426 1.0
432 1.0
440 1.0
445 1.0
447 1.0
449 1.4771212547196624
451 1.0
452 1.0
455 1.6020599913279625
457 1.0
462 1.0
463 1.6989700043360187
466 1.0
469 1.0
472 1.0
473 1.0
481 1.0
486 1.3010299956639813
487 1.4771212547196624
493 1.0
494 1.0
499 1.3010299956639813
504 1.0
506 1.6989700043360187
509 1.0
518 1.0
521 1.0
527 1.0
535 1.0
537 1.0
538 1.4771212547196624
540 1.4771212547196624
541 1.3010299956639813
542 1.3010299956639813
546 1.4771212547196624
547 1.0
548 1.0
554 1.0
559 1.0
564 1.6020599913279625
566 1.0
567 1.0
570 1.0
582 1.0
583 1.0
586 1.3010299956639813
588 1.0
589 1.3010299956639813
599 1.3010299956639813
600 1.3010299956639813
601 1.0
610 1.0
611 1.0
615 1.3010299956639813
617 1.0
622 1.4771212547196624
624 1.0
629 1.0
631 1.0
640 1.0
643 1.4771212547196624
644 1.0
650 1.0
652 1.4771212547196624
668 1.6020599913279625
677 1.0
679 1.6020599913279625
683 1.0
685 1.0
687 1.0
688 1.0
689 1.0
690 1.0
692 1.3010299956639813
693 1.0
694 1.3010299956639813
696 1.0
701 1.0
706 1.0
708 1.3010299956639813
710 1.0
711 1.0
713 1.3010299956639813
721 1.0
723 1.0
724 1.3010299956639813
727 1.0
731 1.4771212547196624
739 1.0
741 1.0
742 1.0
746 1.0
749 1.0
750 1.4771212547196624
751 1.0
755 1.0
759 1.0
760 1.0
761 1.3010299956639813
769 1.6020599913279625
771 1.3010299956639813
773 1.0
782 1.0
790 1.4771212547196624
792 1.6020599913279625
802 1.0
803 1.0
804 1.0
814 1.0
821 1.3010299956639813
824 1.0
825 1.0
826 1.0
828 1.0
829 1.0
839 1.0
840 1.0
845 1.4771212547196624
848 1.0
851 1.0
857 1.4771212547196624
859 1.0
866 1.0
867 1.0
868 1.0
869 1.0
878 1.0
889 1.0
890 1.0
893 1.0
895 1.0
897 1.0
901 1.0
906 1.0
914 1.0
922 1.3010299956639813
923 1.0
936 1.6020599913279625
940 1.0
941 1.3010299956639813
950 1.3010299956639813
957 1.0
968 1.0
975 1.3010299956639813
979 1.0
981 1.0
993 1.0
996 1.0
1005 1.3010299956639813
1006 1.0
1007 1.3010299956639813
1020 1.0
1027 1.0
1028 1.3010299956639813
1033 1.0
1035 1.0
1037 1.3010299956639813
1039 1.0
1044 1.0
1047 1.3010299956639813
1060 1.0
1064 1.0
1065 1.0
1067 1.4771212547196624
1068 1.7781512503836436
1070 1.0
1071 1.4771212547196624
1072 1.0
1073 1.3010299956639813
1074 1.0
1075 1.0
1082 1.0
1085 1.6020599913279625
1089 1.0
1093 1.0
1098 1.3010299956639813
1104 1.0
1105 1.0
1106 1.0
1111 1.0
1112 1.0
1119 1.4771212547196624
1120 1.4771212547196624
1121 1.0
1122 1.0
1127 1.0
1128 1.0
1129 1.6020599913279625
1130 1.6020599913279625
1131 1.0
1132 1.0
1140 1.3010299956639813
1151 1.4771212547196624
1160 1.0
1161 1.0
1170 1.0
1173 1.3010299956639813
1177 1.3010299956639813
1189 1.4771212547196624
1192 1.6020599913279625
1194 1.0
1196 1.0
1197 1.0
1201 1.3010299956639813
1211 1.0
1213 1.0
1214 1.0
1220 1.0
1221 1.0
1227 1.0
1228 1.4771212547196624
1230 1.0
1231 1.6020599913279625
1234 1.3010299956639813
1235 1.6020599913279625
1241 1.4771212547196624
1252 1.0
1254 1.0
1257 1.0
1261 1.6989700043360187
1266 1.6989700043360187
1269 1.0
1272 1.0
1273 1.0
1277 2.079181246047625
1282 1.0
1285 1.3010299956639813
1286 1.0
1294 1.0
1296 1.0
1298 1.0
1306 1.0
1309 1.0
1312 1.0
1314 1.0
1323 1.0
1324 1.0
