1 1.0
3 1.4771212547196624
4 1.6020599913279625
5 2.079181246047625
14 1.4771212547196624
19 1.0
29 1.3010299956639813
37 1.4771212547196624
39 1.3010299956639813
41 1.4771212547196624
47 1.7781512503836436
48 1.4771212547196624
50 1.6989700043360187
64 1.4771212547196624
81 1.6020599913279625
82 1.6020599913279625
83 1.3010299956639813
86 1.6989700043360187
88 1.0
90 1.4771212547196624
91 1.7781512503836436
102 1.3010299956639813
118 1.6989700043360187
123 1.4771212547196624
124 1.4771212547196624
154 1.3010299956639813
160 1.6020599913279625
200 1.0
201 1.0
209 1.6989700043360187
211 1.6989700043360187
216 1.6020599913279625
217 1.3010299956639813
220 1.3010299956639813
222 1.845098040014257
223 1.3010299956639813
224 1.3010299956639813
228 1.0
232 1.3010299956639813
234 1.6989700043360187
242 1.0
244 1.3010299956639813
251 1.3010299956639813
259 1.6989700043360187
272 1.0
274 1.6989700043360187
289 1.0
305 1.845098040014257
314 1.0
329 1.3010299956639813
334 1.7781512503836436
337 1.3010299956639813
343 1.3010299956639813
344 1.845098040014257
350 1.0
364 2.1760912590556813
365 1.4771212547196624
378 1.7781512503836436
380 2.113943352306837
383 2.0
386 1.9542425094393248
393 1.0
394 1.3010299956639813
400 2.1760912590556813
409 1.6020599913279625
411 1.3010299956639813
412 1.4771212547196624
425 1.0
428 1.4771212547196624
432 1.3010299956639813
440 1.0
441 1.4771212547196624
444 1.6989700043360187
455 1.0
457 1.0
462 1.4771212547196624
473 1.6989700043360187
478 1.845098040014257
487 1.0
493 1.4771212547196624
506 1.845098040014257
552 1.4771212547196624
572 1.845098040014257
575 1.6020599913279625
581 1.4771212547196624
589 1.3010299956639813
601 1.4771212547196624
617 1.0
622 1.6989700043360187
631 1.4771212547196624
652 1.0
653 1.0
666 1.3010299956639813
679 1.0
681 1.6989700043360187
685 1.6020599913279625
686 1.4771212547196624
687 1.6020599913279625
693 1.6989700043360187
694 1.4771212547196624
695 1.3010299956639813
704 2.0413926851582254
708 1.0
710 1.6020599913279625
711 1.3010299956639813
717 1.9030899869919435
720 1.3010299956639813
731 1.4771212547196624
741 1.0
742 1.6020599913279625
782 1.4771212547196624
790 1.6989700043360187
801 1.0
806 1.4771212547196624
807 1.4771212547196624
813 1.0
817 1.0
818 1.0
836 1.4771212547196624
850 1.0
854 1.7781512503836436
861 1.6020599913279625
866 1.6020599913279625
870 1.0
871 1.4771212547196624
878 1.4771212547196624
881 1.4771212547196624
893 1.3010299956639813
897 1.3010299956639813
898 1.6020599913279625
912 1.3010299956639813
926 1.6989700043360187
929 1.4771212547196624
935 1.9030899869919435
939 2.1760912590556813
941 1.0
948 2.0413926851582254
952 1.3010299956639813
959 1.4771212547196624
960 1.3010299956639813
970 1.0
980 1.0
996 1.4771212547196624
1000 1.4771212547196624
1008 1.6989700043360187
1014 1.3010299956639813
1029 1.0
1040 1.3010299956639813
1046 1.4771212547196624
1054 1.9030899869919435
1065 1.4771212547196624
1068 1.0
1072 1.3010299956639813
1076 1.3010299956639813
1085 1.3010299956639813
1124 1.4771212547196624
1162 1.4771212547196624
1190 1.4771212547196624
1198 2.146128035678238
1205 1.0
1211 1.3010299956639813
1243 1.0
1246 1.0
1259 1.3010299956639813
1262 1.0
1263 1.0
1264 1.0
1266 2.113943352306837
1269 1.9542425094393248
1270 1.0
1277 2.113943352306837
1279 1.0
1281 1.4771212547196624
1282 1.6020599913279625
1293 1.4771212547196624
1317 1.3010299956639813
