17 1.0
51 1.6989700043360187
59 1.0
60 1.0
67 2.0
89 1.9030899869919435
100 1.9030899869919435
131 1.6989700043360187
138 1.0
144 1.6989700043360187
158 1.0
161 1.0
173 1.0
231 1.0
262 1.4771212547196624
287 2.079181246047625
298 1.0
309 1.0
315 1.0
333 1.3010299956639813
346 1.0
349 1.0
380 1.9030899869919435
395 1.6020599913279625
400 1.0
402 1.0
409 1.0
456 1.0
460 1.0
470 1.0
478 1.0
479 1.0
485 1.0
489 1.0
498 1.0
514 1.0
516 1.0
527 1.0
565 1.0
575 1.0
677 1.0
832 1.0
833 1.0
855 1.0
883 2.0413926851582254
896 1.3010299956639813
898 1.0
988 1.0
1013 1.0
1022 1.0
1034 1.4771212547196624
1101 1.6989700043360187
1160 1.3010299956639813
1185 1.0
1222 1.3010299956639813
1234 1.0
1255 1.0
1291 1.0
1303 1.0
