2 1.6989700043360187
3 1.3010299956639813
4 1.3010299956639813
5 1.3010299956639813
6 1.0
7 1.6020599913279625
9 1.0
11 1.0
13 1.4771212547196624
14 1.3010299956639813
17 1.4771212547196624
18 1.3010299956639813
20 1.3010299956639813
25 1.0
29 1.0
30 1.0
33 1.0
35 1.6020599913279625
37 1.3010299956639813
38 1.3010299956639813
39 1.0
41 1.0
43 1.0
44 1.3010299956639813
45 1.3010299956639813
46 1.0
47 1.6020599913279625
49 1.0
52 1.0
53 1.6989700043360187
55 1.0
58 1.3010299956639813
62 1.4771212547196624
63 1.0
65 1.3010299956639813
68 1.0
69 1.7781512503836436
70 1.4771212547196624
72 1.0
74 1.7781512503836436
75 1.0
77 1.6020599913279625
78 1.3010299956639813
80 1.3010299956639813
81 1.0
82 1.0
84 1.6989700043360187
90 1.3010299956639813
92 1.9030899869919435
94 1.3010299956639813
101 1.3010299956639813
103 1.0
104 1.3010299956639813
106 1.3010299956639813
108 1.6989700043360187
109 1.0
110 1.0
111 1.3010299956639813
113 1.3010299956639813
114 1.3010299956639813
115 1.6020599913279625
118 1.0
119 1.0
125 1.3010299956639813
126 1.0
127 1.3010299956639813
130 1.9542425094393248
132 1.3010299956639813
133 1.845098040014257
136 2.0
138 1.845098040014257
140 1.3010299956639813
142 1.0
143 1.3010299956639813
145 1.3010299956639813
148 1.3010299956639813
149 1.3010299956639813
154 1.0
157 1.3010299956639813
158 1.0
159 1.0
161 1.3010299956639813
162 1.0
167 1.3010299956639813
171 1.0
173 1.0
174 1.0
177 1.0
179 1.3010299956639813
180 1.3010299956639813
184 1.0
185 1.4771212547196624
189 1.6020599913279625
191 1.3010299956639813
192 1.6020599913279625
193 1.0
197 1.0
198 1.0
203 1.0
205 1.0
207 1.3010299956639813
211 1.3010299956639813
213 1.0
216 1.3010299956639813
219 1.0
221 1.0
222 1.0
226 1.0
230 1.3010299956639813
231 1.3010299956639813
232 1.0
234 1.3010299956639813
236 1.0
237 1.0
243 1.0
244 1.0
245 1.3010299956639813
248 1.0
249 1.3010299956639813
252 1.0
258 1.0
259 1.0
260 1.3010299956639813
262 1.4771212547196624
263 1.4771212547196624
264 1.0
267 1.0
269 1.0
270 1.6020599913279625
274 1.6020599913279625
276 1.6989700043360187
277 1.0
278 1.0
279 1.3010299956639813
281 1.0
282 1.0
284 1.3010299956639813
285 1.3010299956639813
290 1.845098040014257
293 1.0
296 1.4771212547196624
297 1.6020599913279625
298 1.6020599913279625
300 1.3010299956639813
303 1.0
304 1.6020599913279625
305 1.6989700043360187
306 1.0
309 1.6989700043360187
312 1.0
313 1.0
317 1.6989700043360187
319 1.0
322 1.0
323 1.4771212547196624
324 1.4771212547196624
326 1.0
327 2.0
328 1.0
329 1.0
330 1.6989700043360187
334 1.3010299956639813
336 1.4771212547196624
340 1.0
341 1.4771212547196624
344 1.4771212547196624
346 1.0
347 1.3010299956639813
348 1.0
349 1.4771212547196624
352 1.0
353 1.4771212547196624
354 1.3010299956639813
357 1.0
358 1.3010299956639813
359 1.0
360 1.845098040014257
362 1.7781512503836436
363 1.0
364 1.9542425094393248
365 1.0
367 1.0
374 1.0
375 1.3010299956639813
378 1.0
379 1.0
380 1.4771212547196624
381 1.3010299956639813
384 1.3010299956639813
386 1.0
387 1.0
388 1.3010299956639813
389 1.0
396 1.4771212547196624
398 1.3010299956639813
400 1.6989700043360187
401 1.3010299956639813
402 1.3010299956639813
405 1.6989700043360187
409 1.0
412 1.3010299956639813
413 1.0
418 1.4771212547196624
422 1.4771212547196624
423 1.0
428 1.0
430 1.3010299956639813
432 1.0
433 1.0
437 1.0
438 1.4771212547196624
439 1.0
443 1.0
444 1.4771212547196624
445 1.0
447 1.0
448 1.3010299956639813
450 1.6989700043360187
452 1.0
453 1.0
454 1.0
456 1.4771212547196624
459 1.4771212547196624
462 1.3010299956639813
463 1.0
469 1.0
471 1.0
474 1.3010299956639813
476 1.3010299956639813
478 1.3010299956639813
482 1.0
484 1.0
488 1.3010299956639813
489 1.0
493 1.0
497 1.6989700043360187
503 1.845098040014257
504 1.0
506 1.4771212547196624
509 1.0
513 1.4771212547196624
516 1.0
517 1.6989700043360187
518 1.3010299956639813
521 1.0
527 1.4771212547196624
528 1.0
530 1.0
531 1.3010299956639813
532 1.4771212547196624
534 1.3010299956639813
537 1.0
538 1.0
540 1.3010299956639813
542 1.6020599913279625
546 1.0
550 1.0
551 1.0
552 1.0
555 1.3010299956639813
567 1.0
571 1.0
572 1.4771212547196624
575 1.3010299956639813
581 1.0
584 1.0
585 1.0
586 1.845098040014257
589 1.0
596 1.7781512503836436
609 1.3010299956639813
611 1.0
614 1.3010299956639813
616 1.0
620 1.4771212547196624
622 1.4771212547196624
625 1.0
626 1.0
628 1.3010299956639813
631 1.0
632 1.0
633 1.0
635 1.6020599913279625
638 1.0
640 1.0
641 1.0
642 1.0
645 1.0
651 1.0
656 1.0
657 1.3010299956639813
658 1.3010299956639813
659 1.3010299956639813
660 1.3010299956639813
664 1.0
666 1.0
667 1.0
668 1.0
669 1.4771212547196624
671 1.0
676 1.3010299956639813
678 1.3010299956639813
680 1.4771212547196624
681 1.0
682 1.7781512503836436
685 1.0
687 1.3010299956639813
688 1.4771212547196624
689 1.3010299956639813
690 1.3010299956639813
693 1.0
694 1.0
695 1.0
696 1.0
697 1.0
698 1.4771212547196624
700 1.3010299956639813
703 1.0
704 1.845098040014257
705 1.4771212547196624
706 1.3010299956639813
711 1.0
714 1.0
715 1.3010299956639813
720 1.0
721 1.0
722 1.0
724 1.4771212547196624
727 1.0
730 1.4771212547196624
731 1.0
733 1.3010299956639813
739 1.6020599913279625
740 1.4771212547196624
742 1.3010299956639813
743 1.0
751 1.6989700043360187
758 1.0
760 1.0
762 1.0
764 1.3010299956639813
769 1.3010299956639813
770 1.0
771 1.845098040014257
778 1.0
780 1.0
781 1.0
784 1.0
786 1.0
787 1.0
789 1.4771212547196624
790 1.0
793 1.3010299956639813
794 1.0
802 1.3010299956639813
803 1.3010299956639813
809 1.0
814 1.3010299956639813
824 1.0
825 1.0
829 1.0
831 1.3010299956639813
836 1.0
839 1.0
840 1.0
841 1.0
843 1.0
847 1.3010299956639813
848 1.4771212547196624
849 1.3010299956639813
851 1.0
859 1.4771212547196624
861 1.3010299956639813
862 1.6020599913279625
865 1.6020599913279625
866 1.4771212547196624
867 1.0
868 1.0
869 1.0
872 1.3010299956639813
875 1.3010299956639813
877 1.0
879 1.0
885 1.3010299956639813
886 1.0
888 1.3010299956639813
889 1.3010299956639813
890 1.3010299956639813
892 1.0
894 1.3010299956639813
895 1.0
901 1.4771212547196624
903 1.3010299956639813
906 1.3010299956639813
908 1.0
910 1.4771212547196624
911 1.0
914 1.0
915 1.0
916 1.0
918 1.4771212547196624
925 1.4771212547196624
926 1.4771212547196624
930 1.0
932 1.0
933 1.0
939 1.0
940 1.3010299956639813
942 1.6020599913279625
943 1.3010299956639813
944 1.3010299956639813
945 1.0
948 1.3010299956639813
952 1.0
957 1.4771212547196624
958 1.0
959 1.3010299956639813
960 1.0
962 1.0
964 1.0
971 1.3010299956639813
976 1.0
977 1.3010299956639813
982 1.3010299956639813
984 1.0
985 1.0
987 1.0
989 1.4771212547196624
992 1.0
994 1.3010299956639813
997 1.4771212547196624
999 1.0
1000 1.3010299956639813
1002 1.3010299956639813
1008 1.4771212547196624
1013 1.0
1014 1.0
1016 1.0
1019 1.0
1021 1.0
1026 1.3010299956639813
1027 1.0
1028 1.0
1035 1.0
1038 1.0
1040 1.0
1041 1.3010299956639813
1046 1.0
1048 1.0
1049 1.0
1052 1.3010299956639813
1053 1.0
1054 1.7781512503836436
1055 2.414973347970818
1062 1.3010299956639813
1066 1.7781512503836436
1070 1.3010299956639813
1073 1.845098040014257
1074 1.6020599913279625
1075 1.6020599913279625
1076 1.0
1079 1.0
1081 1.3010299956639813
1087 1.0
1094 1.0
1095 1.0
1096 1.0
1097 1.6989700043360187
1098 1.3010299956639813
1099 1.0
1104 1.7781512503836436
1108 1.3010299956639813
1113 1.0
1114 1.6020599913279625
1115 1.0
1116 1.0
1117 1.0
1118 1.0
1126 1.0
1127 1.6989700043360187
1128 1.6989700043360187
1129 1.7781512503836436
1130 1.7781512503836436
1135 1.0
1136 1.0
1139 1.6989700043360187
1140 1.7781512503836436
1141 1.0
1142 1.0
1145 1.0
1146 1.0
1147 1.6020599913279625
1148 1.6020599913279625
1149 1.845098040014257
1150 1.9030899869919435
1151 1.7781512503836436
1152 1.4771212547196624
1154 1.4771212547196624
1156 1.9030899869919435
1160 1.3010299956639813
1162 1.3010299956639813
1163 1.0
1164 1.0
1165 1.845098040014257
1169 1.0
1173 1.3010299956639813
1176 1.7781512503836436
1177 1.4771212547196624
1179 1.4771212547196624
1181 1.4771212547196624
1182 1.6989700043360187
1183 1.0
1184 1.0
1189 1.0
1193 1.4771212547196624
1194 1.0
1197 1.0
1198 1.9542425094393248
1204 1.0
1209 1.0
1211 1.0
1213 1.0
1214 1.4771212547196624
1217 1.0
1219 1.0
1221 1.3010299956639813
1222 1.0
1225 1.0
1226 1.6020599913279625
1227 1.4771212547196624
1228 1.9542425094393248
1231 1.4771212547196624
1234 1.4771212547196624
1235 1.7781512503836436
1236 1.0
1238 1.0
1239 1.3010299956639813
1241 1.845098040014257
1242 1.7781512503836436
1245 1.0
1249 1.4771212547196624
1257 1.0
1265 1.9030899869919435
1266 2.079181246047625
1267 1.0
1268 1.3010299956639813
1269 1.0
1272 1.0
1275 1.4771212547196624
1276 1.7781512503836436
1277 2.0413926851582254
1281 1.3010299956639813
1282 1.3010299956639813
1288 1.0
1289 1.4771212547196624
1290 1.3010299956639813
1291 1.0
1293 1.0
1294 1.0
1297 1.0
1298 1.0
1300 1.7781512503836436
1301 1.0
1302 1.3010299956639813
1303 1.0
1304 1.0
1309 1.0
1312 1.0
1313 1.0
1316 1.6020599913279625
1318 1.6989700043360187
1319 1.0
1320 1.0
