2 1.4771212547196624
5 1.9030899869919435
6 1.0
11 1.0
12 1.3010299956639813
17 1.3010299956639813
21 1.4771212547196624
23 1.4771212547196624
27 1.0
32 1.0
34 1.0
36 1.0
41 1.0
43 1.0
44 1.0
47 1.0
54 1.3010299956639813
56 1.0
58 1.6020599913279625
64 1.3010299956639813
65 1.0
69 1.3010299956639813
74 1.3010299956639813
75 1.0
77 1.3010299956639813
81 1.3010299956639813
82 1.3010299956639813
83 1.0
86 1.0
94 1.0
97 1.0
100 1.4771212547196624
103 1.4771212547196624
104 1.0
107 1.3010299956639813
108 1.0
109 1.0
111 1.0
117 1.0
118 1.0
120 1.0
127 1.3010299956639813
128 1.0
131 1.0
132 1.0
139 1.3010299956639813
142 1.0
143 1.0
146 1.0
147 1.0
149 1.0
152 1.3010299956639813
157 1.6020599913279625
162 1.0
176 1.0
188 1.0
189 1.3010299956639813
190 1.3010299956639813
192 1.6020599913279625
193 2.204119982655925
195 1.0
197 1.0
207 1.4771212547196624
209 1.4771212547196624
211 1.0
213 1.3010299956639813
216 1.0
220 1.0
221 1.3010299956639813
222 1.4771212547196624
224 1.0
229 1.845098040014257
230 1.0
234 1.0
236 1.3010299956639813
240 1.0
245 1.845098040014257
248 1.3010299956639813
249 1.4771212547196624
251 1.0
254 1.3010299956639813
255 1.4771212547196624
257 1.0
259 1.4771212547196624
260 1.4771212547196624
263 1.3010299956639813
264 1.0
265 1.9542425094393248
267 1.0
268 1.3010299956639813
270 1.0
276 1.0
278 1.7781512503836436
281 1.6020599913279625
283 1.0
288 1.0
299 1.0
302 1.0
305 1.0
315 1.0
318 1.6020599913279625
319 1.0
320 1.0
322 1.0
323 1.9542425094393248
327 2.255272505103306
332 1.0
333 1.0
334 1.4771212547196624
337 1.0
341 1.0
344 1.4771212547196624
346 1.3010299956639813
349 1.4771212547196624
351 1.0
361 1.0
362 1.7781512503836436
364 1.6020599913279625
370 1.0
371 1.0
378 1.3010299956639813
380 1.0
381 1.3010299956639813
383 1.0
384 1.6989700043360187
386 1.6020599913279625
388 1.3010299956639813
397 1.0
399 1.0
400 1.845098040014257
408 1.0
409 1.0
422 1.4771212547196624
423 1.4771212547196624
424 1.3010299956639813
430 1.4771212547196624
441 1.3010299956639813
442 1.0
444 1.0
452 1.0
454 1.0
463 1.0
466 1.0
473 1.0
474 1.3010299956639813
488 1.0
492 1.0
494 1.0
497 1.0
499 1.3010299956639813
503 1.3010299956639813
507 1.4771212547196624
508 1.0
516 1.0
518 1.6989700043360187
520 1.0
522 1.3010299956639813
524 1.0
527 1.0
532 1.0
534 1.3010299956639813
536 1.0
537 1.0
538 1.3010299956639813
542 1.3010299956639813
549 1.0
552 1.0
558 1.3010299956639813
565 1.0
568 1.0
569 1.0
581 1.0
586 1.3010299956639813
593 1.0
615 1.3010299956639813
616 1.0
622 1.0
625 1.0
633 1.3010299956639813
636 1.0
640 1.845098040014257
645 1.0
647 1.3010299956639813
656 1.3010299956639813
669 1.0
670 1.0
671 1.0
676 1.3010299956639813
677 1.3010299956639813
680 1.4771212547196624
682 1.3010299956639813
683 1.0
684 1.0
685 1.0
686 1.0
687 1.0
688 1.3010299956639813
689 1.0
693 1.0
694 1.0
696 1.3010299956639813
700 1.6020599913279625
701 1.3010299956639813
703 1.3010299956639813
704 1.4771212547196624
706 1.3010299956639813
707 1.0
710 1.0
715 1.0
717 1.845098040014257
723 1.0
731 1.0
732 1.3010299956639813
733 1.6989700043360187
735 1.3010299956639813
740 1.0
752 1.0
760 1.3010299956639813
763 1.3010299956639813
768 1.0
779 1.7781512503836436
782 1.3010299956639813
783 1.0
786 1.6020599913279625
787 1.0
788 1.0
790 1.4771212547196624
791 1.0
802 1.0
803 1.0
814 1.0
824 1.0
825 1.0
832 1.3010299956639813
833 1.3010299956639813
841 1.0
842 1.0
843 1.0
849 1.3010299956639813
853 1.3010299956639813
856 1.3010299956639813
858 1.6989700043360187
860 1.0
862 1.4771212547196624
867 1.4771212547196624
868 1.3010299956639813
869 1.3010299956639813
871 1.3010299956639813
872 1.4771212547196624
879 1.0
881 1.0
883 1.3010299956639813
889 1.3010299956639813
890 1.3010299956639813
895 1.0
897 1.0
898 1.3010299956639813
901 1.845098040014257
906 1.0
907 1.3010299956639813
933 1.0
939 1.6989700043360187
942 1.0
948 1.3010299956639813
950 1.3010299956639813
963 1.3010299956639813
969 1.0
978 1.0
979 1.0
981 1.3010299956639813
982 1.0
988 1.0
993 1.0
1001 1.0
1002 1.6989700043360187
1004 1.4771212547196624
1005 1.6989700043360187
1006 1.4771212547196624
1007 1.3010299956639813
1008 1.0
1010 1.0
1011 1.0
1012 1.0
1016 1.6020599913279625
1020 1.6989700043360187
1021 1.0
1027 1.845098040014257
1028 1.0
1044 1.3010299956639813
1048 1.3010299956639813
1053 1.0
1054 1.0
1064 1.0
1066 1.3010299956639813
1072 1.0
1080 1.0
1085 1.0
1087 1.0
1092 1.0
1095 1.6020599913279625
1100 1.0
1114 1.6989700043360187
1126 1.0
1127 1.0
1128 1.0
1129 1.6989700043360187
1130 1.6989700043360187
1139 1.3010299956639813
1140 1.7781512503836436
1145 1.3010299956639813
1146 1.3010299956639813
1147 1.4771212547196624
1148 1.4771212547196624
1150 1.6020599913279625
1155 1.0
1159 2.0
1160 1.6020599913279625
1163 1.0
1165 1.0
1172 1.0
1176 1.6020599913279625
1179 1.3010299956639813
1180 1.3010299956639813
1193 1.6989700043360187
1198 1.6020599913279625
1228 1.0
1234 1.3010299956639813
1236 2.113943352306837
1244 1.6989700043360187
1255 1.0
1257 1.0
1258 1.0
1265 1.3010299956639813
1269 1.4771212547196624
1271 1.0
1274 1.0
1277 1.0
1278 1.0
1282 1.0
1285 1.3010299956639813
1289 1.3010299956639813
1294 1.3010299956639813
1298 1.845098040014257
1302 1.0
1308 1.0
1318 1.0
1319 1.0
1322 1.3010299956639813
