0 1.0
4 1.0
5 1.3010299956639813
6 1.3010299956639813
11 1.3010299956639813
13 1.4771212547196624
15 1.4771212547196624
33 1.0
34 1.0
35 1.0
43 1.0
45 1.6989700043360187
47 1.0
58 1.0
59 1.0
60 1.0
63 1.0
71 1.0
81 1.0
86 1.3010299956639813
93 1.0
94 1.4771212547196624
112 1.3010299956639813
121 1.0
127 1.0
128 1.0
139 1.0
145 1.0
146 1.3010299956639813
148 2.0413926851582254
152 1.3010299956639813
153 1.0
156 1.0
177 1.0
179 1.0
188 1.6989700043360187
189 1.0
192 1.0
200 1.4771212547196624
201 1.4771212547196624
219 1.0
223 1.0
245 1.0
254 1.4771212547196624
256 1.3010299956639813
270 1.0
276 1.0
277 1.0
279 1.0
284 1.0
288 1.3010299956639813
304 1.6989700043360187
309 1.3010299956639813
311 1.0
316 1.0
319 1.6020599913279625
321 1.0
322 1.0
324 1.0
326 1.0
334 1.3010299956639813
337 1.0
344 1.3010299956639813
363 1.3010299956639813
379 1.4771212547196624
380 1.0
397 1.0
400 1.0
405 1.0
413 1.0
415 1.0
433 1.0
442 1.3010299956639813
443 1.0
444 1.0
445 1.0
453 1.0
468 1.4771212547196624
474 1.4771212547196624
477 1.0
479 1.6989700043360187
484 1.0
487 1.0
497 1.0
498 1.4771212547196624
501 1.0
503 1.0
508 1.0
511 1.0
522 1.0
537 1.0
541 1.3010299956639813
547 1.0
584 1.0
585 1.0
586 1.0
592 1.3010299956639813
608 1.0
622 1.0
640 1.0
651 1.0
656 1.0
682 1.4771212547196624
685 1.0
688 1.0
689 1.0
692 1.0
694 1.3010299956639813
698 1.0
703 1.0
704 1.0
705 1.0
723 1.0
740 1.3010299956639813
764 1.0
771 1.3010299956639813
794 1.0
802 1.0
803 1.0
804 1.0
838 1.0
853 1.0
872 1.3010299956639813
874 1.0
875 1.0
880 1.0
893 1.0
895 1.0
901 1.0
915 1.0
926 1.3010299956639813
929 1.0
935 1.0
941 1.0
942 1.6989700043360187
955 1.0
964 1.0
1027 1.0
1046 1.0
1050 1.3010299956639813
1051 1.0
1055 1.3010299956639813
1062 1.0
1083 1.3010299956639813
1095 1.0
1097 1.0
1099 1.0
1104 1.0
1109 1.0
1127 1.0
1128 1.0
1129 1.3010299956639813
1130 1.3010299956639813
1153 1.0
1158 1.0
1159 1.0
1162 1.0
1167 1.3010299956639813
1168 1.3010299956639813
1170 1.0
1172 1.0
1176 1.3010299956639813
1180 1.3010299956639813
1181 1.0
1184 1.6020599913279625
1197 1.0
1198 1.0
1233 1.0
1250 1.0
1257 1.0
1262 1.0
1265 1.0
1285 1.0
1304 1.0
1305 1.0
1322 1.0
1324 1.0
