2 1.6020599913279625
5 1.4771212547196624
7 1.0
11 1.0
12 1.0
15 1.0
20 1.3010299956639813
23 1.3010299956639813
35 1.0
43 1.3010299956639813
47 1.0
48 1.0
56 1.0
57 1.3010299956639813
61 1.0
62 1.0
63 1.0
70 1.3010299956639813
113 1.4771212547196624
114 1.4771212547196624
116 1.0
117 1.3010299956639813
128 1.0
130 1.0
145 1.0
183 1.0
189 1.845098040014257
190 1.0
216 1.0
223 1.0
231 1.0
234 1.0
243 1.3010299956639813
244 1.0
259 1.4771212547196624
277 1.0
281 1.0
286 1.3010299956639813
288 1.3010299956639813
294 1.4771212547196624
298 1.0
304 1.0
311 1.6020599913279625
312 1.0
313 1.3010299956639813
317 1.3010299956639813
322 1.3010299956639813
325 1.0
334 1.0
337 1.0
339 1.0
343 1.3010299956639813
344 1.845098040014257
346 1.3010299956639813
353 1.0
355 1.0
357 1.0
361 1.4771212547196624
364 1.3010299956639813
371 1.6989700043360187
378 1.4771212547196624
379 1.3010299956639813
395 1.0
397 1.0
407 1.7781512503836436
410 1.0
413 1.0
423 1.0
430 1.0
432 1.0
437 1.4771212547196624
440 1.0
444 1.0
452 1.0
474 1.4771212547196624
479 1.0
485 1.0
487 1.0
497 1.3010299956639813
501 1.0
524 1.0
530 1.4771212547196624
534 1.0
545 1.3010299956639813
560 1.3010299956639813
580 1.3010299956639813
587 1.0
611 1.0
622 1.3010299956639813
625 1.0
630 1.0
656 1.0
664 1.0
683 1.0
684 1.3010299956639813
687 1.0
696 1.0
706 1.0
716 1.0
718 1.0
729 1.4771212547196624
730 1.6020599913279625
732 1.0
770 1.0
771 1.0
802 1.3010299956639813
803 1.3010299956639813
812 1.0
821 1.0
830 1.0
855 1.3010299956639813
861 1.0
866 1.0
868 1.0
869 1.0
872 1.4771212547196624
893 1.0
901 1.3010299956639813
923 1.0
926 1.3010299956639813
927 1.0
928 1.3010299956639813
941 1.0
942 1.7781512503836436
957 1.0
969 1.3010299956639813
976 1.0
977 1.0
978 1.3010299956639813
991 1.0
1000 1.0
1023 1.3010299956639813
1026 1.0
1038 1.0
1041 1.0
1074 1.0
1075 1.0
1080 1.0
1086 1.0
1089 1.0
1095 1.0
1096 1.3010299956639813
1109 1.0
1129 1.6020599913279625
1130 1.6020599913279625
1143 1.4771212547196624
1144 1.4771212547196624
1159 1.0
1162 1.3010299956639813
1167 1.3010299956639813
1168 1.0
1170 1.0
1172 1.0
1174 1.0
1176 1.0
1178 1.0
1180 1.0
1181 1.3010299956639813
1182 1.0
1183 1.4771212547196624
1193 1.0
1196 1.0
1198 1.0
1199 1.0
1200 1.0
1204 1.3010299956639813
1226 1.3010299956639813
1236 1.4771212547196624
1258 1.0
1259 1.3010299956639813
1278 1.0
1282 1.0
1294 1.3010299956639813
1298 1.0
1304 1.0
1322 1.6020599913279625
