1 1.3010299956639813
28 1.0
31 1.3010299956639813
51 1.0
73 1.0
96 1.0
100 1.0
123 1.0
124 1.0
137 1.4771212547196624
151 1.0
208 1.845098040014257
273 1.0
274 1.3010299956639813
284 2.5563025007672873
289 1.4771212547196624
302 1.3010299956639813
314 1.0
315 1.0
323 1.3010299956639813
340 1.3010299956639813
364 1.3010299956639813
371 1.0
372 1.0
375 1.3010299956639813
391 1.0
399 1.3010299956639813
400 1.0
402 1.0
406 1.0
420 1.3010299956639813
433 1.0
473 1.0
499 1.0
513 1.0
550 1.4771212547196624
567 1.845098040014257
575 1.3010299956639813
589 1.0
614 1.0
633 1.0
656 1.0
657 1.0
659 1.3010299956639813
677 1.0
689 1.0
694 1.0
758 1.0
765 1.4771212547196624
769 1.0
770 1.7781512503836436
771 1.3010299956639813
789 1.0
812 1.0
845 1.3010299956639813
848 1.0
854 1.3010299956639813
872 1.4771212547196624
875 1.0
893 1.0
895 1.0
906 1.0
911 1.0
924 1.0
929 2.0413926851582254
933 1.0
942 1.0
943 1.0
944 1.0
960 1.4771212547196624
963 1.4771212547196624
969 1.3010299956639813
992 1.3010299956639813
1000 1.3010299956639813
1017 1.0
1027 1.0
1028 1.845098040014257
1038 1.0
1040 1.0
1043 1.0
1065 1.4771212547196624
1071 1.0
1086 1.6020599913279625
1182 1.0
1221 1.0
1222 1.4771212547196624
1241 1.0
1285 1.0
1311 1.0
1313 1.0
