0 1.0
3 1.6020599913279625
5 1.4771212547196624
14 1.4771212547196624
15 1.3010299956639813
16 1.0
21 1.0
23 1.0
29 1.0
31 1.0
34 1.3010299956639813
37 1.3010299956639813
45 1.4771212547196624
47 1.4771212547196624
48 1.0
56 1.6989700043360187
58 1.3010299956639813
64 1.6020599913279625
67 1.0
84 1.6020599913279625
87 1.0
90 2.0
91 1.3010299956639813
92 1.3010299956639813
93 1.0
95 1.3010299956639813
98 1.0
102 1.6020599913279625
115 1.4771212547196624
116 1.4771212547196624
118 1.0
123 1.0
124 1.0
130 1.0
133 1.0
136 1.6989700043360187
138 1.0
139 1.4771212547196624
142 1.0
145 1.0
149 1.3010299956639813
154 1.0
157 1.3010299956639813
161 1.3010299956639813
176 1.3010299956639813
179 1.3010299956639813
180 1.0
181 1.0
182 1.0
189 1.3010299956639813
193 1.6989700043360187
194 1.3010299956639813
207 1.4771212547196624
208 1.0
209 1.0
211 1.0
217 1.845098040014257
218 1.3010299956639813
219 1.0
220 1.6020599913279625
222 1.3010299956639813
225 1.0
231 1.0
232 1.0
247 1.0
251 1.0
256 1.4771212547196624
261 1.3010299956639813
263 1.0
265 1.0
266 1.0
268 1.3010299956639813
272 1.0
273 1.3010299956639813
274 1.7781512503836436
275 1.4771212547196624
277 1.6020599913279625
286 1.0
289 1.0
291 1.0
295 1.0
296 1.0
300 1.0
302 1.3010299956639813
303 1.0
304 1.3010299956639813
311 1.0
320 1.0
322 1.4771212547196624
323 2.146128035678238
326 1.3010299956639813
329 1.0
330 1.4771212547196624
332 1.0
333 1.6989700043360187
337 1.3010299956639813
344 1.0
346 1.6020599913279625
348 1.0
349 1.0
351 1.0
354 1.4771212547196624
362 1.0
364 1.9542425094393248
367 1.3010299956639813
368 1.0
373 1.0
386 1.3010299956639813
388 1.0
390 1.0
394 1.6020599913279625
395 1.0
400 1.4771212547196624
401 1.0
402 1.0
408 1.3010299956639813
409 1.4771212547196624
410 1.0
412 1.0
417 1.3010299956639813
425 1.6020599913279625
428 1.0
429 1.0
435 1.0
436 1.4771212547196624
444 1.0
445 1.6020599913279625
450 1.3010299956639813
454 1.3010299956639813
455 1.0
463 1.6020599913279625
473 1.3010299956639813
476 1.4771212547196624
480 1.3010299956639813
481 1.0
482 1.0
487 1.3010299956639813
493 1.6020599913279625
496 1.7781512503836436
500 1.0
501 1.6020599913279625
506 1.9030899869919435
508 1.0
517 1.3010299956639813
520 1.0
521 1.0
540 1.4771212547196624
541 1.4771212547196624
550 1.6020599913279625
554 1.0
555 1.3010299956639813
558 1.0
561 1.3010299956639813
566 1.7781512503836436
567 1.6020599913279625
572 1.6020599913279625
575 1.0
579 1.0
580 1.0
586 1.0
592 1.6020599913279625
594 1.6020599913279625
595 1.0
596 1.3010299956639813
601 1.4771212547196624
613 1.4771212547196624
614 1.0
615 1.0
618 1.3010299956639813
619 1.6020599913279625
620 1.3010299956639813
624 1.0
630 1.9542425094393248
632 1.0
633 1.0
635 1.0
637 1.3010299956639813
656 1.0
660 1.0
664 1.3010299956639813
666 1.3010299956639813
670 1.0
672 1.0
676 1.4771212547196624
677 1.3010299956639813
681 1.3010299956639813
682 1.7781512503836436
684 1.3010299956639813
686 1.0
687 1.7781512503836436
690 1.0
692 1.6989700043360187
693 1.6020599913279625
696 1.4771212547196624
697 1.0
701 1.3010299956639813
703 1.4771212547196624
708 1.3010299956639813
710 1.3010299956639813
713 1.0
715 1.3010299956639813
720 1.0
729 1.3010299956639813
752 1.0
760 1.0
761 1.845098040014257
768 1.4771212547196624
769 1.3010299956639813
771 1.4771212547196624
772 1.4771212547196624
773 1.0
783 1.3010299956639813
784 1.3010299956639813
786 1.0
787 1.0
788 1.3010299956639813
789 1.0
790 1.3010299956639813
792 1.6020599913279625
794 1.4771212547196624
795 1.0
797 1.0
800 1.0
806 1.0
812 1.4771212547196624
814 1.3010299956639813
824 1.0
825 1.0
826 1.0
828 1.0
831 1.0
836 1.0
837 1.7781512503836436
838 1.0
839 1.0
840 1.0
841 1.4771212547196624
842 1.6989700043360187
843 1.7781512503836436
844 1.0
845 1.0
849 1.0
850 1.6020599913279625
852 1.3010299956639813
854 1.0
859 1.3010299956639813
865 1.3010299956639813
867 1.0
872 1.3010299956639813
892 1.0
893 1.0
895 1.0
900 1.0
901 1.0
903 1.0
904 1.3010299956639813
910 1.0
914 1.0
916 1.0
920 1.0
923 1.0
925 1.3010299956639813
926 1.6020599913279625
927 1.3010299956639813
929 2.0413926851582254
932 1.0
935 1.4771212547196624
939 1.9542425094393248
941 1.3010299956639813
943 1.3010299956639813
944 1.3010299956639813
947 1.6989700043360187
948 1.6989700043360187
955 1.0
960 1.0
964 1.0
965 1.6989700043360187
966 1.0
967 1.0
968 1.6020599913279625
970 1.0
974 1.0
976 1.0
978 1.0
979 1.3010299956639813
983 1.0
986 1.0
989 1.7781512503836436
996 1.4771212547196624
999 1.0
1001 1.7781512503836436
1002 1.4771212547196624
1003 1.3010299956639813
1007 1.0
1008 1.0
1018 1.0
1019 1.0
1022 1.0
1037 1.4771212547196624
1048 1.6020599913279625
1051 1.3010299956639813
1052 1.0
1061 1.4771212547196624
1065 1.3010299956639813
1068 1.6020599913279625
1073 1.0
1083 1.0
1088 1.0
1093 1.6989700043360187
1098 1.0
1099 1.0
1105 1.0
1106 1.0
1108 1.0
1120 1.3010299956639813
1126 1.0
1129 1.0
1130 1.0
1131 1.0
1132 1.0
1155 1.6020599913279625
1158 1.0
1159 1.0
1161 1.3010299956639813
1162 1.0
1163 1.0
1180 1.0
1189 1.0
1194 1.0
1195 1.0
1202 1.0
1218 1.3010299956639813
1226 1.0
1231 1.0
1233 1.0
1234 1.0
1237 1.3010299956639813
1242 1.4771212547196624
1245 1.0
1259 1.0
1261 1.0
1267 1.0
1268 1.0
1269 1.4771212547196624
1270 1.3010299956639813
1276 1.0
1277 1.3010299956639813
1286 1.0
1289 1.3010299956639813
1299 1.0
1308 1.0
1309 1.0
1316 1.0
1318 1.4771212547196624
