42 1.0
54 1.0
65 1.0
80 1.0
100 1.0
101 1.0
103 1.0
104 1.0
110 1.0
128 1.0
149 1.0
176 1.0
191 1.0
236 1.0
237 1.0
239 1.0
244 1.0
245 1.0
265 1.0
274 1.0
276 1.0
322 1.0
332 1.0
333 1.3010299956639813
335 1.0
373 1.0
388 1.0
391 1.0
420 1.0
421 1.0
423 1.0
425 1.0
427 1.0
429 1.0
453 1.0
459 1.3010299956639813
498 1.0
517 1.3010299956639813
541 1.0
545 1.0
547 1.0
555 1.9542425094393248
557 1.4771212547196624
565 1.0
567 1.0
575 1.0
586 1.0
613 1.0
639 1.0
643 1.0
644 1.0
645 1.0
647 1.0
654 1.3010299956639813
656 1.0
662 1.0
669 1.3010299956639813
678 1.0
690 1.0
695 1.3010299956639813
716 1.0
723 1.0
743 1.0
749 1.0
752 1.0
761 1.0
765 1.0
771 1.0
772 1.3010299956639813
801 1.0
838 1.3010299956639813
850 1.4771212547196624
885 1.0
887 1.0
897 1.3010299956639813
898 1.6020599913279625
901 1.0
906 1.0
908 1.0
914 1.0
926 1.0
928 1.0
929 1.0
933 1.0
954 1.0
989 1.0
1000 1.0
1002 1.0
1008 1.4771212547196624
1026 1.3010299956639813
1028 1.0
1039 1.0
1042 1.0
1044 1.0
1065 1.0
1072 1.0
1129 1.4771212547196624
1130 1.4771212547196624
1137 1.0
1138 1.0
1162 1.0
1177 1.0
1191 1.0
1200 1.3010299956639813
1206 1.0
1222 1.7781512503836436
1238 1.6989700043360187
1251 1.6020599913279625
1256 1.3010299956639813
1261 1.0
1268 1.0
1270 1.0
1275 1.6989700043360187
1281 1.3010299956639813
1288 1.0
1289 1.3010299956639813
1292 1.0
1294 1.4771212547196624
1301 1.0
1304 1.0
1309 1.9542425094393248
1311 1.3010299956639813
1317 1.0
1318 2.146128035678238
