1 1.0
54 1.0
71 1.0
86 1.0
88 1.3010299956639813
103 1.0
107 1.4771212547196624
110 1.3010299956639813
111 1.6989700043360187
135 1.6020599913279625
140 1.0
145 1.3010299956639813
157 1.6020599913279625
207 1.3010299956639813
208 1.0
230 1.4771212547196624
250 1.3010299956639813
252 1.0
264 1.3010299956639813
289 1.0
296 1.0
310 1.3010299956639813
312 1.0
319 1.0
331 1.3010299956639813
332 1.3010299956639813
361 1.3010299956639813
364 1.0
366 1.0
367 1.4771212547196624
398 1.3010299956639813
400 1.0
411 1.4771212547196624
424 1.3010299956639813
449 1.0
459 1.3010299956639813
460 1.0
465 1.3010299956639813
467 1.3010299956639813
483 1.0
506 1.0
514 1.3010299956639813
537 1.0
541 1.0
554 1.0
558 1.0
566 1.3010299956639813
571 1.7781512503836436
589 2.146128035678238
591 1.0
596 1.3010299956639813
599 1.4771212547196624
605 1.0
606 1.0
611 2.204119982655925
630 1.9542425094393248
645 1.6989700043360187
688 1.0
692 1.0
708 1.0
713 1.0
726 1.0
743 1.0
750 1.3010299956639813
752 1.3010299956639813
771 1.9542425094393248
772 1.4771212547196624
777 1.0
778 1.0
790 1.0
817 1.0
818 1.0
819 1.0
827 1.0
829 1.0
846 1.3010299956639813
854 1.3010299956639813
863 1.3010299956639813
865 1.0
878 1.4771212547196624
886 1.4771212547196624
889 1.3010299956639813
890 1.3010299956639813
893 1.3010299956639813
894 1.0
895 1.7781512503836436
897 1.3010299956639813
901 1.3010299956639813
906 1.0
935 1.3010299956639813
951 1.0
959 1.0
966 1.0
972 1.4771212547196624
989 1.3010299956639813
996 1.0
998 1.0
1006 1.0
1028 1.0
1056 1.0
1066 1.4771212547196624
1111 1.0
1112 1.0
1120 1.3010299956639813
1123 1.0
1127 1.0
1128 1.0
1129 1.3010299956639813
1130 1.3010299956639813
1153 1.0
1175 1.0
1177 1.0
1221 1.4771212547196624
1235 1.0
1241 1.0
1266 1.0
1277 1.3010299956639813
1295 1.3010299956639813
