0 1.3010299956639813
2 1.0
3 1.6020599913279625
8 1.3010299956639813
11 1.3010299956639813
15 1.0
25 1.0
34 1.0
37 1.3010299956639813
48 1.9030899869919435
49 1.0
59 1.0
60 1.0
65 1.0
76 1.0
84 1.0
90 1.9542425094393248
91 2.1760912590556813
93 1.0
94 1.0
110 1.0
118 1.845098040014257
119 1.0
130 1.0
136 1.3010299956639813
147 1.0
171 1.0
209 1.9030899869919435
210 1.0
211 1.7781512503836436
217 1.0
220 1.0
222 2.079181246047625
223 1.3010299956639813
224 1.6989700043360187
225 1.3010299956639813
226 1.4771212547196624
228 1.0
229 1.0
238 1.0
240 1.0
249 1.3010299956639813
260 1.6020599913279625
261 1.0
264 1.0
265 1.0
272 1.0
275 1.0
277 1.6020599913279625
278 1.4771212547196624
293 1.0
297 1.6020599913279625
304 1.0
305 1.0
306 1.0
309 1.3010299956639813
310 1.0
314 1.3010299956639813
340 1.0
345 1.0
351 1.0
393 1.4771212547196624
394 1.7781512503836436
398 1.0
409 2.278753600952829
412 1.845098040014257
414 1.4771212547196624
426 1.0
428 1.0
434 1.0
436 1.6020599913279625
446 2.146128035678238
447 1.6989700043360187
450 1.3010299956639813
454 1.0
459 1.0
462 1.0
463 1.0
466 1.3010299956639813
476 1.0
478 1.9542425094393248
480 1.3010299956639813
482 1.0
486 1.0
493 2.0
498 1.0
509 1.845098040014257
510 1.6020599913279625
517 1.0
520 1.0
522 1.0
527 1.0
538 1.6989700043360187
542 1.3010299956639813
545 1.3010299956639813
546 1.0
549 1.0
550 1.0
551 1.0
555 1.0
567 1.0
572 1.4771212547196624
577 1.0
581 2.079181246047625
588 1.0
589 1.0
592 1.845098040014257
601 2.0
608 1.0
631 1.9542425094393248
637 1.3010299956639813
644 1.0
657 1.0
659 1.0
661 1.0
667 1.0
681 2.0
683 1.0
685 1.6020599913279625
686 1.4771212547196624
687 1.0
689 1.0
693 2.079181246047625
695 1.0
710 1.0
714 1.4771212547196624
719 1.7781512503836436
720 1.9542425094393248
761 1.3010299956639813
775 1.0
785 1.0
797 1.0
807 1.3010299956639813
837 1.3010299956639813
895 1.4771212547196624
897 1.0
922 1.0
926 1.0
935 1.0
939 1.0
943 1.4771212547196624
944 1.4771212547196624
979 1.0
994 1.0
1001 1.3010299956639813
1039 1.3010299956639813
1042 1.0
1044 1.3010299956639813
1045 1.0
1065 1.4771212547196624
1092 1.0
1104 1.0
1117 1.0
1118 1.0
1141 1.0
1142 1.0
1143 1.0
1144 1.0
1155 1.0
1162 1.0
1163 1.0
1167 1.0
1214 1.0
1244 1.0
1245 1.9030899869919435
1250 1.0
1259 1.9542425094393248
1262 1.4771212547196624
1263 1.4771212547196624
1267 1.9542425094393248
1269 2.079181246047625
1270 1.4771212547196624
1281 1.3010299956639813
1283 1.0
1284 1.0
1285 1.0
1293 1.9542425094393248
1317 1.7781512503836436
1321 1.3010299956639813
