49 1.0
52 1.0
58 1.0
74 1.3010299956639813
75 1.4771212547196624
83 1.0
90 1.3010299956639813
132 1.4771212547196624
161 1.0
185 1.3010299956639813
200 1.6989700043360187
201 1.6989700043360187
203 1.0
223 1.0
226 1.0
260 1.3010299956639813
263 1.0
272 1.3010299956639813
278 1.0
285 1.0
305 1.0
315 1.0
332 1.0
333 1.3010299956639813
349 1.0
361 1.0
367 1.0
382 1.6989700043360187
417 1.4771212547196624
420 1.0
427 1.3010299956639813
431 1.3010299956639813
432 1.0
433 1.3010299956639813
434 1.3010299956639813
453 1.3010299956639813
522 1.0
540 1.3010299956639813
552 1.0
568 1.4771212547196624
569 1.4771212547196624
571 1.4771212547196624
587 1.0
608 1.4771212547196624
609 1.3010299956639813
623 1.0
624 1.845098040014257
626 1.4771212547196624
627 1.0
645 1.6020599913279625
647 1.0
657 1.3010299956639813
661 1.0
676 1.0
682 1.3010299956639813
694 1.0
695 1.0
702 1.3010299956639813
714 1.0
739 1.0
742 1.0
748 1.4771212547196624
749 1.0
753 1.0
755 1.0
762 1.0
765 1.0
767 1.4771212547196624
795 1.0
800 1.4771212547196624
826 1.3010299956639813
832 1.3010299956639813
833 1.3010299956639813
839 1.0
840 1.0
882 1.0
895 1.3010299956639813
901 1.0
902 1.6020599913279625
913 1.3010299956639813
914 1.0
915 1.6020599913279625
919 1.3010299956639813
940 1.6020599913279625
950 1.3010299956639813
958 1.0
971 1.0
972 1.3010299956639813
982 1.0
984 1.0
990 1.3010299956639813
1000 1.0
1013 1.0
1034 1.6020599913279625
1035 1.6020599913279625
1043 1.0
1050 1.0
1064 1.3010299956639813
1071 1.0
1073 1.0
1077 1.0
1078 1.4771212547196624
1079 1.4771212547196624
1090 1.6020599913279625
1092 1.4771212547196624
1122 1.0
1125 1.0
1164 1.0
1165 1.3010299956639813
1173 1.0
1199 1.0
1205 1.3010299956639813
1221 1.3010299956639813
1226 1.0
1249 1.0
1257 1.0
1269 1.0
1271 1.0
1277 1.0
1295 1.0
1298 1.0
1310 1.3010299956639813
1318 1.0
