66 1.0
74 2.079181246047625
107 1.7781512503836436
132 1.9030899869919435
135 1.0
157 1.6989700043360187
163 1.3010299956639813
207 2.1760912590556813
230 1.4771212547196624
270 1.7781512503836436
296 1.4771212547196624
301 1.3010299956639813
305 1.6989700043360187
321 1.0
346 1.9030899869919435
347 1.0
354 1.3010299956639813
376 1.0
438 1.0
443 1.0
445 1.0
474 2.204119982655925
517 1.845098040014257
571 1.7781512503836436
573 1.0
574 1.0
586 1.0
591 1.0
595 1.3010299956639813
596 1.0
609 1.6989700043360187
610 1.4771212547196624
615 1.0
616 1.3010299956639813
640 1.0
669 1.0
677 1.0
688 1.0
700 1.0
701 1.0
715 1.3010299956639813
737 1.0
767 1.4771212547196624
772 1.4771212547196624
776 1.0
784 1.3010299956639813
789 1.0
791 1.0
797 1.3010299956639813
798 1.0
799 1.0
800 1.4771212547196624
801 1.0
805 1.0
806 1.0
816 1.0
817 1.0
818 1.0
824 1.0
825 1.0
846 1.0
858 1.0
865 1.0
877 1.3010299956639813
882 1.3010299956639813
887 1.6020599913279625
888 1.6989700043360187
889 1.3010299956639813
890 1.3010299956639813
891 1.3010299956639813
899 1.3010299956639813
910 1.0
913 1.4771212547196624
919 1.4771212547196624
925 1.6020599913279625
926 1.4771212547196624
928 1.0
929 1.0
935 1.4771212547196624
952 1.0
955 1.0
959 1.6020599913279625
962 1.0
964 1.6020599913279625
966 1.0
967 1.0
972 1.3010299956639813
974 1.0
975 1.3010299956639813
980 1.0
982 1.4771212547196624
984 2.0413926851582254
989 1.0
990 1.3010299956639813
991 1.0
994 1.3010299956639813
995 1.0
997 1.6989700043360187
999 1.0
1000 1.6020599913279625
1016 1.0
1034 1.0
1041 1.3010299956639813
1059 1.0
1060 1.0
1061 1.4771212547196624
1129 1.6989700043360187
1130 1.6989700043360187
1140 1.0
1150 1.0
1151 1.3010299956639813
1165 1.6020599913279625
1188 1.0
1227 1.0
1228 1.3010299956639813
1265 1.0
1266 1.4771212547196624
1276 1.3010299956639813
1277 1.0
1283 1.0
