3 1.3010299956639813
8 1.0
14 2.113943352306837
16 1.0
17 1.0
23 1.3010299956639813
25 1.0
30 1.4771212547196624
37 1.0
54 1.3010299956639813
59 1.3010299956639813
60 1.3010299956639813
64 1.6020599913279625
71 1.0
72 1.3010299956639813
90 1.3010299956639813
91 1.0
96 1.0
100 1.3010299956639813
101 1.0
118 1.3010299956639813
129 1.0
130 1.0
136 1.0
142 1.0
181 1.0
190 1.0
191 1.0
192 1.7781512503836436
197 1.0
198 1.4771212547196624
199 1.0
207 1.0
219 1.0
222 1.0
234 1.0
236 1.6020599913279625
237 1.0
240 1.0
247 1.0
257 1.0
258 1.0
266 1.3010299956639813
273 1.4771212547196624
274 1.6020599913279625
275 1.0
276 1.0
289 1.0
298 1.4771212547196624
315 1.0
321 1.3010299956639813
323 1.0
325 1.0
329 1.0
330 1.0
333 1.4771212547196624
337 1.9030899869919435
344 1.845098040014257
348 1.3010299956639813
353 1.6020599913279625
354 1.3010299956639813
364 1.0
367 1.4771212547196624
368 1.0
375 1.0
380 1.0
384 1.3010299956639813
392 1.0
400 1.0
401 1.0
408 1.3010299956639813
409 1.4771212547196624
415 1.0
417 1.0
427 1.0
429 1.0
432 1.0
452 1.0
456 1.0
459 1.0
479 1.0
488 1.3010299956639813
497 1.3010299956639813
501 1.0
506 1.0
510 1.3010299956639813
521 1.0
534 1.0
537 1.0
549 1.0
554 1.0
556 1.3010299956639813
558 1.3010299956639813
566 1.4771212547196624
570 1.0
577 1.3010299956639813
581 1.0
586 1.0
588 1.0
591 1.0
594 1.0
605 1.0
606 1.0
607 1.0
608 1.3010299956639813
614 1.3010299956639813
615 1.0
619 1.3010299956639813
620 1.6989700043360187
625 1.6989700043360187
630 1.4771212547196624
632 1.0
635 1.6020599913279625
636 1.0
650 1.3010299956639813
651 1.0
656 1.0
662 1.0
664 1.0
666 1.6020599913279625
669 1.6989700043360187
673 1.0
681 1.0
687 1.3010299956639813
691 1.6020599913279625
696 1.6020599913279625
700 1.3010299956639813
719 1.0
720 1.0
730 1.0
743 1.0
758 1.0
764 1.0
766 1.0
771 2.1760912590556813
772 1.3010299956639813
775 1.0
780 1.0
784 1.0
789 1.3010299956639813
797 1.3010299956639813
798 1.0
804 1.6020599913279625
806 1.0
809 1.3010299956639813
829 1.3010299956639813
832 1.0
833 1.0
834 1.0
835 1.0
838 1.0
846 1.3010299956639813
847 1.0
849 1.3010299956639813
854 1.0
856 1.0
858 1.0
867 2.0
871 1.0
881 1.0
882 1.4771212547196624
884 1.0
887 1.4771212547196624
891 1.0
894 1.6989700043360187
895 1.0
896 1.6989700043360187
898 1.0
901 1.3010299956639813
903 1.0
906 1.0
917 1.0
919 1.3010299956639813
923 1.0
924 1.0
926 1.6020599913279625
927 1.3010299956639813
928 1.0
930 1.0
932 1.6020599913279625
933 1.6989700043360187
938 1.4771212547196624
940 1.0
942 1.0
943 1.9030899869919435
944 1.9030899869919435
947 1.4771212547196624
949 1.3010299956639813
950 1.3010299956639813
951 1.0
954 1.3010299956639813
955 1.0
956 1.3010299956639813
958 1.0
959 1.0
960 1.0
965 1.3010299956639813
968 1.4771212547196624
969 1.6020599913279625
970 1.4771212547196624
972 1.0
975 1.0
976 1.4771212547196624
978 1.0
981 1.0
985 1.0
988 1.6989700043360187
989 1.6020599913279625
990 1.3010299956639813
991 1.3010299956639813
992 1.3010299956639813
994 1.0
996 1.3010299956639813
998 1.3010299956639813
1001 2.0
1002 1.7781512503836436
1005 1.4771212547196624
1008 1.0
1011 1.0
1012 1.0
1016 1.4771212547196624
1019 1.0
1023 1.0
1035 1.0
1036 1.3010299956639813
1037 1.0
1056 1.0
1057 1.0
1058 1.0
1061 1.0
1068 1.3010299956639813
1073 1.3010299956639813
1078 1.3010299956639813
1081 1.0
1092 1.0
1104 1.0
1110 1.0
1114 1.6989700043360187
1117 1.0
1118 1.0
1119 1.0
1127 1.3010299956639813
1128 1.3010299956639813
1129 1.6020599913279625
1130 1.6020599913279625
1137 1.6989700043360187
1138 1.6989700043360187
1139 1.6020599913279625
1140 2.0
1143 1.0
1144 1.0
1145 1.0
1146 1.0
1147 1.845098040014257
1148 1.845098040014257
1149 1.0
1150 1.6020599913279625
1153 1.0
1159 1.0
1161 1.3010299956639813
1162 1.0
1165 1.0
1179 1.7781512503836436
1185 1.7781512503836436
1198 1.4771212547196624
1213 1.6020599913279625
1216 1.0
1217 1.3010299956639813
1227 1.3010299956639813
1228 1.3010299956639813
1231 1.4771212547196624
1235 1.0
1238 1.0
1242 1.0
1244 1.0
1253 1.0
1272 1.0
1279 1.0
1285 1.0
1292 1.3010299956639813
1294 1.6989700043360187
1302 1.0
1307 1.0
1309 1.0
1311 1.3010299956639813
1318 1.7781512503836436
1322 1.0
1324 1.0
