3 1.3010299956639813
6 1.3010299956639813
7 1.0
27 1.3010299956639813
37 1.0
48 1.7781512503836436
53 1.4771212547196624
59 1.0
60 1.0
79 1.3010299956639813
81 1.3010299956639813
84 1.0
86 1.0
90 1.3010299956639813
91 1.3010299956639813
96 1.0
109 1.4771212547196624
111 1.0
113 1.0
114 1.0
115 1.0
159 1.3010299956639813
217 1.3010299956639813
220 1.0
232 1.0
233 1.3010299956639813
259 1.3010299956639813
263 1.0
267 1.0
277 1.0
304 1.3010299956639813
305 1.0
307 1.0
329 1.0
346 1.0
350 1.0
378 1.0
386 1.0
393 1.3010299956639813
402 1.0
411 1.0
429 1.0
433 1.0
448 1.0
456 1.0
463 1.6020599913279625
468 1.0
477 1.0
478 1.0
493 1.4771212547196624
496 1.0
500 1.3010299956639813
510 1.0
527 1.0
550 1.0
575 1.6020599913279625
627 1.0
629 1.0
644 1.0
652 1.0
676 1.0
681 1.0
686 1.0
693 1.0
710 1.0
714 1.0
719 1.0
720 1.0
744 1.0
752 1.0
783 1.0
790 1.0
799 1.0
800 1.0
809 1.3010299956639813
813 1.0
838 1.3010299956639813
839 1.0
840 1.0
843 1.3010299956639813
864 1.0
872 1.0
874 1.3010299956639813
876 1.0
895 1.0
901 1.0
906 1.4771212547196624
918 1.0
922 1.0
924 1.0
926 1.0
929 1.6020599913279625
932 1.0
940 1.0
963 1.0
973 1.0
1011 1.3010299956639813
1012 1.3010299956639813
1015 1.3010299956639813
1016 1.3010299956639813
1021 1.0
1028 1.0
1039 1.0
1046 1.0
1054 1.3010299956639813
1055 1.0
1057 1.0
1058 1.0
1072 1.0
1083 1.0
1085 1.0
1090 1.0
1096 1.0
1099 1.0
1104 1.0
1107 1.3010299956639813
1114 1.3010299956639813
1129 1.845098040014257
1130 1.845098040014257
1131 1.0
1132 1.0
1191 1.4771212547196624
1197 1.0
1222 1.4771212547196624
1259 1.3010299956639813
1265 1.0
1272 1.0
1289 1.0
1311 1.0
1313 1.0
1316 1.0
1317 1.0
1318 1.3010299956639813
1321 1.0
1322 1.3010299956639813
