0 1.3010299956639813
2 1.0
5 1.3010299956639813
11 1.6020599913279625
13 2.0413926851582254
15 1.0
16 1.3010299956639813
29 1.3010299956639813
33 1.6020599913279625
41 2.146128035678238
43 1.0
45 2.146128035678238
46 1.0
47 2.0
51 1.0
53 1.3010299956639813
55 1.3010299956639813
56 2.204119982655925
57 1.0
62 1.6989700043360187
65 1.3010299956639813
70 1.0
75 1.0
81 1.3010299956639813
86 1.0
93 1.0
94 1.6989700043360187
100 1.3010299956639813
101 1.9030899869919435
103 1.4771212547196624
104 1.0
108 1.3010299956639813
110 1.3010299956639813
113 1.3010299956639813
114 1.3010299956639813
117 1.0
121 1.0
127 1.9030899869919435
129 1.0
132 1.0
134 1.0
138 1.4771212547196624
142 1.6020599913279625
143 1.0
146 1.3010299956639813
148 1.6989700043360187
166 1.3010299956639813
170 1.3010299956639813
189 1.3010299956639813
191 1.3010299956639813
192 1.0
193 1.6020599913279625
200 1.4771212547196624
201 1.4771212547196624
207 1.0
212 1.0
236 1.6020599913279625
237 1.6989700043360187
256 1.0
266 1.0
268 1.0
269 1.0
275 1.0
276 1.9542425094393248
277 1.3010299956639813
279 1.0
280 1.0
281 1.0
284 1.0
286 1.3010299956639813
289 1.6020599913279625
294 1.0
295 1.0
298 1.0
306 1.0
318 1.6020599913279625
322 1.3010299956639813
326 1.3010299956639813
339 1.0
343 1.3010299956639813
344 1.3010299956639813
348 1.0
363 1.0
368 1.0
372 1.3010299956639813
373 1.3010299956639813
375 1.6020599913279625
378 1.0
379 1.6020599913279625
380 1.0
381 1.3010299956639813
383 1.0
384 1.4771212547196624
389 1.6020599913279625
396 1.0
400 1.6020599913279625
408 1.4771212547196624
409 1.0
411 1.0
428 1.0
430 1.7781512503836436
434 1.0
435 1.0
442 1.7781512503836436
449 1.0
469 1.0
473 1.0
488 1.6020599913279625
493 1.0
497 1.3010299956639813
499 1.4771212547196624
506 1.0
514 1.0
522 1.0
524 1.0
534 2.5185139398778875
554 1.845098040014257
567 1.0
578 1.3010299956639813
587 1.0
588 1.6020599913279625
591 1.0
592 1.845098040014257
604 1.4771212547196624
625 1.0
660 1.0
664 1.3010299956639813
665 1.0
669 1.0
672 1.0
673 1.6989700043360187
680 1.4771212547196624
687 1.6020599913279625
694 1.4771212547196624
697 1.0
698 2.113943352306837
699 1.6020599913279625
705 1.4771212547196624
712 1.3010299956639813
715 1.0
723 1.0
725 1.3010299956639813
727 1.0
730 1.845098040014257
732 1.0
741 1.3010299956639813
745 1.3010299956639813
749 1.0
757 1.0
759 1.3010299956639813
763 2.0
781 1.7781512503836436
794 1.7781512503836436
795 1.0
796 1.0
812 1.0
815 1.0
826 1.3010299956639813
838 1.7781512503836436
845 1.4771212547196624
856 1.845098040014257
871 1.7781512503836436
895 1.3010299956639813
898 1.0
903 1.845098040014257
932 1.6020599913279625
1005 2.1760912590556813
1007 1.0
1010 1.3010299956639813
1011 1.9030899869919435
1012 1.9030899869919435
1015 2.079181246047625
1016 2.4313637641589874
1020 1.7781512503836436
1022 1.4771212547196624
1043 1.0
1053 1.6989700043360187
1054 1.3010299956639813
1057 2.0413926851582254
1058 2.0413926851582254
1059 1.0
1062 1.3010299956639813
1072 1.0
1074 1.3010299956639813
1075 1.3010299956639813
1083 1.4771212547196624
1088 1.0
1093 1.3010299956639813
1095 1.845098040014257
1099 1.3010299956639813
1100 1.6989700043360187
1114 2.3010299956639813
1115 1.0
1116 1.0
1117 1.7781512503836436
1118 1.7781512503836436
1124 1.0
1127 2.3222192947339195
1128 2.3222192947339195
1129 2.8920946026904804
1130 2.8920946026904804
1131 1.0
1132 1.0
1135 2.255272505103306
1136 2.255272505103306
1137 2.079181246047625
1138 2.079181246047625
1139 1.7781512503836436
1140 2.079181246047625
1141 1.7781512503836436
1142 1.7781512503836436
1143 2.0413926851582254
1144 2.0413926851582254
1145 1.7781512503836436
1146 1.7781512503836436
1147 2.146128035678238
1148 2.146128035678238
1149 2.1760912590556813
1150 2.4771212547196626
1152 1.3010299956639813
1155 1.0
1162 1.0
1167 1.3010299956639813
1169 1.0
1170 1.0
1171 1.4771212547196624
1172 1.6020599913279625
1173 1.3010299956639813
1176 1.6989700043360187
1177 1.0
1179 1.0
1180 1.3010299956639813
1182 1.3010299956639813
1183 1.3010299956639813
1184 1.6989700043360187
1189 1.6020599913279625
1194 1.0
1196 1.3010299956639813
1198 1.3010299956639813
1221 1.4771212547196624
1224 1.3010299956639813
1237 1.0
1247 1.0
1272 1.0
1280 1.0
