15 1.0
74 1.9542425094393248
107 1.9030899869919435
132 1.6020599913279625
157 1.4771212547196624
163 1.6020599913279625
184 1.3010299956639813
185 1.4771212547196624
199 1.0
207 1.7781512503836436
217 1.3010299956639813
226 1.0
230 1.7781512503836436
233 1.0
255 1.0
270 1.6989700043360187
278 1.0
280 1.0
296 1.4771212547196624
307 1.0
310 1.0
314 1.0
359 1.3010299956639813
385 1.0
393 1.0
394 1.0
409 1.3010299956639813
443 1.0
493 1.0
503 1.0
506 1.0
550 1.0
552 1.0
584 1.0
585 1.0
591 1.0
597 1.4771212547196624
598 1.4771212547196624
599 1.0
609 1.4771212547196624
611 1.0
662 1.0
679 1.0
680 1.0
681 1.0
685 1.0
693 1.0
708 1.0
732 1.0
765 1.0
779 1.0
795 1.0
851 1.3010299956639813
1018 1.0
1035 1.0
1043 1.0
1065 1.4771212547196624
1082 1.0
1091 1.0
1141 1.6020599913279625
1142 1.6020599913279625
1149 1.0
1150 1.0
1151 1.3010299956639813
1165 1.4771212547196624
1201 1.0
1204 1.0
1228 1.0
1231 1.0
1249 1.0
1266 1.3010299956639813
1271 1.0
1276 1.0
