11 1.0
22 1.0
24 1.6020599913279625
43 1.0
45 1.0
47 1.0
69 1.0
75 1.4771212547196624
125 1.3010299956639813
128 1.0
134 1.6020599913279625
171 1.0
200 1.3010299956639813
201 1.3010299956639813
221 1.0
224 1.0
233 1.0
244 1.0
249 1.0
253 1.0
258 1.0
261 1.0
272 1.3010299956639813
273 1.3010299956639813
277 1.0
297 1.0
303 1.0
304 1.0
310 1.4771212547196624
323 1.0
345 1.0
361 1.0
382 1.3010299956639813
387 1.3010299956639813
388 1.0
389 1.6989700043360187
400 1.0
434 1.0
444 1.0
474 1.0
487 1.0
494 1.3010299956639813
498 1.0
532 1.0
540 1.3010299956639813
541 1.0
543 1.0
544 1.0
577 1.3010299956639813
584 1.0
585 1.0
592 1.4771212547196624
614 1.0
615 1.3010299956639813
644 1.0
650 1.0
657 1.0
664 1.0
669 1.3010299956639813
682 1.3010299956639813
689 1.0
692 1.0
703 1.3010299956639813
742 1.3010299956639813
749 1.0
754 1.3010299956639813
765 1.0
777 1.0
812 1.0
843 1.0
867 1.3010299956639813
888 1.0
923 1.0
924 1.0
940 1.0
941 1.0
950 1.0
959 1.0
993 1.0
1013 1.0
1029 1.0
1049 1.0
1064 1.0
1070 1.0
1073 1.0
1078 1.0
1085 1.0
1089 1.0
1109 1.3010299956639813
1129 1.0
1130 1.0
1143 1.0
1144 1.0
1149 1.0
1150 1.0
1162 1.0
1166 1.0
1199 1.0
1206 1.0
1209 1.0
1219 1.0
1239 1.0
1298 1.0
1304 1.0
1322 1.0
