34 1.0
36 1.0
48 1.7781512503836436
52 1.0
59 1.7781512503836436
60 1.7781512503836436
64 1.0
79 1.845098040014257
91 1.3010299956639813
118 1.3010299956639813
136 1.3010299956639813
171 1.0
207 1.0
209 1.3010299956639813
211 1.0
222 1.4771212547196624
223 1.3010299956639813
224 1.0
233 1.0
252 1.0
274 1.0
298 1.0
305 1.0
315 1.3010299956639813
333 1.0
344 1.9542425094393248
386 1.0
394 1.0
409 1.6989700043360187
412 1.4771212547196624
426 1.0
433 1.0
436 1.3010299956639813
446 1.3010299956639813
447 1.0
448 1.0
452 1.0
467 1.0
478 1.0
479 1.0
482 1.0
487 1.0
493 1.6989700043360187
494 1.0
501 1.0
506 1.0
509 1.0
510 1.6020599913279625
521 1.3010299956639813
558 1.0
581 1.3010299956639813
587 1.3010299956639813
591 1.0
601 1.4771212547196624
625 1.0
631 1.0
681 1.0
685 1.0
686 1.4771212547196624
693 1.3010299956639813
714 1.3010299956639813
719 1.0
720 1.4771212547196624
744 1.0
817 1.0
818 1.0
832 1.3010299956639813
833 1.3010299956639813
855 1.3010299956639813
867 1.0
917 1.0
924 1.0
926 1.0
933 1.0
940 1.0
949 1.3010299956639813
950 1.0
955 1.3010299956639813
967 1.0
968 1.0
974 1.0
994 1.0
1000 1.0
1043 1.0
1096 1.0
1185 1.3010299956639813
1198 1.3010299956639813
1249 1.4771212547196624
1254 1.0
1255 1.3010299956639813
1257 1.7781512503836436
1263 1.0
1293 1.0
1300 1.4771212547196624
1310 1.3010299956639813
1317 1.3010299956639813
