14 1.0
21 1.3010299956639813
25 1.3010299956639813
32 1.9030899869919435
44 1.0
45 1.0
51 1.0
64 1.0
69 1.3010299956639813
77 1.0
80 1.0
94 1.0
98 1.0
106 1.0
117 1.0
131 1.0
132 1.4771212547196624
144 1.0
148 1.0
154 1.0
155 1.0
157 1.6020599913279625
160 1.0
161 1.0
162 1.0
171 1.0
188 1.0
192 1.3010299956639813
195 1.3010299956639813
197 1.0
230 1.0
258 1.0
262 1.0
263 1.6020599913279625
265 1.3010299956639813
267 1.0
270 1.6020599913279625
287 1.0
288 1.4771212547196624
301 1.0
307 1.0
310 1.0
314 1.3010299956639813
318 1.0
319 1.7781512503836436
320 1.0
323 1.6989700043360187
324 1.3010299956639813
337 1.0
344 1.3010299956639813
349 1.0
360 1.3010299956639813
362 1.0
364 2.079181246047625
378 1.4771212547196624
388 1.3010299956639813
397 1.0
402 1.0
404 1.0
406 1.0
413 1.0
424 1.0
432 1.0
445 1.0
448 1.0
449 1.0
456 1.0
471 1.0
475 1.0
497 1.3010299956639813
499 1.0
508 1.0
513 1.3010299956639813
582 1.0
583 1.0
596 1.3010299956639813
608 1.0
612 1.0
617 1.0
635 1.0
639 1.0
647 1.0
656 1.4771212547196624
667 1.0
684 1.0
691 1.0
696 1.7781512503836436
704 1.0
715 1.0
717 1.3010299956639813
723 1.0
732 1.0
769 1.0
776 1.0
824 1.0
825 1.0
856 1.0
858 1.0
861 1.6020599913279625
862 1.0
866 1.0
867 1.0
871 1.0
874 1.0
875 1.0
876 1.3010299956639813
880 1.0
903 1.0
908 1.0
922 1.3010299956639813
926 1.3010299956639813
941 1.3010299956639813
943 1.0
944 1.0
951 1.0
962 1.3010299956639813
972 1.0
983 1.0
1005 1.0
1021 1.4771212547196624
1026 1.0
1030 1.0
1035 1.0
1044 1.0
1047 1.0
1053 1.0
1055 1.4771212547196624
1083 1.0
1099 1.6020599913279625
1110 1.0
1126 1.3010299956639813
1149 1.4771212547196624
1150 1.4771212547196624
1151 1.0
1161 1.0
1162 1.0
1165 1.4771212547196624
1201 1.3010299956639813
1218 1.0
1223 1.0
1227 1.0
1228 1.4771212547196624
1241 1.4771212547196624
1258 1.0
1266 1.0
1273 1.0
1277 1.0
1292 1.0
1294 1.0
1300 1.3010299956639813
1303 1.0
1309 1.0
