0 1.0
5 1.0
7 1.0
20 1.0
22 1.0
29 1.0
39 1.3010299956639813
43 1.0
46 1.0
47 1.0
61 1.0
74 1.0
82 1.0
96 1.0
107 1.0
117 1.0
121 1.3010299956639813
132 1.0
146 1.0
152 1.0
168 1.0
174 1.0
176 1.0
177 1.0
179 1.0
187 1.0
190 1.0
199 1.0
204 1.0
232 1.0
265 1.0
274 1.0
280 1.3010299956639813
282 1.0
290 1.0
298 1.0
301 1.0
329 1.0
346 1.3010299956639813
376 1.0
411 1.3010299956639813
417 1.6020599913279625
429 1.0
442 1.0
494 1.0
497 1.0
498 1.0
500 1.0
501 1.0
505 1.0
518 1.0
541 1.0
550 1.0
567 1.0
568 1.0
569 1.0
571 1.3010299956639813
575 1.0
576 1.0
577 1.0
584 1.0
585 1.0
596 1.3010299956639813
602 1.4771212547196624
603 1.4771212547196624
605 1.3010299956639813
606 1.3010299956639813
613 1.0
656 1.0
669 1.0
691 1.4771212547196624
703 1.0
708 1.0
715 1.3010299956639813
717 1.0
741 1.0
779 1.0
802 1.0
803 1.0
829 1.0
850 1.0
871 1.0
903 1.0
954 1.3010299956639813
964 1.0
1005 1.0
1011 1.0
1012 1.0
1013 1.3010299956639813
1016 1.0
1047 1.3010299956639813
1057 1.0
1058 1.0
1072 1.3010299956639813
1074 1.0
1075 1.0
1096 1.0
1111 1.0
1112 1.0
1114 1.0
1121 1.0
1129 2.079181246047625
1130 2.079181246047625
1145 1.0
1146 1.0
1150 1.0
1151 1.0
1162 1.3010299956639813
1187 1.3010299956639813
1193 1.845098040014257
1206 1.0
1216 1.0
1265 1.0
1274 1.3010299956639813
1277 1.0
