1 1.0
7 1.0
8 1.0
15 1.3010299956639813
19 1.0
20 1.0
21 1.0
32 1.0
34 1.4771212547196624
37 1.0
43 1.0
56 1.0
61 1.0
63 1.3010299956639813
68 1.3010299956639813
69 1.0
70 1.0
75 1.3010299956639813
83 1.0
84 1.4771212547196624
93 1.0
95 1.0
96 1.0
102 1.3010299956639813
103 1.0
116 1.0
118 1.3010299956639813
121 1.4771212547196624
127 1.0
129 1.0
139 1.0
140 1.0
149 1.0
158 1.0
159 1.0
179 1.3010299956639813
186 1.0
187 1.0
189 1.0
195 1.0
197 1.3010299956639813
205 1.0
206 1.0
208 1.3010299956639813
209 1.4771212547196624
211 1.6989700043360187
216 1.0
220 1.3010299956639813
221 1.0
222 1.0
229 1.0
237 1.0
242 1.0
246 1.0
255 1.0
264 1.0
273 1.0
277 1.6020599913279625
280 1.845098040014257
289 1.0
290 1.0
291 1.0
293 1.0
297 1.0
301 1.3010299956639813
302 1.0
303 1.4771212547196624
309 1.0
314 1.6989700043360187
319 1.0
320 1.4771212547196624
327 1.0
332 1.0
333 1.0
336 1.0
344 1.3010299956639813
349 1.4771212547196624
352 1.0
359 1.0
361 1.0
364 1.4771212547196624
374 1.0
375 1.3010299956639813
376 1.0
378 1.0
380 1.0
384 1.0
386 1.0
388 1.3010299956639813
392 1.6020599913279625
399 1.3010299956639813
400 1.0
403 1.6020599913279625
408 1.3010299956639813
409 1.3010299956639813
417 1.0
422 1.0
423 1.0
428 1.4771212547196624
429 1.0
432 1.3010299956639813
433 1.0
434 1.0
436 1.0
442 1.0
452 2.230448921378274
455 1.0
462 1.0
463 1.3010299956639813
464 1.4771212547196624
472 1.0
473 1.3010299956639813
474 1.3010299956639813
478 1.0
481 1.0
487 1.0
493 1.0
498 1.0
501 1.3010299956639813
506 1.6020599913279625
510 1.0
513 1.6989700043360187
516 1.0
520 1.0
522 1.0
524 1.6020599913279625
527 1.3010299956639813
528 1.0
529 1.0
530 1.0
535 1.0
537 1.0
538 1.4771212547196624
540 1.3010299956639813
541 1.0
549 1.0
550 1.4771212547196624
551 1.0
554 1.3010299956639813
555 1.0
559 1.0
577 1.3010299956639813
586 1.0
588 1.0
589 1.0
592 1.3010299956639813
593 1.0
599 1.0
600 1.0
608 1.3010299956639813
611 1.0
615 1.4771212547196624
622 1.4771212547196624
624 1.0
630 1.0
643 1.9542425094393248
645 1.3010299956639813
652 1.6989700043360187
656 1.0
657 1.0
659 1.0
664 1.0
665 1.0
668 1.4771212547196624
670 1.3010299956639813
671 1.0
681 1.0
686 1.0
688 1.3010299956639813
689 1.9030899869919435
692 1.4771212547196624
693 1.0
696 1.0
698 1.0
699 1.0
702 1.0
708 1.0
710 1.0
712 1.0
715 1.3010299956639813
719 1.0
720 1.0
722 1.0
724 1.0
725 1.0
732 1.0
733 1.3010299956639813
738 1.0
741 1.3010299956639813
742 1.0
746 1.0
750 1.3010299956639813
754 1.0
759 1.0
761 1.0
764 1.0
768 1.0
770 1.0
771 1.0
790 1.3010299956639813
792 1.0
794 1.3010299956639813
795 1.0
797 1.0
810 1.0
815 1.0
820 1.0
824 1.3010299956639813
825 1.3010299956639813
826 1.0
844 1.0
847 1.0
851 1.3010299956639813
871 1.0
889 1.0
890 1.0
896 1.0
897 1.4771212547196624
903 1.0
906 1.0
914 1.3010299956639813
915 1.0
926 1.0
929 1.0
933 1.3010299956639813
938 1.0
941 1.0
943 1.0
944 1.0
958 1.0
967 1.0
977 1.0
990 1.0
992 1.3010299956639813
996 1.0
999 1.0
1006 1.0
1017 1.0
1020 1.0
1021 1.0
1025 1.0
1027 1.0
1028 1.6020599913279625
1032 1.3010299956639813
1035 1.0
1041 1.0
1042 1.0
1045 1.0
1047 1.6989700043360187
1051 1.0
1053 1.0
1054 1.6020599913279625
1055 1.3010299956639813
1062 1.0
1071 1.4771212547196624
1073 1.4771212547196624
1074 1.3010299956639813
1075 1.3010299956639813
1080 1.3010299956639813
1086 1.0
1087 1.3010299956639813
1088 1.3010299956639813
1096 1.3010299956639813
1099 1.3010299956639813
1104 1.3010299956639813
1105 1.0
1106 1.0
1109 1.3010299956639813
1113 1.6020599913279625
1119 1.0
1122 1.3010299956639813
1129 1.3010299956639813
1130 1.3010299956639813
1141 1.0
1142 1.0
1149 1.0
1150 1.0
1152 1.0
1173 1.0
1190 1.0
1191 1.0
1193 1.3010299956639813
1194 1.0
1198 1.3010299956639813
1204 1.0
1207 1.0
1208 1.0
1210 1.0
1214 1.3010299956639813
1220 1.0
1237 1.0
1240 1.0
1243 1.0
1245 1.0
1265 1.3010299956639813
1277 1.6020599913279625
1293 1.3010299956639813
1310 1.0
1314 1.4771212547196624
1321 1.0
1322 1.0
1324 1.0
