0 1.0
5 1.4771212547196624
18 1.0
41 1.0
53 1.0
77 1.0
110 1.0
161 1.0
166 1.0
168 1.0
234 1.0
274 1.4771212547196624
305 1.0
312 1.0
323 1.0
362 1.0
384 1.0
400 1.0
405 1.0
450 1.0
454 1.0
459 1.0
480 1.0
497 1.0
503 1.0
519 1.0
543 1.0
544 1.0
554 1.0
647 1.0
656 1.0
698 1.0
749 1.0
764 1.3010299956639813
765 1.0
771 1.3010299956639813
831 1.0
842 1.0
876 1.0
901 1.0
904 1.0
922 1.3010299956639813
938 1.0
966 1.0
989 1.0
1028 1.0
1034 1.3010299956639813
1048 1.0
1074 1.0
1075 1.0
1083 1.0
1114 1.0
1129 1.6989700043360187
1130 1.6989700043360187
1153 1.0
1159 1.0
1174 1.0
1222 1.0
1304 1.0
1318 1.0
