5 1.3010299956639813
13 1.3010299956639813
15 1.0
17 1.0
33 1.0
45 1.4771212547196624
63 1.0
74 1.3010299956639813
86 1.3010299956639813
87 1.0
90 1.0
91 1.0
93 1.0
94 1.4771212547196624
107 1.6020599913279625
108 1.0
132 1.0
145 1.0
146 1.3010299956639813
148 2.079181246047625
152 1.0
155 1.0
157 1.0
162 1.0
163 1.4771212547196624
177 1.0
185 1.0
188 1.0
191 1.0
200 1.4771212547196624
201 1.4771212547196624
230 1.0
265 1.0
270 1.4771212547196624
280 1.0
288 1.0
295 1.0
296 1.0
301 1.0
302 1.0
309 1.0
315 1.0
317 1.0
319 1.3010299956639813
322 1.0
323 1.3010299956639813
326 1.0
344 1.3010299956639813
378 1.0
381 1.3010299956639813
391 1.0
393 1.3010299956639813
394 1.0
406 1.3010299956639813
413 1.0
414 1.0
446 1.3010299956639813
463 1.0
480 1.0
493 1.0
498 1.3010299956639813
501 1.3010299956639813
503 1.0
506 1.0
511 1.0
524 1.0
541 1.0
575 1.0
579 1.0
582 1.3010299956639813
583 1.3010299956639813
594 1.0
595 1.0
596 1.3010299956639813
609 1.3010299956639813
617 1.0
618 1.0
624 1.0
633 1.0
657 1.0
672 1.3010299956639813
681 1.0
682 1.3010299956639813
688 1.0
693 1.3010299956639813
694 1.3010299956639813
704 1.0
720 1.0
749 1.0
756 1.7781512503836436
759 1.0
764 1.0
771 1.0
784 1.0
797 1.0
799 1.0
806 1.0
820 1.0
821 1.3010299956639813
824 1.0
825 1.0
828 1.0
849 1.0
856 1.0
872 1.0
874 1.0
875 1.0
878 1.0
916 1.0
920 1.0
926 1.0
938 1.3010299956639813
947 1.0
955 1.0
956 1.0
966 1.0
967 1.0
970 1.0
987 1.0
989 1.3010299956639813
990 1.3010299956639813
1006 1.0
1020 1.0
1021 1.0
1095 1.3010299956639813
1096 1.0
1097 1.3010299956639813
1123 1.0
1165 1.3010299956639813
1168 1.3010299956639813
1173 1.0
1176 1.0
1180 1.0
1184 1.6020599913279625
1189 1.0
1190 1.0
1198 1.0
1204 1.0
1228 1.0
1234 1.3010299956639813
1247 1.3010299956639813
1265 1.6020599913279625
1266 1.0
1285 1.0
1320 1.0
1324 1.0
