34 1.3010299956639813
37 1.3010299956639813
48 1.3010299956639813
49 1.3010299956639813
59 1.0
60 1.0
61 1.0
79 1.0
84 1.3010299956639813
88 1.0
107 1.3010299956639813
108 1.0
110 1.0
113 1.3010299956639813
114 1.3010299956639813
120 1.0
122 1.7781512503836436
123 1.0
124 1.0
130 1.0
136 1.0
141 1.0
149 1.0
155 1.0
171 1.4771212547196624
175 1.4771212547196624
189 1.0
199 1.3010299956639813
209 1.0
210 1.0
211 1.0
213 1.3010299956639813
214 1.0
215 1.3010299956639813
220 1.4771212547196624
221 1.0
222 1.0
224 1.0
225 1.0
230 1.0
231 1.3010299956639813
234 1.0
237 1.0
243 1.0
244 1.4771212547196624
246 1.0
251 1.0
255 1.0
259 1.0
261 1.3010299956639813
266 1.3010299956639813
271 1.4771212547196624
293 1.0
304 1.0
310 1.3010299956639813
313 1.0
318 1.0
319 1.0
332 1.3010299956639813
343 1.3010299956639813
347 1.3010299956639813
348 1.0
353 1.0
367 1.0
370 1.0
388 1.3010299956639813
390 1.0
398 1.0
400 1.0
411 1.0
451 1.0
452 1.0
458 1.0
463 1.3010299956639813
466 1.0
487 1.0
488 1.6989700043360187
504 1.0
506 1.0
533 1.3010299956639813
538 1.0
546 1.0
551 1.0
558 1.0
561 1.0
566 1.0
573 1.0
574 1.0
591 1.0
630 1.3010299956639813
633 1.0
643 1.6020599913279625
644 1.0
648 1.4771212547196624
658 1.3010299956639813
664 1.0
669 1.0
748 1.3010299956639813
751 1.0
753 1.0
756 1.0
765 1.0
768 1.3010299956639813
771 2.0413926851582254
777 1.0
783 1.3010299956639813
830 1.0
834 1.0
835 1.0
844 1.0
853 1.0
861 1.3010299956639813
864 1.3010299956639813
865 1.0
881 1.0
882 1.0
891 1.0
895 1.0
896 1.0
899 1.0
910 1.3010299956639813
915 1.7781512503836436
917 1.0
949 1.0
951 1.3010299956639813
954 1.3010299956639813
959 1.3010299956639813
968 1.4771212547196624
972 1.0
975 1.3010299956639813
979 1.4771212547196624
992 1.0
994 1.4771212547196624
997 1.0
1002 1.0
1013 1.6989700043360187
1015 1.0
1016 1.3010299956639813
1017 1.3010299956639813
1019 1.0
1031 1.0
1034 1.0
1035 1.0
1050 1.0
1057 1.0
1058 1.0
1065 1.0
1068 1.6020599913279625
1072 1.0
1090 1.6020599913279625
1091 1.3010299956639813
1104 1.3010299956639813
1117 1.0
1118 1.0
1129 1.6020599913279625
1130 1.6020599913279625
1139 1.0
1140 1.6989700043360187
1150 1.0
1155 1.0
1185 1.3010299956639813
1191 1.4771212547196624
1195 1.0
1202 1.0
1204 1.0
1214 1.3010299956639813
1221 1.0
1226 1.3010299956639813
1243 1.6020599913279625
1245 1.3010299956639813
1250 1.0
1259 1.3010299956639813
1262 1.0
1270 1.0
1293 1.0
1294 1.0
1298 1.3010299956639813
1302 1.0
1306 1.3010299956639813
1321 1.6020599913279625
1322 1.0
