1 1.0
22 1.3010299956639813
32 1.3010299956639813
59 1.3010299956639813
60 1.3010299956639813
61 1.0
63 1.0
70 1.3010299956639813
90 1.0
102 1.3010299956639813
110 1.3010299956639813
117 1.0
166 1.0
197 1.0
261 1.3010299956639813
267 1.0
272 1.0
274 1.0
289 1.0
291 1.0
297 1.4771212547196624
310 1.3010299956639813
347 1.0
376 1.0
380 1.0
398 1.3010299956639813
402 1.0
418 1.0
420 1.0
434 1.0
449 1.0
456 1.0
467 1.0
473 1.3010299956639813
482 1.3010299956639813
496 1.0
520 1.0
535 1.0
537 1.0
543 1.0
544 1.0
546 1.0
550 1.0
555 1.0
565 1.0
570 1.0
572 1.0
577 1.0
587 1.0
592 1.0
618 1.0
644 1.0
651 1.0
656 1.0
662 1.0
669 1.0
682 1.0
688 1.0
689 1.0
739 1.3010299956639813
743 1.3010299956639813
749 1.0
761 1.6020599913279625
769 1.0
770 1.0
771 1.0
779 1.0
789 1.0
802 1.3010299956639813
803 1.3010299956639813
812 1.0
814 1.0
819 1.0
827 1.0
844 1.0
849 1.0
854 1.0
855 1.0
870 1.3010299956639813
874 1.4771212547196624
878 1.0
893 1.4771212547196624
895 1.3010299956639813
896 1.0
897 1.4771212547196624
902 1.0
904 1.0
918 1.0
922 1.3010299956639813
929 1.3010299956639813
932 1.4771212547196624
933 1.0
935 1.0
943 1.0
944 1.0
963 1.0
973 1.0
981 1.3010299956639813
996 1.3010299956639813
1013 1.0
1032 1.3010299956639813
1034 1.0
1040 1.0
1045 1.0
1070 1.0
1071 1.0
1073 1.0
1078 1.0
1079 1.3010299956639813
1087 1.0
1090 1.0
1111 1.0
1112 1.0
1129 1.4771212547196624
1130 1.4771212547196624
1135 1.0
1136 1.0
1160 1.0
1166 1.7781512503836436
1191 1.0
1204 1.0
1219 1.0
1302 1.0
1309 1.0
1311 1.0
1318 1.0
1324 1.0
