3 1.0
13 1.0
28 1.0
32 1.3010299956639813
41 1.0
42 1.0
50 1.0
53 1.0
54 1.4771212547196624
56 1.0
61 1.0
76 1.0
83 1.0
93 1.4771212547196624
100 1.0
103 1.3010299956639813
113 1.6020599913279625
114 1.6020599913279625
121 1.0
138 1.0
180 1.3010299956639813
200 1.0
201 1.0
211 1.0
217 1.3010299956639813
235 1.0
261 1.0
273 1.3010299956639813
274 1.0
277 1.3010299956639813
293 1.0
309 1.0
310 1.0
316 1.0
341 1.0
356 1.0
373 1.0
387 1.0
394 1.0
398 1.0
402 1.0
412 1.0
420 1.4771212547196624
424 1.0
427 1.0
429 1.3010299956639813
430 1.3010299956639813
432 1.0
434 1.0
440 1.0
449 1.3010299956639813
463 1.0
472 1.0
482 1.4771212547196624
487 1.0
498 1.0
504 1.0
506 1.0
517 1.0
536 1.0
537 1.0
539 1.3010299956639813
540 1.4771212547196624
543 1.0
544 1.0
552 1.3010299956639813
557 1.0
565 1.3010299956639813
566 1.0
573 1.0
574 1.0
577 1.0
586 1.0
589 1.3010299956639813
597 1.0
598 1.0
613 1.3010299956639813
614 1.0
622 1.3010299956639813
653 1.0
658 1.0
663 1.0
668 1.0
674 1.0
675 1.0
677 1.3010299956639813
680 1.0
682 1.0
688 1.0
689 1.0
690 1.0
691 1.0
692 1.0
695 1.0
698 1.0
713 1.3010299956639813
731 1.0
740 1.0
743 1.0
747 1.0
748 1.6020599913279625
754 1.0
756 1.3010299956639813
770 1.0
779 1.0
780 1.0
787 1.4771212547196624
794 1.3010299956639813
797 1.0
807 1.0
837 1.0
839 1.3010299956639813
840 1.3010299956639813
845 1.3010299956639813
848 1.0
855 1.0
870 1.0
884 1.0
893 1.4771212547196624
897 1.0
901 1.0
914 1.3010299956639813
924 1.6020599913279625
929 1.0
948 1.3010299956639813
964 1.0
989 1.0
1002 1.0
1013 1.0
1028 1.4771212547196624
1034 1.0
1039 1.3010299956639813
1044 1.845098040014257
1048 1.3010299956639813
1060 1.0
1062 1.0
1065 1.0
1068 1.3010299956639813
1071 1.3010299956639813
1085 1.3010299956639813
1086 1.0
1090 1.0
1110 1.4771212547196624
1117 1.0
1118 1.0
1120 1.0
1127 1.3010299956639813
1128 1.3010299956639813
1129 1.0
1130 1.0
1135 1.0
1136 1.0
1137 1.0
1138 1.0
1153 1.0
1160 1.0
1193 1.0
1194 1.0
1205 1.3010299956639813
1222 1.3010299956639813
1239 1.0
1251 1.0
1274 1.3010299956639813
1283 1.0
1321 1.0
