8 1.0
9 1.0
17 1.3010299956639813
37 1.0
41 1.0
43 1.0
47 1.3010299956639813
55 1.6020599913279625
64 1.0
65 1.0
75 1.0
77 2.255272505103306
79 1.0
81 2.113943352306837
96 1.3010299956639813
100 1.845098040014257
107 1.0
111 1.0
118 1.0
125 1.0
136 1.0
144 1.0
147 1.0
152 1.0
158 1.0
161 1.0
171 1.4771212547196624
176 1.0
179 1.0
185 1.0
190 1.0
192 1.6020599913279625
200 1.3010299956639813
201 1.3010299956639813
223 1.3010299956639813
229 1.4771212547196624
231 1.3010299956639813
234 1.0
236 1.0
243 1.0
246 1.0
249 1.0
259 1.0
260 1.0
265 1.0
267 1.0
268 1.7781512503836436
278 1.0
298 1.6020599913279625
312 1.0
313 1.6020599913279625
317 1.0
319 1.0
322 1.0
323 1.0
333 1.0
334 1.0
344 1.0
346 1.845098040014257
350 1.0
362 1.4771212547196624
367 1.0
380 1.3010299956639813
381 1.0
395 1.3010299956639813
399 1.3010299956639813
400 1.7781512503836436
403 1.0
408 1.0
409 1.0
412 1.0
417 1.0
434 1.0
440 1.0
445 1.0
452 1.0
459 1.0
462 1.0
464 1.0
465 1.0
468 1.0
469 1.0
474 1.3010299956639813
479 1.0
494 1.0
499 1.0
500 1.0
511 1.0
515 1.0
520 1.0
526 1.3010299956639813
527 1.0
531 1.0
534 1.845098040014257
537 1.3010299956639813
542 1.0
545 1.0
549 1.0
560 1.6020599913279625
571 1.0
581 1.0
589 1.3010299956639813
609 1.0
620 1.0
622 1.3010299956639813
635 1.0
637 1.3010299956639813
640 1.6989700043360187
645 1.0
656 1.3010299956639813
658 1.3010299956639813
664 1.0
666 1.4771212547196624
669 1.6989700043360187
673 1.0
678 1.0
679 1.0
681 1.3010299956639813
688 1.3010299956639813
689 1.0
690 1.0
693 1.0
696 1.9030899869919435
709 1.0
710 1.3010299956639813
713 1.0
721 1.3010299956639813
730 1.0
739 1.0
740 1.0
749 1.0
756 1.0
762 1.4771212547196624
765 1.0
770 1.0
771 1.4771212547196624
782 1.0
783 1.0
787 1.0
788 1.0
794 1.3010299956639813
812 1.0
814 1.0
821 1.0
824 1.7781512503836436
825 1.7781512503836436
838 1.0
845 1.0
855 1.0
858 1.4771212547196624
865 1.0
885 1.0
896 1.0
897 1.0
901 1.4771212547196624
903 1.6020599913279625
918 1.0
927 1.0
950 1.3010299956639813
969 1.3010299956639813
982 1.0
983 1.0
988 1.3010299956639813
993 1.0
1005 1.0
1011 1.0
1012 1.0
1015 1.0
1016 1.0
1021 1.0
1028 1.3010299956639813
1047 1.0
1057 1.0
1058 1.0
1061 1.3010299956639813
1071 1.0
1072 1.0
1074 1.4771212547196624
1075 1.4771212547196624
1076 1.0
1090 1.3010299956639813
1096 1.0
1114 1.6020599913279625
1119 1.0
1127 1.3010299956639813
1128 1.3010299956639813
1129 1.4771212547196624
1130 1.4771212547196624
1155 1.0
1159 1.6020599913279625
1161 1.3010299956639813
1185 1.0
1190 1.3010299956639813
1193 1.4771212547196624
1198 1.0
1214 1.3010299956639813
1226 1.0
1228 1.0
1235 1.3010299956639813
1236 1.0
1244 1.0
1258 1.0
1263 1.0
1264 1.4771212547196624
1266 1.0
1277 1.3010299956639813
1279 1.9030899869919435
1284 1.3010299956639813
1289 1.3010299956639813
1297 1.3010299956639813
1298 1.0
1307 1.0
1312 1.3010299956639813
1320 1.0
