3 1.3010299956639813
31 1.0
34 1.0
50 1.0
102 1.0
115 1.0
244 1.0
289 1.0
374 1.0
392 1.3010299956639813
434 1.6989700043360187
441 1.3010299956639813
553 1.0
652 1.3010299956639813
663 1.3010299956639813
665 1.0
668 1.0
741 1.3010299956639813
747 1.0
748 1.0
749 1.0
757 1.3010299956639813
788 1.0
807 1.0
811 1.0
815 1.3010299956639813
824 1.0
825 1.0
839 1.0
840 1.0
1049 1.7781512503836436
1063 1.3010299956639813
1073 1.0
1102 1.0
1183 1.4771212547196624
1212 1.0
1270 1.6989700043360187
1281 1.0
1285 1.6020599913279625
1292 1.3010299956639813
1294 2.0
1304 2.0413926851582254
1309 1.4771212547196624
1311 1.0
