54 1.0
99 1.0
130 1.0
199 1.0
216 1.0
228 1.3010299956639813
249 1.0
253 1.0
260 1.3010299956639813
266 1.0
295 1.0
297 1.0
337 1.3010299956639813
348 1.0
355 1.0
399 1.0
403 1.0
405 1.0
429 1.0
570 1.0
594 1.4771212547196624
651 1.0
672 1.0
679 1.0
697 1.4771212547196624
708 1.4771212547196624
727 1.0
737 1.4771212547196624
776 1.0
820 1.0
821 1.0
823 1.3010299956639813
881 1.0
893 1.0
930 1.0
982 1.0
1041 1.0
1042 1.0
1043 1.3010299956639813
1069 1.3010299956639813
1126 1.3010299956639813
1143 1.0
1144 1.0
1157 1.0
1183 1.0
1193 1.0
1209 1.4771212547196624
1237 1.3010299956639813
1240 1.0
1286 1.0
