1 1.6989700043360187
19 1.6989700043360187
21 1.0
22 1.0
28 1.6020599913279625
29 1.4771212547196624
54 1.4771212547196624
61 1.0
66 1.0
73 1.0
75 1.3010299956639813
76 1.6020599913279625
83 2.0
93 2.230448921378274
113 2.0
114 2.0
116 1.0
121 2.0413926851582254
135 1.0
137 1.7781512503836436
179 1.3010299956639813
181 1.3010299956639813
194 1.0
208 1.7781512503836436
211 1.0
216 1.0
224 1.0
226 1.3010299956639813
231 1.0
232 1.0
242 1.0
263 1.0
273 1.4771212547196624
274 1.4771212547196624
289 1.3010299956639813
290 1.0
293 1.6989700043360187
302 1.9030899869919435
305 1.6020599913279625
307 1.0
329 1.3010299956639813
340 1.3010299956639813
350 1.0
375 1.6989700043360187
380 1.0
402 1.0
408 1.4771212547196624
420 1.3010299956639813
429 1.3010299956639813
473 1.0
484 1.0
498 1.0
499 1.0
540 1.3010299956639813
550 1.3010299956639813
567 1.0
587 1.0
589 1.3010299956639813
591 1.0
595 1.0
596 1.0
608 1.0
619 1.0
625 1.3010299956639813
633 1.0
654 1.3010299956639813
659 1.3010299956639813
669 1.3010299956639813
687 1.0
689 1.0
694 1.0
695 1.0
713 1.0
714 1.0
715 1.0
765 1.6020599913279625
769 1.0
770 1.3010299956639813
771 1.3010299956639813
780 1.0
789 1.0
812 1.0
814 1.0
819 1.3010299956639813
822 1.0
824 1.0
825 1.0
837 1.3010299956639813
845 1.3010299956639813
854 1.845098040014257
855 1.0
864 1.3010299956639813
884 1.4771212547196624
889 1.0
890 1.0
893 1.0
895 1.0
896 1.3010299956639813
903 1.0
904 1.3010299956639813
922 1.0
929 1.9542425094393248
933 1.0
941 2.0413926851582254
959 1.3010299956639813
960 1.6020599913279625
963 1.3010299956639813
964 1.0
975 1.0
989 1.0
992 1.6989700043360187
1000 1.4771212547196624
1007 1.3010299956639813
1017 1.6020599913279625
1019 1.4771212547196624
1028 2.146128035678238
1031 1.7781512503836436
1032 1.0
1056 1.0
1065 1.3010299956639813
1072 1.0
1079 1.0
1096 1.0
1191 1.0
1195 1.0
1234 1.0
1240 1.7781512503836436
1283 2.079181246047625
1298 1.0
1304 1.0
