16 1.0
34 1.3010299956639813
39 1.0
47 1.0
48 1.0
54 1.0
62 1.3010299956639813
70 1.3010299956639813
74 1.4771212547196624
76 1.0
80 1.6989700043360187
84 1.6989700043360187
91 1.0
93 1.0
98 1.3010299956639813
118 1.3010299956639813
122 1.3010299956639813
133 1.0
135 1.0
136 1.4771212547196624
141 1.0
145 1.0
166 1.0
180 1.0
183 1.0
185 1.0
197 1.0
205 1.4771212547196624
209 1.3010299956639813
210 1.0
211 1.6020599913279625
214 1.4771212547196624
215 1.0
216 1.0
220 1.0
221 1.0
222 1.0
223 1.3010299956639813
224 1.0
225 1.0
228 1.0
229 1.0
231 1.0
247 1.0
251 1.0
255 1.3010299956639813
272 1.0
277 1.0
281 1.0
283 1.0
315 1.0
325 1.3010299956639813
327 1.0
335 1.3010299956639813
337 1.0
360 1.0
365 1.0
379 1.0
390 1.0
394 1.0
403 1.4771212547196624
414 1.0
415 1.0
420 1.0
428 1.0
434 1.0
436 1.0
438 1.0
440 1.0
443 1.0
446 1.0
453 1.0
455 1.3010299956639813
457 1.0
461 1.0
462 1.4771212547196624
468 1.0
472 1.3010299956639813
484 1.0
491 1.0
496 1.0
500 1.0
501 1.0
502 1.0
506 1.3010299956639813
510 1.0
512 1.0
521 1.0
523 1.0
528 1.0
531 1.0
538 1.0
540 1.0
542 1.0
545 1.6020599913279625
555 1.0
556 1.6020599913279625
558 1.4771212547196624
572 1.6989700043360187
581 1.3010299956639813
597 1.0
598 1.0
599 1.3010299956639813
601 1.4771212547196624
605 1.0
606 1.0
631 1.3010299956639813
644 1.0
651 1.0
652 1.0
664 1.3010299956639813
669 1.3010299956639813
677 1.4771212547196624
679 1.0
681 1.6020599913279625
685 1.3010299956639813
687 1.0
690 1.0
693 1.6989700043360187
703 1.3010299956639813
704 1.0
710 1.3010299956639813
714 1.6020599913279625
716 1.0
718 1.6989700043360187
720 1.0
722 1.0
727 1.0
731 1.0
733 1.3010299956639813
741 1.0
742 1.0
744 1.3010299956639813
746 1.0
748 1.0
749 1.4771212547196624
758 1.0
773 1.4771212547196624
782 1.0
786 1.0
790 1.9030899869919435
792 1.3010299956639813
795 1.0
814 1.0
817 1.0
818 1.0
822 1.0
824 1.0
825 1.0
841 1.0
848 1.0
877 1.0
881 1.0
912 1.0
921 1.0
942 1.4771212547196624
951 1.0
1027 1.0
1030 1.0
1034 1.0
1047 1.0
1052 1.4771212547196624
1053 1.0
1068 1.0
1072 1.0
1096 1.0
1099 1.7781512503836436
1126 1.6020599913279625
1149 1.0
1150 1.0
1152 1.0
1161 1.0
1177 1.0
1190 1.0
1194 1.0
1213 1.0
1228 1.0
1230 1.0
1231 1.0
1235 1.3010299956639813
1243 1.4771212547196624
1259 1.3010299956639813
1261 1.0
1263 1.0
1267 1.0
1268 1.0
1269 1.0
1270 1.0
1293 1.0
1297 1.3010299956639813
1298 1.0
1303 1.0
1304 1.0
1307 1.3010299956639813
1323 1.0
