2 1.0
3 1.0
12 1.0
73 1.0
76 1.0
81 1.0
99 1.0
116 1.0
118 1.0
174 1.0
211 1.3010299956639813
223 1.3010299956639813
228 1.0
244 1.0
247 1.0
272 1.0
275 1.0
278 1.0
309 1.3010299956639813
314 1.0
351 1.4771212547196624
387 1.0
392 1.0
398 1.3010299956639813
399 1.0
420 1.0
421 1.3010299956639813
431 1.0
433 1.0
444 1.0
446 1.0
463 1.4771212547196624
493 1.0
494 1.0
496 1.0
500 1.0
536 1.0
542 1.0
545 1.0
550 1.0
555 1.0
565 1.3010299956639813
566 1.0
587 1.0
589 1.0
591 1.0
608 1.0
638 1.0
647 1.3010299956639813
650 1.3010299956639813
651 1.0
658 1.3010299956639813
670 1.0
676 1.0
682 1.0
692 1.0
693 1.0
694 1.0
695 1.0
703 1.0
754 1.0
914 1.0
915 1.0
929 1.0
1029 1.3010299956639813
1036 1.0
1043 1.0
1065 1.4771212547196624
1067 1.0
1086 1.0
1090 1.0
1107 1.0
1109 1.0
1117 1.0
1118 1.0
1119 1.0
1143 1.0
1144 1.0
1202 1.0
1204 1.0
1222 1.0
1231 1.3010299956639813
1254 1.0
1261 1.0
1269 1.0
1275 1.0
1290 1.0
