28 1.0
32 1.6020599913279625
61 1.0
71 1.0
102 1.0
177 1.0
213 1.0
234 1.0
251 1.4771212547196624
253 1.0
256 1.3010299956639813
272 1.4771212547196624
277 1.0
281 1.0
293 1.6989700043360187
302 1.0
314 1.4771212547196624
329 1.0
335 1.0
350 1.6020599913279625
388 1.3010299956639813
398 1.9030899869919435
429 1.0
455 1.0
465 1.0
479 1.0
496 1.3010299956639813
498 1.3010299956639813
506 1.0
517 1.0
531 1.0
532 1.0
535 1.0
537 1.0
539 1.7781512503836436
556 1.0
561 1.0
566 1.3010299956639813
573 1.4771212547196624
574 1.4771212547196624
577 1.0
582 1.0
583 1.0
584 1.0
585 1.0
591 1.3010299956639813
608 1.4771212547196624
625 1.0
644 1.0
651 1.3010299956639813
657 1.0
677 1.6989700043360187
678 1.0
687 1.0
688 1.0
689 1.0
692 1.3010299956639813
706 1.0
710 1.0
711 1.0
715 1.0
741 1.0
745 1.3010299956639813
748 1.0
756 1.0
783 1.0
793 1.0
794 1.0
799 1.0
824 1.0
825 1.0
826 1.3010299956639813
837 1.0
839 1.4771212547196624
840 1.4771212547196624
845 1.0
851 1.3010299956639813
854 1.0
870 1.3010299956639813
878 1.3010299956639813
893 1.4771212547196624
895 1.3010299956639813
896 1.0
903 1.4771212547196624
939 1.3010299956639813
941 1.6020599913279625
947 1.0
952 1.0
953 1.6020599913279625
963 1.3010299956639813
985 1.4771212547196624
989 1.6020599913279625
1002 1.0
1007 1.0
1031 1.3010299956639813
1032 1.7781512503836436
1040 1.0
1072 1.3010299956639813
1088 1.0
1105 1.3010299956639813
1106 1.3010299956639813
1152 1.0
1232 1.3010299956639813
1240 1.0
1254 1.3010299956639813
1290 1.3010299956639813
