14 1.0
15 1.0
21 1.0
26 1.3010299956639813
32 1.3010299956639813
36 1.0
94 1.0
99 1.0
102 1.0
116 1.0
136 1.0
139 1.0
140 1.0
146 1.0
176 1.6989700043360187
209 1.0
210 1.0
214 1.0
245 1.3010299956639813
254 1.3010299956639813
270 1.0
289 1.0
301 1.0
305 1.3010299956639813
314 1.0
329 1.0
356 1.0
374 1.0
376 1.4771212547196624
379 1.4771212547196624
399 1.0
409 1.0
412 1.3010299956639813
417 1.0
424 1.0
425 1.0
443 1.0
487 1.0
506 1.3010299956639813
511 1.0
534 1.0
537 1.3010299956639813
566 1.0
570 1.0
577 1.0
589 1.0
640 1.0
651 1.4771212547196624
656 1.0
665 1.0
671 1.0
679 1.0
688 1.0
690 1.0
693 1.0
697 1.3010299956639813
707 1.0
742 1.0
748 1.0
764 1.0
781 1.0
792 1.6020599913279625
802 1.3010299956639813
803 1.3010299956639813
811 1.0
824 1.0
825 1.0
839 1.0
840 1.0
889 1.845098040014257
890 1.845098040014257
940 1.0
949 1.0
959 1.0
979 1.0
1020 1.0
1023 1.0
1050 1.3010299956639813
1052 1.6020599913279625
1071 1.0
1081 1.0
1104 1.3010299956639813
1117 1.4771212547196624
1118 1.4771212547196624
1121 1.0
1127 1.0
1128 1.0
1129 1.0
1130 1.0
1158 1.0
1161 1.3010299956639813
1165 1.3010299956639813
1171 1.0
1177 1.0
1204 1.0
1214 1.0
1218 1.0
1221 1.0
1224 1.0
1232 1.0
1233 1.0
1235 1.0
1237 1.0
1238 1.0
1276 1.0
1277 1.0
1278 1.0
1288 1.0
1304 1.0
1312 1.0
