0 1.0
12 1.0
13 1.0
43 1.0
47 1.6020599913279625
65 1.0
70 1.0
74 1.3010299956639813
81 1.0
83 1.0
107 1.3010299956639813
110 1.0
127 1.6020599913279625
130 1.6020599913279625
132 1.4771212547196624
133 1.3010299956639813
138 1.0
155 1.0
157 1.6989700043360187
160 1.7781512503836436
176 1.3010299956639813
230 1.845098040014257
251 1.0
264 1.0
270 1.3010299956639813
273 1.4771212547196624
277 1.6020599913279625
289 1.0
314 1.3010299956639813
319 1.4771212547196624
332 1.0
337 1.6989700043360187
341 1.0
366 1.3010299956639813
367 1.3010299956639813
374 1.4771212547196624
395 1.6020599913279625
398 1.7781512503836436
400 1.0
435 1.3010299956639813
438 1.3010299956639813
443 1.4771212547196624
457 1.0
473 1.0
496 1.3010299956639813
499 1.0
504 1.0
540 1.0
541 1.3010299956639813
543 1.3010299956639813
544 1.3010299956639813
556 1.4771212547196624
559 1.0
561 1.0
565 1.0
577 1.0
578 1.0
582 1.3010299956639813
583 1.3010299956639813
588 2.113943352306837
592 1.4771212547196624
596 1.4771212547196624
636 1.0
642 1.0
657 1.0
658 1.0
659 1.0
676 1.4771212547196624
692 1.4771212547196624
694 1.6989700043360187
703 1.0
705 1.0
724 1.6020599913279625
761 1.6020599913279625
769 1.0
799 1.0
809 1.6020599913279625
812 1.0
814 1.0
815 1.845098040014257
819 1.3010299956639813
823 1.0
839 1.0
840 1.0
845 1.4771212547196624
850 1.4771212547196624
851 1.3010299956639813
852 1.3010299956639813
881 1.0
893 1.3010299956639813
900 1.4771212547196624
901 1.3010299956639813
903 1.3010299956639813
906 1.0
931 1.0
941 1.3010299956639813
947 1.0
965 1.0
970 1.3010299956639813
977 1.3010299956639813
983 1.0
984 1.6989700043360187
988 1.3010299956639813
995 1.4771212547196624
1000 1.0
1003 1.4771212547196624
1005 1.0
1008 1.0
1013 1.0
1028 1.6989700043360187
1034 1.0
1037 1.3010299956639813
1048 1.0
1049 1.0
1050 1.0
1054 1.0
1065 1.4771212547196624
1080 1.6020599913279625
1084 1.0
1085 1.0
1093 1.0
1096 1.3010299956639813
1108 1.0
1127 1.0
1128 1.0
1129 1.0
1130 1.0
1155 1.0
1175 1.3010299956639813
1178 1.9542425094393248
1182 1.0
1188 1.0
1189 1.0
1192 1.0
1197 1.4771212547196624
1206 1.0
1208 1.0
1211 1.0
1221 2.3010299956639813
1231 1.3010299956639813
1268 1.3010299956639813
1280 1.0
