2 1.3010299956639813
5 1.3010299956639813
15 1.0
22 1.0
23 1.0
24 1.0
25 1.0
38 1.0
39 1.3010299956639813
41 1.0
47 1.6989700043360187
54 1.0
56 1.3010299956639813
58 1.6989700043360187
63 1.3010299956639813
64 1.0
65 1.3010299956639813
69 1.0
70 1.3010299956639813
77 1.9030899869919435
96 1.3010299956639813
97 1.9542425094393248
107 1.4771212547196624
110 1.6020599913279625
117 1.3010299956639813
121 1.0
125 1.0
132 1.6989700043360187
139 1.4771212547196624
140 1.0
142 1.0
160 1.9542425094393248
166 1.0
170 1.7781512503836436
178 1.3010299956639813
179 1.7781512503836436
181 1.0
186 1.0
187 1.0
189 1.3010299956639813
192 1.0
193 1.4771212547196624
197 1.3010299956639813
198 1.3010299956639813
200 1.0
201 1.0
251 1.3010299956639813
263 1.0
265 1.3010299956639813
270 1.9030899869919435
272 1.0
277 1.6989700043360187
281 1.0
284 1.0
288 1.4771212547196624
293 1.0
302 1.0
304 1.0
305 1.0
314 1.4771212547196624
322 1.3010299956639813
323 1.6020599913279625
334 1.4771212547196624
337 1.7781512503836436
341 1.3010299956639813
342 1.0
344 1.6020599913279625
346 1.0
349 1.0
353 1.6020599913279625
362 1.4771212547196624
364 1.3010299956639813
367 1.6020599913279625
371 1.0
375 1.9542425094393248
378 1.3010299956639813
388 1.0
391 1.0
400 1.4771212547196624
406 1.0
410 1.0
413 1.0
419 1.0
459 1.4771212547196624
472 1.0
494 1.4771212547196624
496 1.6020599913279625
498 1.3010299956639813
501 1.0
518 1.0
540 1.3010299956639813
541 1.7781512503836436
554 1.3010299956639813
570 1.0
576 1.0
586 1.3010299956639813
596 1.6020599913279625
604 1.0
609 1.0
613 1.0
615 1.7781512503836436
620 1.4771212547196624
630 1.6020599913279625
635 1.0
636 1.3010299956639813
639 1.3010299956639813
640 1.0
645 1.0
654 1.0
656 1.3010299956639813
658 1.3010299956639813
664 1.0
665 1.0
666 1.4771212547196624
669 1.0
670 1.3010299956639813
676 1.7781512503836436
678 1.0
680 1.0
682 1.0
687 1.4771212547196624
689 2.204119982655925
692 1.7781512503836436
694 1.9542425094393248
696 1.0
698 1.6020599913279625
705 1.3010299956639813
715 1.4771212547196624
730 1.0
731 1.0
732 1.0
740 1.0
742 2.0
743 1.0
764 1.0
771 1.0
772 1.0
778 1.0
783 1.3010299956639813
787 1.4771212547196624
794 1.0
838 1.0
843 1.6020599913279625
844 1.0
856 1.3010299956639813
863 1.0
866 1.0
872 1.0
874 1.0
880 1.0
881 1.3010299956639813
893 1.4771212547196624
901 1.845098040014257
903 1.4771212547196624
906 1.3010299956639813
915 1.0
923 1.3010299956639813
927 1.3010299956639813
935 1.0
942 1.4771212547196624
948 1.0
952 1.0
968 1.0
969 1.0
973 1.3010299956639813
976 1.0
981 1.0
990 1.0
991 1.3010299956639813
997 1.0
1015 1.0
1016 1.845098040014257
1019 1.4771212547196624
1021 1.3010299956639813
1023 1.0
1028 1.9030899869919435
1029 1.0
1047 1.0
1049 1.4771212547196624
1054 1.3010299956639813
1055 1.0
1057 1.0
1058 1.0
1072 1.3010299956639813
1074 2.0
1075 2.0
1090 1.0
1093 1.6989700043360187
1100 1.4771212547196624
1109 1.0
1110 1.4771212547196624
1117 1.3010299956639813
1118 1.3010299956639813
1127 1.9030899869919435
1128 1.9030899869919435
1129 2.5185139398778875
1130 2.5185139398778875
1140 1.0
1141 1.0
1142 1.0
1150 1.7781512503836436
1155 1.3010299956639813
1159 1.3010299956639813
1160 1.4771212547196624
1165 1.4771212547196624
1174 1.0
1176 1.6989700043360187
1180 1.0
1181 1.0
1193 1.4771212547196624
1198 1.0
1217 1.0
1218 1.0
1226 1.0
1231 1.4771212547196624
1234 1.0
1258 1.0
1260 1.0
1265 1.0
1268 1.7781512503836436
1276 1.0
1285 1.6020599913279625
1289 1.0
1302 1.0
