0 1.0
15 1.0
32 1.3010299956639813
54 1.0
65 1.0
73 1.3010299956639813
94 1.0
112 1.3010299956639813
127 1.0
136 1.0
152 1.0
172 1.3010299956639813
196 1.0
202 1.4771212547196624
203 1.3010299956639813
229 1.0
234 1.0
235 1.0
256 1.0
265 1.0
271 1.6020599913279625
273 1.0
274 1.0
275 1.6020599913279625
280 1.0
308 1.0
309 1.3010299956639813
329 1.4771212547196624
340 1.3010299956639813
352 1.0
374 1.3010299956639813
385 1.0
398 1.0
399 1.0
402 1.3010299956639813
420 1.6989700043360187
429 1.0
433 1.0
441 1.0
452 2.0413926851582254
482 1.0
498 1.4771212547196624
504 1.3010299956639813
522 1.0
525 1.0
536 1.4771212547196624
538 1.0
545 1.845098040014257
547 1.4771212547196624
548 1.0
550 1.0
558 1.0
565 1.0
566 1.0
567 1.3010299956639813
570 1.0
572 1.0
575 1.0
577 1.7781512503836436
592 1.3010299956639813
599 1.0
610 1.0
613 1.3010299956639813
621 1.0
624 1.3010299956639813
641 1.0
643 1.6020599913279625
663 1.0
668 1.0
677 1.0
692 1.0
707 1.0
736 1.3010299956639813
743 1.0
750 1.0
784 1.0
795 1.0
798 1.0
812 1.0
826 1.0
831 1.3010299956639813
837 1.3010299956639813
842 1.0
851 1.4771212547196624
855 1.0
870 1.0
888 1.0
893 1.3010299956639813
929 1.0
935 1.0
954 1.3010299956639813
958 1.0
963 1.3010299956639813
967 1.3010299956639813
974 1.3010299956639813
984 1.0
989 1.3010299956639813
990 1.3010299956639813
996 1.4771212547196624
1000 1.0
1032 1.0
1038 1.0
1062 1.0
1065 1.3010299956639813
1072 2.0
1079 1.0
1082 1.3010299956639813
1088 1.0
1093 1.0
1113 1.6989700043360187
1121 1.6020599913279625
1126 1.0
1151 1.0
1165 1.0
1212 1.0
1219 1.0
1221 1.0
1238 1.0
1241 1.0
1301 1.6989700043360187
