113 1.0
114 1.0
122 1.3010299956639813
171 1.0
202 1.0
247 1.6020599913279625
264 2.3010299956639813
280 1.4771212547196624
295 1.7781512503836436
352 1.0
398 1.0
442 1.3010299956639813
535 1.9030899869919435
638 1.0
643 1.0
658 1.6020599913279625
735 1.845098040014257
739 2.3979400086720375
781 1.0
813 1.0
864 1.6020599913279625
885 2.146128035678238
896 1.0
933 1.0
939 1.0
948 1.0
952 1.3010299956639813
1013 2.255272505103306
1016 1.0
1033 1.6020599913279625
1104 1.3010299956639813
1120 1.6989700043360187
1127 1.0
1128 1.0
1150 1.0
1211 1.0
1304 1.0
