12 1.0
14 1.0
15 1.3010299956639813
21 1.3010299956639813
25 1.4771212547196624
29 1.0
33 1.0
34 1.3010299956639813
36 1.6989700043360187
38 1.3010299956639813
41 1.0
45 2.1760912590556813
47 1.4771212547196624
50 1.0
51 1.3010299956639813
61 1.3010299956639813
62 1.3010299956639813
64 1.6989700043360187
65 1.6020599913279625
67 2.0413926851582254
69 1.3010299956639813
71 1.0
74 1.0
75 1.3010299956639813
77 1.6989700043360187
82 1.0
84 1.3010299956639813
86 1.0
89 1.4771212547196624
91 1.3010299956639813
93 1.3010299956639813
97 1.0
99 1.0
100 1.845098040014257
105 1.0
108 1.0
111 1.0
115 1.3010299956639813
118 1.0
122 1.3010299956639813
123 1.0
124 1.0
127 1.4771212547196624
135 1.0
136 1.0
141 1.9030899869919435
142 1.0
143 1.0
144 1.0
146 1.6020599913279625
151 1.3010299956639813
155 1.4771212547196624
157 1.0
158 1.0
161 1.0
164 1.0
165 1.0
167 1.0
168 1.6020599913279625
170 1.4771212547196624
175 1.3010299956639813
177 1.0
179 1.0
180 1.4771212547196624
189 1.3010299956639813
191 1.0
192 1.4771212547196624
193 1.4771212547196624
197 1.4771212547196624
198 1.0
200 1.0
201 1.0
209 1.0
210 1.3010299956639813
215 1.0
228 1.0
229 1.0
241 1.0
242 1.0
251 1.0
254 1.6989700043360187
255 1.3010299956639813
257 1.0
259 1.0
263 1.0
264 1.0
267 1.3010299956639813
274 1.6989700043360187
280 1.0
281 1.3010299956639813
287 1.6989700043360187
288 1.0
289 1.4771212547196624
291 1.3010299956639813
300 1.3010299956639813
303 1.0
305 1.0
314 1.0
318 1.0
319 2.3010299956639813
322 1.0
323 1.9542425094393248
324 1.0
326 1.0
328 1.3010299956639813
329 1.7781512503836436
332 1.0
334 1.7781512503836436
335 1.0
336 1.3010299956639813
337 1.0
343 1.0
344 1.4771212547196624
345 1.0
349 1.3010299956639813
355 1.0
360 1.4771212547196624
361 1.4771212547196624
362 1.4771212547196624
368 1.3010299956639813
369 1.0
372 1.0
373 1.3010299956639813
378 1.0
380 1.3010299956639813
383 1.7781512503836436
388 2.3010299956639813
408 1.3010299956639813
410 1.3010299956639813
413 1.0
422 1.3010299956639813
424 1.0
427 1.0
428 1.0
438 1.0
439 1.3010299956639813
440 1.0
443 1.0
446 1.3010299956639813
449 1.0
450 1.0
458 1.0
464 1.3010299956639813
465 1.0
472 1.3010299956639813
473 1.6989700043360187
478 1.0
483 1.0
487 1.3010299956639813
488 1.0
490 1.0
491 1.6989700043360187
494 1.0
497 1.0
500 1.9542425094393248
503 1.0
506 1.3010299956639813
512 1.3010299956639813
513 1.0
514 1.3010299956639813
518 1.0
525 1.3010299956639813
529 1.0
530 1.3010299956639813
535 1.6020599913279625
537 1.0
539 1.0
540 1.0
545 1.0
550 1.0
555 1.3010299956639813
559 1.3010299956639813
564 1.3010299956639813
566 2.0413926851582254
568 1.6989700043360187
569 1.6989700043360187
571 1.0
577 1.3010299956639813
578 1.0
582 1.0
583 1.0
584 1.0
585 1.0
589 1.0
592 1.0
597 1.845098040014257
598 1.845098040014257
599 1.4771212547196624
601 1.0
602 1.4771212547196624
603 1.4771212547196624
604 1.0
609 1.3010299956639813
611 1.0
615 1.7781512503836436
618 1.0
619 1.0
624 1.6989700043360187
625 1.0
631 1.0
633 1.0
637 1.7781512503836436
638 1.0
643 1.0
645 1.4771212547196624
650 1.0
654 1.0
656 1.0
657 1.845098040014257
666 1.0
676 1.0
677 1.6020599913279625
678 1.0
681 1.0
682 1.3010299956639813
683 1.0
684 1.6020599913279625
687 1.4771212547196624
688 1.3010299956639813
689 1.7781512503836436
690 1.6020599913279625
691 1.3010299956639813
692 1.3010299956639813
693 1.0
694 1.6989700043360187
695 1.6020599913279625
698 1.0
703 1.0
706 2.0
707 1.4771212547196624
710 1.0
711 1.0
714 1.0
715 1.6989700043360187
716 1.0
717 1.0
721 1.9542425094393248
723 1.9030899869919435
730 1.4771212547196624
731 1.3010299956639813
733 2.204119982655925
737 1.3010299956639813
739 1.6020599913279625
742 1.3010299956639813
749 1.0
751 2.0
756 1.0
759 1.3010299956639813
761 1.6020599913279625
762 1.0
764 1.3010299956639813
769 1.0
770 1.3010299956639813
771 1.4771212547196624
772 1.0
783 1.3010299956639813
785 1.0
787 1.0
788 1.6020599913279625
793 1.0
794 1.0
795 1.0
805 1.0
807 1.0
813 1.0
819 1.4771212547196624
822 1.0
824 1.6020599913279625
825 1.6020599913279625
826 1.0
832 1.0
833 1.0
839 1.6020599913279625
840 1.6020599913279625
841 1.4771212547196624
845 1.0
851 1.3010299956639813
852 1.4771212547196624
860 1.0
861 1.0
866 1.4771212547196624
868 1.0
869 1.0
870 1.0
871 1.0
879 1.3010299956639813
886 1.6020599913279625
891 1.0
893 1.0
896 1.3010299956639813
897 1.0
901 1.4771212547196624
904 1.0
905 1.0
906 1.7781512503836436
907 1.6020599913279625
908 1.0
920 1.0
922 1.4771212547196624
924 1.6989700043360187
933 1.0
935 1.0
941 1.0
942 1.3010299956639813
943 1.3010299956639813
944 1.3010299956639813
946 1.0
947 1.3010299956639813
951 1.4771212547196624
957 1.3010299956639813
958 1.0
959 1.845098040014257
964 1.0
965 1.3010299956639813
966 1.0
968 1.4771212547196624
969 1.0
970 1.6989700043360187
972 1.6020599913279625
974 1.0
978 1.7781512503836436
989 2.230448921378274
990 1.0
991 1.6989700043360187
1000 1.3010299956639813
1002 1.0
1003 1.4771212547196624
1004 1.0
1005 1.3010299956639813
1010 1.0
1019 1.0
1020 1.0
1021 1.6020599913279625
1027 1.0
1028 1.0
1031 1.0
1033 1.7781512503836436
1035 1.0
1047 1.3010299956639813
1048 1.9030899869919435
1049 1.6020599913279625
1050 1.6020599913279625
1052 1.4771212547196624
1053 1.0
1054 1.4771212547196624
1055 2.1760912590556813
1059 1.0
1060 1.0
1062 1.6989700043360187
1066 1.0
1068 1.3010299956639813
1072 1.0
1077 1.0
1079 1.0
1080 1.0
1085 1.6020599913279625
1086 1.0
1087 1.0
1091 1.3010299956639813
1093 1.6020599913279625
1096 2.079181246047625
1099 1.0
1119 1.3010299956639813
1121 1.0
1122 1.3010299956639813
1123 1.3010299956639813
1127 1.0
1128 1.0
1129 1.3010299956639813
1130 1.3010299956639813
1139 1.0
1140 1.6020599913279625
1145 1.0
1146 1.0
1147 1.6989700043360187
1148 1.6989700043360187
1149 1.0
1150 1.0
1151 1.3010299956639813
1153 1.0
1160 1.7781512503836436
1161 1.3010299956639813
1162 1.3010299956639813
1167 1.4771212547196624
1172 1.0
1174 1.0
1179 1.0
1182 1.0
1188 1.0
1192 1.3010299956639813
1193 1.0
1196 1.3010299956639813
1197 1.0
1202 1.3010299956639813
1211 1.0
1213 1.0
1216 1.4771212547196624
1217 1.3010299956639813
1218 1.4771212547196624
1219 1.0
1223 1.3010299956639813
1225 1.3010299956639813
1226 1.0
1227 1.3010299956639813
1228 1.4771212547196624
1229 1.0
1231 1.0
1234 1.4771212547196624
1235 1.6020599913279625
1239 1.3010299956639813
1241 1.6020599913279625
1242 1.0
1246 1.0
1247 1.6989700043360187
1253 1.0
1254 1.0
1255 1.0
1256 1.0
1258 1.6989700043360187
1260 1.0
1264 1.6020599913279625
1265 1.0
1266 1.6020599913279625
1268 1.3010299956639813
1270 1.6020599913279625
1271 1.3010299956639813
1272 1.3010299956639813
1276 1.0
1277 1.3010299956639813
1279 1.6020599913279625
1281 1.0
1283 1.0
1285 1.4771212547196624
1293 1.3010299956639813
1298 1.3010299956639813
1299 1.0
1302 1.0
1306 1.0
1307 1.3010299956639813
1309 1.3010299956639813
1311 1.6020599913279625
1313 1.0
1318 1.3010299956639813
1319 1.0
1320 1.4771212547196624
1322 1.4771212547196624
1324 1.0
