30 1.6020599913279625
72 1.0
74 1.6989700043360187
85 1.0
86 1.6989700043360187
88 1.4771212547196624
95 1.0
107 2.146128035678238
117 1.0
148 1.0
152 1.3010299956639813
163 1.0
167 1.0
185 1.6989700043360187
199 1.3010299956639813
227 1.0
234 1.0
251 1.3010299956639813
252 1.0
254 1.3010299956639813
258 1.845098040014257
266 1.3010299956639813
270 1.0
279 1.3010299956639813
280 1.0
295 1.4771212547196624
296 1.4771212547196624
322 1.6020599913279625
348 1.4771212547196624
353 1.845098040014257
354 1.3010299956639813
364 1.0
388 1.3010299956639813
411 1.0
412 1.0
435 1.4771212547196624
438 1.7781512503836436
443 1.9030899869919435
541 1.0
559 1.7781512503836436
579 1.3010299956639813
582 1.0
583 1.0
595 1.6020599913279625
596 1.0
607 1.6020599913279625
609 1.4771212547196624
625 1.0
630 1.0
643 1.0
648 1.845098040014257
651 1.0
656 1.3010299956639813
670 1.3010299956639813
671 1.3010299956639813
672 1.4771212547196624
697 1.0
715 1.0
717 1.6020599913279625
737 1.6020599913279625
764 1.6020599913279625
765 1.3010299956639813
770 1.0
776 1.0
779 1.0
861 1.0
872 1.6020599913279625
963 1.0
1005 1.3010299956639813
1009 1.3010299956639813
1018 1.3010299956639813
1021 1.0
1024 1.4771212547196624
1035 1.3010299956639813
1052 1.0
1069 1.3010299956639813
1095 1.6020599913279625
1098 1.6020599913279625
1151 1.3010299956639813
1158 1.0
1165 1.6989700043360187
1173 1.3010299956639813
1175 1.3010299956639813
1227 1.0
1228 1.0
1230 1.0
1233 1.6989700043360187
1266 1.0
1268 1.0
1276 1.0
