158 1.3010299956639813
171 1.3010299956639813
183 1.6989700043360187
209 1.7781512503836436
211 1.6989700043360187
217 1.0
220 1.0
222 1.0
224 1.6020599913279625
231 1.3010299956639813
244 1.3010299956639813
255 1.3010299956639813
278 1.0
313 1.0
428 1.0
460 1.0
468 1.4771212547196624
470 1.6989700043360187
475 1.4771212547196624
480 1.4771212547196624
506 1.0
520 1.3010299956639813
572 1.0
681 1.6020599913279625
685 1.0
714 1.6020599913279625
734 1.3010299956639813
744 1.3010299956639813
768 1.3010299956639813
773 1.3010299956639813
782 1.6989700043360187
786 1.7781512503836436
788 1.6989700043360187
790 1.845098040014257
1079 1.0
1205 1.0
1250 1.845098040014257
1257 1.3010299956639813
1263 1.4771212547196624
1273 1.6989700043360187
1291 1.6020599913279625
1303 2.0413926851582254
1312 1.6989700043360187
1315 1.6989700043360187
1323 1.0
