48 1.0
116 1.0
121 1.0
123 1.0
124 1.0
226 1.0
247 1.3010299956639813
253 1.0
255 1.0
305 1.0
329 1.0
382 1.0
414 1.0
454 1.0
536 1.0
539 1.3010299956639813
540 1.0
558 1.0
565 1.3010299956639813
615 1.3010299956639813
620 1.4771212547196624
635 1.6989700043360187
643 1.3010299956639813
644 1.0
658 1.0
664 1.0
690 1.0
701 1.0
708 1.0
745 1.0
748 1.0
749 1.0
761 1.0
775 1.0
778 1.0
788 1.0
808 1.3010299956639813
857 1.3010299956639813
889 1.0
890 1.0
896 1.0
914 1.0
915 1.0
919 1.3010299956639813
924 1.0
926 1.3010299956639813
968 1.0
985 1.0
989 1.3010299956639813
1003 1.0
1027 1.0
1040 1.0
1065 1.0
1068 1.3010299956639813
1196 1.0
1289 1.0
1314 1.3010299956639813
