14 1.0
24 1.0
34 1.0
47 1.0
59 1.0
60 1.0
77 1.3010299956639813
81 1.0
100 1.0
117 1.3010299956639813
142 1.4771212547196624
161 1.0
192 1.0
198 1.0
213 1.0
217 1.0
220 1.0
223 1.3010299956639813
244 1.0
257 1.0
259 1.0
313 1.0
319 1.0
329 1.0
333 1.0
341 1.0
386 1.0
400 1.0
405 1.0
425 1.0
427 1.0
428 1.0
432 1.0
436 1.0
444 1.3010299956639813
449 1.0
450 1.0
452 1.0
463 1.6020599913279625
467 1.0
468 1.0
473 1.0
474 1.0
480 1.0
494 1.0
497 1.0
520 1.0
534 1.0
540 1.0
560 1.0
568 1.0
569 1.0
590 1.0
597 1.0
598 1.0
599 1.0
601 1.0
622 1.0
626 1.0
647 1.0
657 1.0
659 1.0
671 1.0
681 1.0
685 1.0
696 1.0
701 1.0
702 1.0
708 1.0
715 1.3010299956639813
725 1.0
739 1.0
788 1.0
790 1.0
864 1.4771212547196624
876 1.0
885 1.0
914 1.0
915 1.3010299956639813
1013 1.0
1028 1.4771212547196624
1043 1.0
1052 1.0
1054 1.0
1065 1.0
1085 1.0
1091 1.0
1095 1.0
1096 1.0
1114 1.0
1126 1.0
1127 1.0
1128 1.0
1160 1.0
1174 1.0
1187 1.0
1268 1.0
1269 1.0
1272 1.3010299956639813
1278 1.0
1286 1.0
1296 1.0
1298 1.0
1302 1.3010299956639813
1304 1.4771212547196624
1321 1.0
1322 1.0
