24 1.3010299956639813
27 1.0
34 1.3010299956639813
116 1.3010299956639813
127 1.0
139 1.0
145 1.0
220 1.0
247 1.0
248 1.0
253 1.0
261 1.0
265 1.0
278 1.0
300 1.0
310 1.0
313 1.0
386 1.0
398 1.0
411 1.0
425 1.0
446 1.3010299956639813
459 1.0
497 1.0
515 1.0
521 1.0
531 1.0
539 1.0
542 1.0
558 1.0
570 1.0
584 1.0
585 1.0
613 1.0
646 1.0
659 1.0
704 1.0
740 1.4771212547196624
752 1.0
758 1.0
790 1.0
823 1.0
845 1.0
897 1.3010299956639813
915 1.3010299956639813
931 1.0
939 1.0
973 1.0
990 1.0
1002 1.0
1013 1.0
1045 1.0
1046 1.3010299956639813
1047 1.3010299956639813
1064 1.0
1090 1.4771212547196624
1104 1.0
1135 1.0
1136 1.0
1156 1.4771212547196624
1204 1.0
1208 1.0
1214 1.3010299956639813
1219 1.0
1256 1.0
1268 1.0
1270 1.0
1271 1.0
1286 1.3010299956639813
1293 1.0
1298 1.0
