28 1.0
66 1.0
121 1.3010299956639813
208 1.0
226 1.0
234 1.0
273 1.7781512503836436
293 2.1760912590556813
307 1.4771212547196624
350 1.0
355 1.3010299956639813
402 1.0
420 1.0
424 1.0
444 1.4771212547196624
496 1.3010299956639813
567 1.0
613 1.0
645 1.0
654 1.4771212547196624
682 1.0
701 1.0
857 1.6020599913279625
868 1.3010299956639813
869 1.3010299956639813
884 1.6020599913279625
889 1.0
890 1.0
893 1.0
934 1.4771212547196624
937 1.3010299956639813
941 1.3010299956639813
960 1.0
975 1.0
988 1.4771212547196624
1042 1.0
1237 1.3010299956639813
