10 1.0
12 1.6020599913279625
13 1.0
21 1.0
42 1.4771212547196624
51 1.0
65 1.3010299956639813
73 1.3010299956639813
127 1.0
168 1.3010299956639813
180 1.3010299956639813
193 1.3010299956639813
200 1.0
273 1.6020599913279625
274 1.4771212547196624
284 1.3010299956639813
289 1.6020599913279625
306 2.0
343 1.0
368 1.0
383 1.0
396 1.3010299956639813
420 1.3010299956639813
424 1.3010299956639813
442 1.6020599913279625
449 1.0
531 1.0
541 1.0
558 1.0
567 1.0
570 1.0
577 1.0
586 1.0
588 1.9542425094393248
653 1.6989700043360187
678 1.3010299956639813
715 2.113943352306837
743 1.4771212547196624
749 1.0
761 1.3010299956639813
779 1.6020599913279625
802 1.3010299956639813
803 1.3010299956639813
807 1.3010299956639813
812 1.0
823 1.6020599913279625
895 1.6020599913279625
929 1.6020599913279625
1028 1.0
1043 1.3010299956639813
1047 2.0
1048 1.3010299956639813
1089 1.0
1097 1.0
1129 1.6020599913279625
1130 1.6020599913279625
1155 1.3010299956639813
1302 1.9030899869919435
1309 1.0
1320 1.6020599913279625
