0 1.3010299956639813
3 1.0
41 1.0
77 1.0
158 1.0
222 1.0
223 1.0
253 1.0
268 1.0
280 1.0
330 1.0
400 1.0
402 1.0
403 1.0
422 1.0
446 1.0
452 1.0
455 1.0
467 1.0
565 1.0
614 1.3010299956639813
615 1.0
627 1.0
645 1.0
653 1.0
663 1.0
689 1.0
749 1.0
761 1.0
771 1.0
876 1.0
878 1.4771212547196624
895 1.3010299956639813
903 1.0
906 1.0
914 1.0
949 1.0
974 1.3010299956639813
1019 1.0
1046 1.0
1048 1.0
1085 1.3010299956639813
1086 1.0
1109 1.0
1129 1.3010299956639813
1130 1.3010299956639813
1200 1.0
1211 1.0
1232 1.0
1270 1.0
1299 1.0
1300 1.0
