2 1.0
9 1.0
15 1.0
17 1.3010299956639813
18 1.0
21 1.9030899869919435
25 1.0
27 1.3010299956639813
33 1.0
41 1.0
42 1.0
43 1.0
47 1.0
49 1.0
55 1.3010299956639813
56 1.3010299956639813
65 1.0
67 1.0
69 1.3010299956639813
75 1.0
76 1.0
77 1.0
83 1.0
94 1.3010299956639813
96 1.0
100 1.3010299956639813
101 1.0
102 1.4771212547196624
106 1.0
110 1.4771212547196624
111 1.0
116 1.0
120 1.0
132 1.4771212547196624
137 1.0
147 1.0
148 1.4771212547196624
157 1.3010299956639813
163 1.3010299956639813
180 1.0
189 1.6020599913279625
196 1.0
203 1.0
213 1.6020599913279625
221 1.0
229 1.0
230 1.6989700043360187
234 1.0
236 1.0
243 1.0
246 1.0
248 1.3010299956639813
249 1.4771212547196624
259 1.0
260 1.4771212547196624
267 1.0
272 1.0
274 1.0
278 1.6020599913279625
279 1.0
281 1.0
296 1.0
304 1.0
322 1.0
324 1.0
325 1.0
337 1.0
341 1.0
342 1.845098040014257
343 1.0
346 1.0
351 1.0
359 1.0
364 1.9030899869919435
368 1.0
370 1.0
375 1.0
378 1.0
379 1.0
393 1.0
397 1.3010299956639813
402 1.0
407 1.0
410 1.0
415 1.0
420 1.0
431 1.0
432 1.0
439 1.0
445 1.0
449 1.0
452 1.0
466 1.0
471 1.0
494 1.0
497 1.3010299956639813
498 1.0
499 1.3010299956639813
515 1.3010299956639813
524 1.0
527 1.3010299956639813
528 1.0
530 1.0
534 1.0
538 1.4771212547196624
542 1.0
549 1.4771212547196624
550 1.0
552 1.0
554 1.0
560 1.0
571 1.3010299956639813
588 1.3010299956639813
589 1.0
592 1.0
593 1.0
601 1.0
609 1.3010299956639813
615 1.0
624 1.0
640 1.0
641 1.0
651 1.0
656 1.0
659 1.0
681 1.0
690 1.0
696 1.0
699 1.0
707 1.3010299956639813
711 1.3010299956639813
725 1.4771212547196624
742 1.0
746 1.0
747 1.0
748 1.0
750 1.0
756 1.3010299956639813
761 1.3010299956639813
769 1.0
788 1.0
792 1.0
794 1.3010299956639813
839 1.0
840 1.0
848 1.3010299956639813
850 1.0
855 1.0
856 1.0
878 1.0
880 1.0
882 1.0
896 1.0
901 1.0
919 1.0
924 1.0
926 1.0
929 1.0
943 1.0
944 1.0
996 1.3010299956639813
1005 1.3010299956639813
1019 1.3010299956639813
1020 1.0
1028 1.0
1033 1.0
1047 1.0
1054 1.4771212547196624
1061 1.4771212547196624
1072 1.4771212547196624
1074 1.3010299956639813
1075 1.3010299956639813
1085 1.0
1091 1.0
1093 1.0
1095 1.0
1096 1.0
1104 1.0
1114 1.3010299956639813
1127 1.0
1128 1.0
1129 1.4771212547196624
1130 1.4771212547196624
1135 1.0
1136 1.0
1137 1.0
1138 1.0
1139 1.0
1140 1.0
1147 1.0
1148 1.0
1151 1.0
1155 1.0
1162 1.6020599913279625
1168 1.3010299956639813
1170 1.3010299956639813
1173 1.0
1174 1.0
1176 1.0
1179 1.3010299956639813
1180 1.0
1181 1.0
1182 1.3010299956639813
1183 1.0
1184 1.0
1187 1.0
1197 1.0
1198 1.3010299956639813
1204 1.0
1235 1.7781512503836436
1241 1.3010299956639813
1259 1.0
1265 1.0
1266 1.0
1277 1.3010299956639813
