102 1.7781512503836436
121 1.3010299956639813
157 1.0
222 1.0
234 1.3010299956639813
256 1.845098040014257
261 1.0
297 1.3010299956639813
329 1.845098040014257
332 1.0
449 1.0
535 1.0
537 1.6989700043360187
589 1.4771212547196624
644 1.0
651 1.3010299956639813
652 1.0
664 1.0
758 1.0
769 1.4771212547196624
847 1.4771212547196624
872 1.3010299956639813
916 1.0
923 1.0
943 1.9030899869919435
944 1.9030899869919435
1028 1.0
1032 1.4771212547196624
1042 1.3010299956639813
1086 1.3010299956639813
1237 1.0
