3 1.6989700043360187
12 1.0
24 1.0
34 1.4771212547196624
40 1.0
43 1.0
46 1.0
59 1.0
60 1.0
79 1.3010299956639813
96 1.3010299956639813
118 1.0
125 1.0
127 1.0
159 1.3010299956639813
176 1.0
192 1.7781512503836436
197 1.0
219 1.0
244 1.0
246 1.0
260 1.0
297 1.0
314 1.0
319 1.3010299956639813
337 1.4771212547196624
350 1.0
353 1.6020599913279625
364 1.0
367 1.0
385 1.0
387 1.4771212547196624
399 1.0
400 1.3010299956639813
402 1.0
412 1.3010299956639813
427 1.0
429 1.0
433 1.0
444 1.6020599913279625
459 1.3010299956639813
463 1.0
479 1.7781512503836436
501 1.0
524 1.0
543 1.0
544 1.0
549 1.0
552 1.0
558 1.3010299956639813
572 1.0
611 1.0
613 1.0
614 1.3010299956639813
620 1.4771212547196624
626 1.0
631 1.0
635 1.0
637 1.0
659 1.0
669 1.3010299956639813
682 1.0
687 1.3010299956639813
701 1.0
704 1.0
705 1.0
720 1.0
739 1.0
779 1.0
782 1.0
792 1.0
794 1.0
804 1.0
824 1.0
825 1.0
838 1.0
850 1.0
851 1.0
855 1.0
867 1.7781512503836436
885 1.3010299956639813
903 1.0
918 1.0
942 1.3010299956639813
969 1.0
978 1.0
979 1.0
991 1.3010299956639813
1038 1.0
1039 1.3010299956639813
1043 1.0
1046 1.0
1048 1.4771212547196624
1066 1.0
1072 1.0
1073 1.0
1153 1.0
1161 1.0
1185 1.0
1204 1.6020599913279625
1222 1.0
1226 1.0
1264 1.0
1268 1.3010299956639813
1269 1.0
1286 1.0
1289 1.0
1293 1.0
1295 1.0
1303 1.0
1304 1.0
1311 1.0
1316 1.0
1318 1.3010299956639813
