1 1.0
42 1.0
70 1.0
83 1.0
207 1.0
241 1.0
247 1.3010299956639813
264 1.3010299956639813
272 1.0
280 1.0
293 1.845098040014257
351 1.0
388 1.3010299956639813
408 1.0
430 1.0
444 1.0
482 1.0
496 1.0
518 1.0
540 1.0
554 1.0
567 1.4771212547196624
568 1.4771212547196624
569 1.4771212547196624
611 1.0
613 1.0
654 1.3010299956639813
687 1.0
689 1.3010299956639813
694 1.0
742 1.3010299956639813
756 1.0
764 1.4771212547196624
769 1.0
794 1.0
796 1.0
807 1.0
817 1.0
818 1.0
857 1.4771212547196624
884 1.3010299956639813
934 1.4771212547196624
937 1.3010299956639813
975 1.0
988 1.3010299956639813
1006 1.0
1037 1.0
1039 2.079181246047625
1064 1.0
1076 1.0
1080 1.3010299956639813
1083 1.3010299956639813
1103 1.0
1117 1.0
1118 1.0
1129 1.0
1130 1.0
1135 1.0
1136 1.0
1194 1.0
1203 1.0
1204 1.0
1288 1.0
