49 1.7781512503836436
120 1.4771212547196624
147 1.4771212547196624
202 1.4771212547196624
213 1.6989700043360187
229 1.9542425094393248
240 1.3010299956639813
248 1.845098040014257
249 1.6020599913279625
260 1.9030899869919435
271 1.0
278 1.845098040014257
451 1.845098040014257
466 1.7781512503836436
486 1.6020599913279625
527 1.6989700043360187
536 1.0
538 2.113943352306837
542 2.146128035678238
546 1.4771212547196624
548 1.3010299956639813
549 1.6020599913279625
551 2.0
552 1.6020599913279625
687 1.0
