29 1.7781512503836436
77 1.3010299956639813
127 1.0
141 1.0
144 1.0
180 1.6020599913279625
189 1.0
194 1.0
281 1.3010299956639813
284 1.0
288 1.3010299956639813
314 2.3010299956639813
318 1.0
409 1.0
473 1.6989700043360187
497 1.0
526 1.0
582 1.0
583 1.0
637 1.6020599913279625
677 1.4771212547196624
687 1.0
689 1.6989700043360187
694 1.0
703 1.0
711 1.0
727 1.0
733 1.0
749 1.0
763 1.0
764 1.7781512503836436
860 1.3010299956639813
906 1.3010299956639813
1005 1.0
1047 1.4771212547196624
1055 1.0
1095 1.0
1114 1.0
1141 1.0
1142 1.0
1160 1.0
1169 1.0
1218 1.845098040014257
1234 1.0
1246 1.845098040014257
1258 1.845098040014257
1260 1.3010299956639813
1281 1.0
1285 1.0
1290 1.0
1311 1.0
