16 1.0
26 1.0
29 1.0
47 1.0
52 1.4771212547196624
64 1.0
92 1.7781512503836436
94 1.0
110 1.3010299956639813
138 1.3010299956639813
148 1.6989700043360187
194 1.0
209 1.0
211 1.0
217 1.0
222 1.4771212547196624
224 1.0
231 1.0
243 1.0
259 1.3010299956639813
303 1.0
304 1.4771212547196624
306 1.0
314 1.3010299956639813
337 1.0
358 1.0
394 1.0
403 1.0
409 1.0
419 1.0
427 1.0
440 1.0
452 1.4771212547196624
464 1.0
493 1.4771212547196624
496 1.0
506 1.3010299956639813
527 1.0
538 1.0
577 1.0
588 1.0
592 1.0
626 1.3010299956639813
636 1.0
655 1.0
662 1.3010299956639813
667 1.0
681 1.0
693 1.3010299956639813
707 1.0
708 1.0
710 1.0
743 2.079181246047625
749 1.0
752 1.3010299956639813
754 1.0
761 1.0
769 1.0
782 1.0
790 1.3010299956639813
813 1.0
815 2.079181246047625
839 1.0
840 1.0
841 1.0
845 1.6989700043360187
847 1.0
851 1.9030899869919435
893 1.4771212547196624
895 1.4771212547196624
901 1.0
914 1.0
926 1.0
927 1.0
931 1.0
939 1.0
983 1.3010299956639813
1008 1.845098040014257
1014 1.3010299956639813
1071 1.0
1084 1.3010299956639813
1113 1.0
1143 1.0
1144 1.0
1180 1.0
1213 1.6020599913279625
1269 1.0
