54 1.3010299956639813
558 1.0
616 1.3010299956639813
619 1.6020599913279625
625 1.0
636 1.4771212547196624
767 1.3010299956639813
771 1.0
784 1.3010299956639813
791 1.0
792 1.0
800 1.0
805 1.3010299956639813
846 1.7781512503836436
847 1.0
849 1.0
854 1.4771212547196624
877 1.3010299956639813
884 1.7781512503836436
887 1.0
888 1.0
910 1.3010299956639813
912 1.0
919 1.6020599913279625
925 1.0
943 1.0
944 1.0
947 1.6989700043360187
959 1.3010299956639813
960 1.0
967 1.0
974 1.0
984 1.4771212547196624
1000 1.845098040014257
1096 1.0
1188 1.4771212547196624
