0 1.3010299956639813
3 1.0
5 1.3010299956639813
39 1.6020599913279625
43 1.0
47 1.0
52 1.0
54 1.0
77 1.0
91 1.0
118 1.3010299956639813
125 1.3010299956639813
146 1.0
162 1.3010299956639813
170 1.0
209 1.0
218 1.0
248 1.0
254 1.0
268 1.0
273 1.0
274 1.0
288 1.0
317 1.0
340 1.0
344 1.0
364 1.0
368 1.0
383 1.0
393 1.0
400 1.0
409 1.0
412 1.3010299956639813
422 1.0
474 1.0
481 1.0
487 1.0
493 1.4771212547196624
497 1.0
506 1.0
509 1.0
523 1.3010299956639813
542 1.0
572 1.0
592 1.0
609 1.0
615 1.0
626 1.0
631 1.0
640 1.0
669 1.0
676 1.0
681 1.0
686 1.0
687 1.3010299956639813
693 1.0
700 1.0
719 1.0
771 1.0
784 1.0
789 1.0
797 1.0
804 1.0
850 1.0
858 1.0
889 1.0
890 1.0
910 1.0
942 1.0
959 1.3010299956639813
972 1.0
1008 1.0
1016 1.0
1021 1.0
1025 1.0
1028 1.3010299956639813
1040 1.0
1129 1.4771212547196624
1130 1.4771212547196624
1137 1.0
1138 1.0
1140 1.0
1141 1.0
1142 1.0
1143 1.4771212547196624
1144 1.4771212547196624
1150 1.0
1155 1.0
1163 1.0
1167 1.0
1169 1.0
1195 1.0
1243 1.0
1269 1.3010299956639813
1282 1.0
1285 1.0
1304 1.0
1319 1.0
1321 1.0
