2 1.6989700043360187
5 1.3010299956639813
59 1.0
60 1.0
61 1.0
69 1.0
94 1.0
107 1.0
118 1.0
167 1.0
170 1.0
184 1.0
185 1.0
192 1.0
197 1.0
211 1.0
217 1.0
220 1.0
224 1.0
226 1.0
229 1.0
263 1.0
271 1.0
273 1.0
278 1.3010299956639813
298 1.0
299 1.4771212547196624
318 1.3010299956639813
323 1.0
334 1.6989700043360187
344 1.0
346 1.7781512503836436
358 1.0
387 1.0
402 1.0
444 1.0
473 1.0
481 1.0
482 1.0
493 1.0
494 1.0
542 1.0
551 1.0
554 1.0
555 1.0
560 1.3010299956639813
599 1.3010299956639813
608 1.0
669 1.0
679 1.4771212547196624
716 1.0
718 1.0
720 1.0
722 1.0
768 1.0
771 1.0
788 1.6989700043360187
790 1.0
815 1.0
827 1.0
858 1.0
868 1.4771212547196624
869 1.4771212547196624
872 1.3010299956639813
898 1.0
954 1.0
963 1.0
1021 1.3010299956639813
1024 1.3010299956639813
1032 1.0
1036 1.0
1038 1.0
1062 1.0
1074 1.0
1075 1.0
1100 1.3010299956639813
1126 1.0
1139 1.0
1140 1.0
1145 1.0
1146 1.0
1154 1.0
1157 1.0
1176 1.0
1187 1.0
1190 1.0
1217 1.0
1221 1.4771212547196624
1241 1.0
1243 1.3010299956639813
1245 1.0
1262 1.0
1286 1.0
1289 1.3010299956639813
1291 1.0
1307 1.0
