24 1.0
47 1.3010299956639813
51 1.0
61 1.0
84 1.0
110 1.0
211 1.0
214 1.0
220 1.0
223 1.0
242 1.0
245 1.0
253 1.0
259 1.3010299956639813
293 1.0
310 1.0
323 1.0
329 1.3010299956639813
333 1.0
362 1.0
401 1.3010299956639813
417 1.3010299956639813
430 1.0
432 1.3010299956639813
433 1.0
453 1.0
454 1.0
479 1.0
496 1.3010299956639813
503 1.3010299956639813
522 1.0
537 1.0
558 1.0
573 1.0
574 1.0
575 1.0
578 1.0
586 1.0
589 1.0
590 1.0
644 1.3010299956639813
645 1.0
651 1.0
659 1.4771212547196624
677 1.0
678 1.0
684 1.0
687 1.0
688 1.0
689 1.4771212547196624
691 1.0
701 1.0
704 1.0
708 1.0
728 1.0
733 1.0
739 1.4771212547196624
740 1.0
748 1.0
764 1.3010299956639813
788 1.0
790 1.0
797 1.0
802 1.0
803 1.0
827 1.0
828 1.0
839 1.0
840 1.0
845 1.0
864 1.0
868 1.0
869 1.0
870 1.4771212547196624
871 1.0
885 1.6020599913279625
902 1.0
914 1.0
918 1.0
954 1.3010299956639813
1019 1.0
1032 1.0
1044 1.0
1064 1.0
1078 1.0
1083 1.0
1092 1.0
1105 1.0
1106 1.0
1126 1.0
1186 1.0
1226 1.3010299956639813
1228 1.0
1234 1.0
1243 1.0
1261 1.0
1267 1.0
1277 1.4771212547196624
1285 1.3010299956639813
1321 1.0
