34 1.0
36 1.0
38 2.380211241711606
52 1.0
62 1.3010299956639813
72 1.3010299956639813
76 1.0
81 1.0
84 1.0
85 1.0
91 1.0
110 1.0
123 1.0
124 1.0
126 1.3010299956639813
129 1.0
133 1.6989700043360187
139 1.845098040014257
143 1.0
158 1.6989700043360187
160 1.0
165 2.462397997898956
171 1.0
173 1.6989700043360187
187 1.0
191 1.0
195 1.3010299956639813
210 1.0
216 1.0
223 1.0
230 1.0
231 1.3010299956639813
237 1.0
243 1.0
248 1.0
250 1.3010299956639813
259 1.4771212547196624
270 1.6020599913279625
276 1.0
277 1.4771212547196624
282 1.6989700043360187
283 1.0
291 1.3010299956639813
309 1.0
313 1.3010299956639813
314 1.3010299956639813
318 1.3010299956639813
324 1.3010299956639813
331 1.0
336 1.4771212547196624
339 1.9030899869919435
361 1.0
364 1.0
368 2.342422680822206
369 2.079181246047625
395 2.0
396 2.380211241711606
436 1.0
447 1.0
457 1.4771212547196624
463 1.0
468 1.3010299956639813
472 1.0
498 1.3010299956639813
506 1.0
513 1.6020599913279625
518 1.0
545 1.0
570 1.0
576 1.0
580 1.3010299956639813
595 1.0
622 1.0
650 1.0
659 1.0
677 1.0
687 1.3010299956639813
694 1.0
695 1.0
697 1.0
704 1.0
711 1.0
717 1.845098040014257
721 1.0
732 1.3010299956639813
776 1.0
782 1.0
788 1.0
790 1.0
794 1.0
820 1.0
837 1.0
851 1.845098040014257
861 1.0
863 1.0
871 1.3010299956639813
873 2.0413926851582254
893 1.3010299956639813
897 1.0
903 1.0
904 1.0
939 1.0
954 1.0
965 1.0
1009 1.4771212547196624
1018 1.3010299956639813
1019 1.0
1022 1.3010299956639813
1035 1.6020599913279625
1047 1.3010299956639813
1055 2.1760912590556813
1069 1.6020599913279625
1080 1.0
1099 1.0
1129 1.0
1130 1.0
1156 1.0
1159 1.0
1164 1.3010299956639813
1193 1.0
1197 1.0
1215 1.4771212547196624
1216 1.0
1218 1.0
1222 1.0
1234 1.0
1235 1.0
1242 1.3010299956639813
1253 1.0
1258 1.0
1301 1.0
1307 1.3010299956639813
1310 1.0
