2 1.0
3 1.3010299956639813
6 1.0
12 1.0
15 1.0
24 1.0
29 1.0
31 1.0
46 1.0
48 1.0
62 1.0
64 1.0
70 1.0
84 1.0
91 1.3010299956639813
120 1.0
123 1.0
124 1.0
126 1.0
129 1.0
137 1.0
139 1.0
144 1.0
209 1.0
219 1.0
222 1.0
226 1.0
241 1.0
244 1.0
247 1.3010299956639813
251 1.0
257 1.3010299956639813
260 1.0
261 1.0
264 1.0
272 1.0
273 1.0
275 1.0
277 1.4771212547196624
278 1.0
305 1.0
309 1.0
310 1.0
314 1.3010299956639813
324 1.0
329 1.0
330 1.0
333 1.0
376 1.0
382 1.4771212547196624
388 1.0
395 1.0
409 1.0
417 1.3010299956639813
428 1.0
431 1.0
433 1.3010299956639813
436 1.3010299956639813
440 1.0
450 1.0
493 1.4771212547196624
496 1.0
498 1.3010299956639813
504 1.0
509 1.0
510 1.4771212547196624
533 1.0
535 1.3010299956639813
542 1.0
545 1.0
546 1.3010299956639813
549 1.0
551 1.0
552 1.0
558 1.0
584 1.3010299956639813
585 1.3010299956639813
587 1.0
589 1.0
593 1.0
605 1.3010299956639813
606 1.3010299956639813
611 1.0
625 1.0
626 1.0
647 1.0
650 1.0
667 1.0
682 1.3010299956639813
687 1.3010299956639813
690 1.3010299956639813
692 1.6989700043360187
706 1.0
708 1.0
718 1.3010299956639813
721 1.3010299956639813
722 1.0
723 1.0
724 1.0
735 1.0
743 1.0
744 1.0
749 1.0
765 1.0
768 1.0
769 1.3010299956639813
796 1.0
802 1.3010299956639813
803 1.3010299956639813
807 1.0
815 1.0
837 1.0
845 1.0
851 1.0
861 1.4771212547196624
867 1.0
896 1.0
915 1.0
939 1.3010299956639813
941 1.0
954 1.3010299956639813
988 1.0
996 1.0
1019 1.3010299956639813
1032 1.0
1034 1.0
1036 1.0
1065 1.6020599913279625
1073 1.0
1104 1.3010299956639813
1111 1.0
1112 1.0
1115 1.0
1116 1.0
1137 1.0
1138 1.0
1145 1.0
1146 1.0
1149 1.0
1150 1.0
1151 1.0
1166 1.845098040014257
1177 1.0
1182 1.0
1190 1.0
1226 1.0
1227 1.0
1228 1.0
1232 1.0
1235 1.4771212547196624
1240 1.0
1241 1.0
1244 1.0
1259 1.0
1263 1.0
1269 1.0
1280 1.0
1283 1.0
1289 1.0
1301 1.0
1318 1.0
1321 1.0
