3 1.6020599913279625
28 1.6989700043360187
37 1.6989700043360187
55 1.0
65 1.0
81 1.0
83 1.0
94 1.4771212547196624
96 1.7781512503836436
102 1.0
110 1.0
135 1.0
137 1.0
142 1.3010299956639813
149 1.0
176 1.0
207 1.0
208 1.6020599913279625
250 1.3010299956639813
257 1.0
268 1.0
283 1.0
306 1.0
312 1.0
332 1.0
371 1.6020599913279625
388 1.0
391 1.0
396 1.0
398 1.3010299956639813
407 1.0
408 1.0
439 1.0
444 1.0
473 1.0
474 1.0
496 1.3010299956639813
511 1.3010299956639813
539 1.3010299956639813
540 1.0
541 1.0
545 1.0
565 1.0
575 1.0
577 1.0
586 1.4771212547196624
588 1.0
602 1.0
603 1.0
625 1.0
634 1.0
644 1.0
659 1.3010299956639813
664 1.6020599913279625
689 1.3010299956639813
692 1.3010299956639813
697 1.7781512503836436
703 1.3010299956639813
716 1.0
726 1.0
753 1.0
760 1.3010299956639813
761 1.0
772 1.0
792 1.3010299956639813
829 1.0
851 1.6020599913279625
893 1.0
922 1.0
924 1.0
926 1.0
929 1.0
935 1.0
987 1.0
989 1.0
1013 1.0
1028 1.3010299956639813
1070 1.0
1078 1.3010299956639813
1090 1.0
1117 1.0
1118 1.0
1127 1.0
1128 1.0
1153 1.0
1158 1.0
1204 1.3010299956639813
1218 1.0
1251 1.0
1256 1.0
1261 1.0
1268 1.0
1275 1.0
1287 1.0
1288 1.0
1301 1.0
1317 1.0
