11 1.0
36 1.0
58 1.0
69 1.0
81 1.3010299956639813
100 1.3010299956639813
111 1.0
113 1.0
114 1.0
142 1.0
148 1.0
180 1.3010299956639813
205 1.0
210 1.0
217 1.4771212547196624
243 1.0
244 1.0
254 1.0
265 1.3010299956639813
274 1.3010299956639813
284 1.0
325 1.0
344 1.0
359 1.0
380 1.0
386 1.0
387 1.0
434 1.0
436 1.0
473 1.0
479 1.4771212547196624
481 1.0
489 1.0
493 1.0
500 1.0
505 1.0
506 1.0
516 1.3010299956639813
534 1.3010299956639813
541 1.0
545 1.3010299956639813
548 1.0
553 1.0
613 1.0
618 1.0
657 1.0
703 1.0
715 1.0
745 1.0
788 1.0
802 1.0
803 1.0
842 1.0
895 1.0
901 1.0
904 1.0
914 1.0
915 1.0
926 1.0
943 1.3010299956639813
944 1.3010299956639813
985 1.0
1005 1.3010299956639813
1019 1.0
1051 1.0
1083 1.0
1089 1.0
1114 1.0
1117 1.0
1118 1.0
1121 1.0
1147 1.0
1148 1.0
1213 1.0
1240 1.0
1245 1.0
1250 1.0
1251 1.0
1257 1.4771212547196624
1259 1.0
1291 1.3010299956639813
1299 1.0
1302 1.0
