19 1.0
20 1.3010299956639813
32 1.3010299956639813
102 1.6020599913279625
149 1.3010299956639813
151 1.6020599913279625
221 1.3010299956639813
234 1.0
290 1.0
329 1.0
341 1.7781512503836436
395 1.0
415 1.3010299956639813
482 1.4771212547196624
518 1.4771212547196624
567 1.3010299956639813
626 1.0
638 1.0
657 1.3010299956639813
662 1.4771212547196624
712 1.0
715 1.3010299956639813
740 1.0
741 1.0
749 1.0
784 1.0
807 1.0
815 1.4771212547196624
829 1.4771212547196624
839 1.0
840 1.0
845 1.0
851 1.7781512503836436
893 1.3010299956639813
895 1.845098040014257
953 1.0
964 1.0
1008 1.0
1047 1.0
1055 1.0
1071 1.4771212547196624
1095 1.0
1121 1.3010299956639813
1202 1.0
1210 1.0
1213 1.3010299956639813
1237 1.0
