2 1.0
13 1.0
17 1.0
18 1.3010299956639813
36 1.0
41 1.0
45 1.0
54 1.0
72 1.0
74 1.0
77 1.3010299956639813
81 1.4771212547196624
90 1.0
96 1.3010299956639813
98 1.0
100 1.3010299956639813
105 1.6020599913279625
107 1.0
112 1.0
113 1.3010299956639813
114 1.3010299956639813
121 1.0
132 1.0
138 1.6020599913279625
139 1.3010299956639813
142 1.3010299956639813
144 1.0
149 1.0
150 1.0
152 1.0
154 1.0
157 1.3010299956639813
165 1.3010299956639813
169 1.3010299956639813
179 1.6989700043360187
180 1.0
181 1.0
191 1.0
193 1.0
200 1.0
201 1.0
203 1.0
208 1.3010299956639813
220 1.0
221 1.0
230 1.3010299956639813
241 1.0
242 1.0
244 1.0
247 1.3010299956639813
253 1.0
256 1.3010299956639813
258 1.0
263 1.0
264 1.0
265 1.0
267 1.0
277 1.4771212547196624
280 1.0
288 1.0
290 1.3010299956639813
296 1.0
298 1.0
312 2.0
315 1.0
318 1.0
322 1.0
327 1.0
329 1.0
334 1.0
341 1.3010299956639813
344 1.0
354 1.7781512503836436
362 1.3010299956639813
364 1.0
367 1.3010299956639813
370 1.3010299956639813
376 1.0
378 1.0
379 1.0
380 1.3010299956639813
386 1.3010299956639813
388 1.3010299956639813
391 1.3010299956639813
397 1.0
398 1.4771212547196624
399 1.0
400 1.4771212547196624
406 1.3010299956639813
418 1.0
422 1.3010299956639813
423 1.0
428 1.0
429 1.6020599913279625
442 1.0
450 1.0
465 1.3010299956639813
472 1.0
486 1.0
488 1.4771212547196624
491 1.0
496 1.0
497 1.6020599913279625
499 1.4771212547196624
500 1.4771212547196624
501 1.0
506 1.0
507 1.0
517 1.0
518 1.0
520 1.0
523 1.0
527 1.0
530 1.3010299956639813
532 1.3010299956639813
536 1.0
543 1.3010299956639813
544 1.3010299956639813
552 1.0
560 1.4771212547196624
561 1.0
566 1.3010299956639813
571 1.0
576 1.4771212547196624
582 1.0
583 1.0
584 1.4771212547196624
585 1.4771212547196624
599 1.3010299956639813
602 1.0
603 1.0
608 1.3010299956639813
611 1.0
614 1.0
630 1.6020599913279625
636 1.0
637 1.0
640 1.0
650 1.3010299956639813
651 1.0
656 1.0
658 1.0
669 1.6020599913279625
670 1.0
671 1.0
674 1.3010299956639813
675 1.3010299956639813
676 1.0
680 1.0
689 1.4771212547196624
691 1.3010299956639813
692 1.3010299956639813
695 1.0
697 1.0
704 1.0
707 1.0
711 1.3010299956639813
714 1.0
716 1.0
717 1.0
720 1.0
721 1.0
723 1.3010299956639813
730 1.3010299956639813
731 1.3010299956639813
733 1.0
735 1.0
740 1.0
743 1.0
745 1.0
748 1.0
751 1.0
752 1.0
764 1.0
775 1.0
779 1.0
781 1.0
782 1.0
790 1.0
794 1.0
795 1.0
815 1.0
829 1.0
843 1.0
845 1.4771212547196624
850 1.0
851 1.0
855 1.0
862 1.0
868 1.3010299956639813
869 1.3010299956639813
870 1.4771212547196624
872 1.4771212547196624
889 1.4771212547196624
890 1.4771212547196624
906 1.0
908 1.0
915 1.0
930 1.0
943 1.0
944 1.0
979 1.0
1005 1.3010299956639813
1011 1.0
1012 1.0
1016 1.0
1019 1.4771212547196624
1021 1.7781512503836436
1022 1.3010299956639813
1036 1.4771212547196624
1041 1.3010299956639813
1047 1.0
1054 1.0
1077 1.0
1079 1.3010299956639813
1085 1.3010299956639813
1086 1.6020599913279625
1092 1.4771212547196624
1095 1.4771212547196624
1109 1.3010299956639813
1114 1.0
1147 1.0
1148 1.0
1149 1.6989700043360187
1150 1.7781512503836436
1161 1.4771212547196624
1164 1.0
1172 1.0
1175 1.0
1181 1.4771212547196624
1183 1.0
1184 1.0
1187 1.3010299956639813
1190 1.0
1192 1.0
1193 1.3010299956639813
1197 1.0
1198 1.0
1206 1.6989700043360187
1207 1.0
1209 1.0
1218 1.0
1228 1.3010299956639813
1234 1.3010299956639813
1235 1.3010299956639813
1256 1.0
1265 1.3010299956639813
1266 1.0
1275 1.0
1276 1.3010299956639813
1277 1.0
1278 1.0
1294 1.0
1324 1.0
