14 1.6020599913279625
32 1.0
39 1.3010299956639813
46 1.0
48 1.3010299956639813
59 1.6989700043360187
60 1.6989700043360187
77 1.7781512503836436
79 1.0
84 1.0
91 1.0
96 1.3010299956639813
113 1.0
114 1.0
123 1.0
124 1.0
128 1.0
139 1.0
140 1.0
144 1.0
145 1.0
153 1.0
177 1.0
181 1.0
190 1.0
226 1.0
234 1.0
241 1.0
245 1.0
261 1.0
265 1.4771212547196624
267 1.0
273 1.3010299956639813
274 1.7781512503836436
284 1.0
289 1.0
309 1.6020599913279625
319 1.6989700043360187
322 1.4771212547196624
323 1.0
327 1.0
337 1.0
345 1.0
354 1.0
361 1.3010299956639813
362 1.0
364 1.0
367 1.4771212547196624
402 1.0
403 1.0
409 1.0
412 1.0
420 1.0
422 1.6020599913279625
428 1.3010299956639813
437 1.0
444 1.0
449 1.3010299956639813
459 1.6020599913279625
473 1.0
474 1.845098040014257
482 1.0
497 1.0
500 1.3010299956639813
501 1.3010299956639813
503 1.0
506 1.4771212547196624
510 1.0
518 1.0
550 1.3010299956639813
557 1.0
565 1.0
566 1.0
580 1.4771212547196624
589 1.3010299956639813
591 1.0
592 1.0
601 1.0
613 1.3010299956639813
615 1.845098040014257
618 1.0
620 1.3010299956639813
631 1.0
635 1.7781512503836436
641 1.0
645 1.0
654 1.0
659 1.0
666 1.7781512503836436
667 1.0
669 1.3010299956639813
671 1.0
681 1.0
683 1.3010299956639813
688 1.3010299956639813
689 1.6020599913279625
693 1.3010299956639813
696 1.0
698 1.3010299956639813
700 1.0
716 1.0
734 1.0
740 1.0
761 1.0
767 1.0
770 1.0
779 1.3010299956639813
780 1.3010299956639813
789 1.3010299956639813
795 1.0
797 1.6020599913279625
800 1.0
804 1.0
817 1.0
818 1.0
824 1.0
825 1.0
839 1.0
840 1.0
841 1.3010299956639813
845 1.0
847 1.0
848 1.0
849 1.7781512503836436
854 1.0
858 1.0
859 1.0
867 1.0
872 1.0
876 1.0
882 1.3010299956639813
887 1.0
893 1.0
894 1.3010299956639813
896 1.0
897 1.4771212547196624
901 1.0
902 1.0
910 1.4771212547196624
915 1.0
918 1.0
926 1.4771212547196624
928 1.0
929 1.3010299956639813
932 1.0
934 1.0
936 1.0
938 1.6989700043360187
940 1.0
943 1.6020599913279625
944 1.6020599913279625
950 1.6020599913279625
955 1.4771212547196624
959 1.0
964 1.3010299956639813
968 1.0
969 1.0
970 1.0
972 1.3010299956639813
978 1.7781512503836436
981 1.0
983 1.4771212547196624
985 1.3010299956639813
987 1.0
990 1.0
991 1.0
994 1.3010299956639813
995 1.0
996 1.4771212547196624
1000 1.4771212547196624
1001 1.3010299956639813
1002 1.6989700043360187
1005 1.0
1008 1.3010299956639813
1014 1.0
1021 1.0
1027 1.0
1038 1.0
1042 1.0
1050 1.0
1065 1.0
1076 1.0
1083 1.3010299956639813
1109 1.0
1110 1.4771212547196624
1111 1.0
1112 1.0
1113 1.0
1114 1.0
1122 1.0
1162 1.3010299956639813
1163 1.4771212547196624
1176 1.0
1191 1.3010299956639813
1193 1.4771212547196624
1206 1.0
1208 1.0
1226 1.0
1234 1.0
1243 1.0
1245 1.0
1257 1.0
1259 1.6020599913279625
1261 1.0
1269 1.3010299956639813
1277 1.3010299956639813
1281 1.0
1289 1.0
1294 1.4771212547196624
1299 1.6989700043360187
1302 1.3010299956639813
1307 1.0
1311 1.0
1318 1.4771212547196624
1319 1.3010299956639813
