3 1.845098040014257
19 1.0
27 1.4771212547196624
32 1.0
34 2.0413926851582254
37 1.6020599913279625
40 1.0
46 1.0
48 1.4771212547196624
49 1.0
50 1.6020599913279625
59 1.6989700043360187
60 1.6989700043360187
71 1.0
77 1.0
79 1.0
83 1.0
84 1.6020599913279625
90 1.6989700043360187
91 1.6020599913279625
93 1.3010299956639813
99 1.4771212547196624
104 1.0
115 1.3010299956639813
118 1.6989700043360187
120 1.4771212547196624
123 1.3010299956639813
124 1.3010299956639813
135 1.0
136 1.7781512503836436
152 1.0
162 1.0
172 1.0
176 1.0
182 1.0
183 1.4771212547196624
192 1.0
195 1.3010299956639813
202 1.4771212547196624
203 1.0
208 1.3010299956639813
209 2.113943352306837
211 2.0413926851582254
213 1.3010299956639813
216 1.0
217 1.845098040014257
218 1.0
219 1.0
220 1.0
221 1.3010299956639813
222 1.4771212547196624
225 1.0
228 1.0
229 1.4771212547196624
231 1.0
235 1.0
245 1.0
247 1.0
248 1.4771212547196624
249 1.3010299956639813
255 1.0
260 1.0
265 1.845098040014257
271 1.4771212547196624
278 1.7781512503836436
280 1.6020599913279625
290 1.0
301 1.0
307 1.0
308 1.4771212547196624
313 1.0
314 1.0
319 1.0
329 1.3010299956639813
341 1.0
354 1.0
370 1.4771212547196624
374 1.9542425094393248
388 1.0
390 1.0
391 1.0
393 1.0
394 1.3010299956639813
403 1.7781512503836436
409 1.7781512503836436
412 1.3010299956639813
414 1.6020599913279625
416 1.0
425 1.0
426 1.0
427 1.3010299956639813
436 1.4771212547196624
437 1.3010299956639813
442 1.0
446 1.0
447 1.4771212547196624
449 1.4771212547196624
451 1.845098040014257
452 1.3010299956639813
457 2.146128035678238
459 1.3010299956639813
461 1.6989700043360187
462 1.3010299956639813
463 1.4771212547196624
464 1.3010299956639813
466 1.3010299956639813
467 1.0
479 1.0
481 1.0
485 1.0
486 1.6989700043360187
487 1.6020599913279625
491 1.3010299956639813
492 1.3010299956639813
493 1.4771212547196624
494 1.6020599913279625
495 1.0
506 1.9030899869919435
509 1.0
510 1.0
515 1.0
516 1.0
520 1.3010299956639813
527 1.0
528 1.4771212547196624
530 1.0
536 1.0
538 1.4771212547196624
539 1.0
542 1.4771212547196624
545 2.146128035678238
546 1.4771212547196624
548 1.0
551 1.4771212547196624
552 1.0
553 1.0
560 1.0
568 1.0
569 1.0
572 1.6020599913279625
581 1.4771212547196624
589 1.0
597 1.0
598 1.0
599 1.6989700043360187
600 1.0
601 1.6020599913279625
611 1.0
622 1.4771212547196624
631 1.9030899869919435
644 2.0
649 1.0
651 1.0
657 1.0
658 1.0
659 1.0
676 1.4771212547196624
679 1.9030899869919435
681 1.6020599913279625
682 1.0
683 1.7781512503836436
685 1.4771212547196624
686 1.7781512503836436
690 1.4771212547196624
693 1.6020599913279625
694 1.0
707 1.3010299956639813
710 1.6020599913279625
714 1.6020599913279625
716 1.7781512503836436
718 1.3010299956639813
719 1.0
720 1.9030899869919435
722 1.3010299956639813
725 1.0
741 1.0
747 1.0
752 1.0
756 1.3010299956639813
759 1.0
768 1.0
782 1.6989700043360187
786 1.3010299956639813
790 1.0
796 1.3010299956639813
821 1.0
843 1.0
845 1.4771212547196624
851 1.4771212547196624
864 1.0
893 1.0
895 1.0
897 1.4771212547196624
901 1.0
904 1.0
914 1.4771212547196624
918 1.0
921 1.0
924 1.3010299956639813
929 1.0
940 1.4771212547196624
952 1.0
957 1.0
1001 1.0
1013 1.4771212547196624
1042 1.4771212547196624
1065 1.0
1068 1.4771212547196624
1072 1.3010299956639813
1085 1.3010299956639813
1088 1.3010299956639813
1090 1.0
1093 1.0
1104 1.0
1110 1.0
1117 1.6020599913279625
1118 1.6020599913279625
1127 1.3010299956639813
1128 1.3010299956639813
1137 1.3010299956639813
1138 1.3010299956639813
1139 1.3010299956639813
1140 1.3010299956639813
1155 1.0
1156 1.0
1160 1.3010299956639813
1161 1.0
1162 1.0
1190 1.0
1197 1.0
1199 1.3010299956639813
1204 1.0
1208 1.3010299956639813
1220 1.0
1226 1.0
1229 1.0
1243 1.4771212547196624
1245 1.6020599913279625
1249 1.0
1254 1.0
1259 1.4771212547196624
1261 1.6020599913279625
1262 1.0
1263 1.0
1264 1.0
1267 1.6020599913279625
1269 1.4771212547196624
1272 1.4771212547196624
1273 1.0
1278 1.0
1281 1.3010299956639813
1282 1.0
1284 1.0
1285 1.6020599913279625
1286 1.3010299956639813
1288 1.0
1293 1.9030899869919435
1294 1.3010299956639813
1295 1.4771212547196624
1296 1.0
1297 1.3010299956639813
1300 1.4771212547196624
1301 1.4771212547196624
1303 1.3010299956639813
1304 1.0
1309 1.0
1310 1.0
1313 1.3010299956639813
1314 1.0
1315 1.0
1317 1.4771212547196624
1320 1.0
1321 1.7781512503836436
1322 1.0
1323 1.0
1324 1.0
