5 1.3010299956639813
41 1.3010299956639813
70 1.0
74 1.0
76 1.0
83 1.0
94 1.4771212547196624
137 1.0
163 1.0
168 1.0
234 1.7781512503836436
245 1.4771212547196624
253 1.0
256 1.3010299956639813
258 1.3010299956639813
270 1.0
275 1.0
277 1.3010299956639813
293 1.0
297 1.3010299956639813
302 1.0
319 1.6989700043360187
329 1.3010299956639813
351 1.0
359 1.0
361 1.0
362 1.0
380 1.0
385 1.0
388 1.0
392 1.0
398 1.0
410 1.0
424 1.3010299956639813
428 1.0
440 1.0
442 1.0
479 1.0
482 1.0
491 1.0
494 1.0
499 1.0
506 1.0
518 1.0
537 1.0
543 1.3010299956639813
544 1.3010299956639813
554 1.0
608 1.0
609 1.0
632 1.3010299956639813
633 1.0
644 1.3010299956639813
645 1.3010299956639813
651 1.0
653 1.0
695 1.3010299956639813
698 1.0
703 1.0
715 1.4771212547196624
723 1.0
741 1.0
749 1.0
754 1.3010299956639813
769 1.0
779 1.3010299956639813
807 1.0
811 1.0
826 1.0
828 1.0
837 1.0
850 1.3010299956639813
872 1.0
895 1.0
920 1.3010299956639813
929 1.0
931 1.0
937 1.0
943 1.0
944 1.0
1009 1.0
1018 1.0
1035 1.0
1050 1.0
1062 1.0
1069 1.0
1072 1.4771212547196624
1073 1.4771212547196624
1081 1.0
1088 1.0
1098 1.0
1119 1.0
1129 1.3010299956639813
1130 1.3010299956639813
1147 1.3010299956639813
1148 1.3010299956639813
1149 1.0
1150 1.0
1151 1.3010299956639813
1152 1.0
1161 1.0
1173 1.0
1222 1.0
1233 1.0
1241 1.6020599913279625
1259 1.0
1262 1.0
1264 1.0
1266 1.0
1272 1.0
1277 1.6989700043360187
1289 1.0
1298 1.3010299956639813
1304 1.0
1311 1.0
1318 1.0
