9 1.0
32 1.0
54 1.0
74 1.0
102 1.0
129 1.0
200 1.0
201 1.0
247 1.3010299956639813
284 1.0
310 1.6020599913279625
329 1.0
356 1.0
367 1.0
376 1.0
401 1.0
402 1.0
417 1.0
418 1.4771212547196624
433 1.6020599913279625
444 1.0
495 1.0
522 1.3010299956639813
551 1.0
582 1.0
583 1.0
588 1.0
592 1.0
625 1.4771212547196624
626 1.4771212547196624
633 1.0
669 1.7781512503836436
676 1.0
713 1.0
735 1.6020599913279625
749 1.0
765 1.0
783 1.6020599913279625
815 1.0
820 1.0
826 1.0
896 1.0
914 1.3010299956639813
926 1.0
951 1.0
972 1.3010299956639813
998 1.0
1029 1.4771212547196624
1034 1.0
1036 1.4771212547196624
1039 1.0
1043 1.3010299956639813
1046 1.6020599913279625
1064 1.3010299956639813
1070 1.0
1072 1.0
1086 1.0
1087 1.0
1126 1.0
1198 1.3010299956639813
1213 1.0
1222 1.0
1232 1.4771212547196624
1314 1.0
