15 1.0
24 1.4771212547196624
25 1.3010299956639813
45 1.0
69 1.4771212547196624
71 1.0
80 1.0
94 1.0
106 1.3010299956639813
173 1.3010299956639813
231 1.0
261 1.0
267 1.0
276 1.0
278 1.0
297 1.0
309 1.0
329 1.0
349 1.0
351 1.3010299956639813
374 1.3010299956639813
387 1.0
388 1.0
398 1.0
399 1.0
409 1.3010299956639813
415 1.3010299956639813
420 1.9542425094393248
436 1.0
446 1.0
498 1.0
613 1.0
640 1.0
642 1.0
652 1.3010299956639813
659 1.3010299956639813
664 1.0
684 1.0
686 1.0
706 1.0
708 1.0
740 1.0
808 1.0
815 1.0
828 1.0
839 1.0
840 1.0
918 1.0
929 1.3010299956639813
996 1.0
1011 1.0
1012 1.0
1013 1.0
1050 1.4771212547196624
1071 1.0
1072 1.0
1162 1.3010299956639813
1182 1.3010299956639813
1204 1.0
1211 1.0
1221 1.3010299956639813
1226 1.0
1242 1.3010299956639813
1277 1.0
1294 1.0
1305 1.0
