107 1.0
149 1.3010299956639813
180 1.0
189 1.0
226 1.0
236 1.0
237 1.0
254 1.0
270 1.3010299956639813
273 1.0
278 1.0
341 1.0
343 1.0
388 1.0
408 1.0
429 1.0
431 1.0
445 1.0
446 1.0
455 1.0
486 1.0
493 1.3010299956639813
495 1.0
497 1.0
500 1.0
528 1.0
677 1.0
685 1.0
687 1.0
693 1.0
695 1.0
709 1.0
782 1.0
790 1.0
809 1.0
889 1.0
890 1.0
918 1.0
941 1.3010299956639813
954 1.0
963 1.3010299956639813
1038 1.0
1071 1.0
1073 1.3010299956639813
1078 1.0
1083 1.3010299956639813
1085 1.0
1088 1.0
1111 1.3010299956639813
1112 1.3010299956639813
1119 1.3010299956639813
1141 1.0
1142 1.0
1156 1.0
1243 1.0
1259 1.0
1291 1.0
1293 1.0
