2 1.0
3 1.9030899869919435
16 1.0
29 1.0
34 1.3010299956639813
37 1.3010299956639813
48 1.0
59 1.3010299956639813
60 1.3010299956639813
65 1.3010299956639813
79 1.0
84 1.4771212547196624
96 1.0
133 1.0
135 1.4771212547196624
160 1.0
241 1.0
247 1.0
264 1.0
267 1.6020599913279625
272 1.0
310 1.7781512503836436
311 1.0
316 1.0
332 2.462397997898956
336 1.0
343 1.0
351 1.3010299956639813
352 1.0
355 2.3010299956639813
361 1.845098040014257
364 1.0
379 1.0
398 1.0
420 1.0
431 1.0
473 1.0
628 1.3010299956639813
632 1.0
656 1.0
657 1.0
664 1.3010299956639813
688 1.0
694 1.0
696 1.0
756 1.4771212547196624
769 1.3010299956639813
808 1.3010299956639813
810 1.6020599913279625
819 1.3010299956639813
849 1.3010299956639813
888 1.6020599913279625
899 1.0
985 1.0
986 1.0
987 1.0
989 1.6989700043360187
994 1.0
1032 1.0
1228 1.3010299956639813
1238 1.0
1268 1.0
1277 1.0
