3 1.3010299956639813
12 1.0
13 1.0
37 1.3010299956639813
48 1.4771212547196624
50 1.9542425094393248
84 1.3010299956639813
90 1.0
91 2.0413926851582254
115 1.3010299956639813
118 1.0
123 1.4771212547196624
124 1.4771212547196624
136 1.6989700043360187
211 1.0
214 1.0
216 1.0
217 1.0
220 1.3010299956639813
222 1.845098040014257
223 1.0
226 1.0
228 1.0
233 1.3010299956639813
244 1.3010299956639813
278 1.0
318 1.0
393 1.0
394 1.7781512503836436
400 1.0
401 1.0
403 1.0
409 1.7781512503836436
411 1.0
412 1.6989700043360187
428 1.3010299956639813
436 1.4771212547196624
446 1.6020599913279625
447 1.3010299956639813
460 1.0
463 1.0
476 1.0
478 1.6020599913279625
480 1.0
493 1.6020599913279625
506 1.0
509 1.4771212547196624
510 1.3010299956639813
521 1.0
533 1.4771212547196624
572 1.3010299956639813
581 1.7781512503836436
600 1.3010299956639813
601 1.4771212547196624
631 1.0
679 1.0
681 1.845098040014257
685 1.6989700043360187
686 1.4771212547196624
693 1.7781512503836436
710 1.0
714 1.0
719 1.0
720 1.0
782 1.0
786 1.0
1096 1.0
1243 1.3010299956639813
1245 1.6020599913279625
1249 1.0
1254 1.0
1259 1.6020599913279625
1263 1.0
1267 1.3010299956639813
1268 1.0
1269 1.9030899869919435
1281 1.0
1284 1.0
1285 1.0
1291 1.0
1293 1.4771212547196624
1311 1.0
1317 1.6020599913279625
