6 1.0
12 1.4771212547196624
19 1.6020599913279625
26 1.0
32 1.7781512503836436
41 1.4771212547196624
49 1.0
70 1.0
73 1.3010299956639813
75 1.0
94 1.0
108 1.0
164 1.0
169 1.4771212547196624
174 1.3010299956639813
178 1.3010299956639813
190 1.0
192 1.0
193 1.0
203 1.0
207 1.3010299956639813
208 1.0
235 1.0
241 1.0
245 1.0
246 1.0
248 1.3010299956639813
278 1.0
302 1.3010299956639813
314 1.0
330 1.845098040014257
335 1.6020599913279625
351 1.6989700043360187
361 1.0
374 1.0
388 1.7781512503836436
398 1.3010299956639813
401 1.0
408 1.9030899869919435
412 1.3010299956639813
417 1.4771212547196624
426 1.0
429 1.0
430 1.0
431 1.3010299956639813
432 1.0
433 1.0
443 1.3010299956639813
451 1.3010299956639813
474 1.3010299956639813
477 1.3010299956639813
484 1.0
496 1.845098040014257
500 1.0
520 1.0
522 1.3010299956639813
540 2.255272505103306
542 1.0
543 1.0
544 1.0
552 1.3010299956639813
555 1.6989700043360187
558 1.0
570 1.3010299956639813
575 1.4771212547196624
578 1.3010299956639813
582 1.0
583 1.0
586 1.3010299956639813
590 1.0
592 1.4771212547196624
600 1.0
601 1.3010299956639813
615 1.0
617 1.0
622 1.0
623 1.3010299956639813
624 1.0
627 1.3010299956639813
633 1.0
634 1.0
643 1.4771212547196624
649 1.0
651 1.3010299956639813
657 1.845098040014257
658 2.146128035678238
659 1.3010299956639813
673 1.3010299956639813
684 1.0
689 1.7781512503836436
691 1.3010299956639813
700 1.6020599913279625
702 1.0
709 1.0
711 1.3010299956639813
714 1.4771212547196624
715 1.7781512503836436
717 1.9030899869919435
721 1.0
730 1.0
731 1.0
737 1.3010299956639813
739 1.9030899869919435
741 1.6020599913279625
742 1.0
745 1.6020599913279625
748 1.6020599913279625
749 1.6020599913279625
751 1.4771212547196624
752 1.4771212547196624
753 1.0
755 1.6020599913279625
756 1.6989700043360187
758 1.0
762 1.0
779 1.3010299956639813
790 1.0
795 1.0
812 1.4771212547196624
813 1.3010299956639813
814 1.7781512503836436
824 1.0
825 1.0
826 1.4771212547196624
845 1.3010299956639813
864 2.3979400086720375
871 1.0
883 1.0
885 1.4771212547196624
895 1.0
896 1.0
905 1.6989700043360187
907 1.3010299956639813
914 1.0
915 1.3010299956639813
918 2.0
924 2.5051499783199063
935 1.0
939 1.0
943 1.6020599913279625
944 1.6020599913279625
948 1.3010299956639813
968 1.0
982 1.0
994 1.0
996 1.0
1000 1.0
1002 1.3010299956639813
1010 1.4771212547196624
1011 1.0
1012 1.0
1013 1.7781512503836436
1015 1.4771212547196624
1016 1.4771212547196624
1028 1.0
1031 1.0
1034 1.3010299956639813
1036 1.0
1050 1.0
1054 1.3010299956639813
1057 1.3010299956639813
1058 1.3010299956639813
1062 1.7781512503836436
1063 1.0
1066 1.3010299956639813
1068 2.079181246047625
1070 1.7781512503836436
1072 1.3010299956639813
1073 2.0
1078 1.3010299956639813
1083 1.9030899869919435
1086 1.0
1089 1.0
1090 1.0
1104 2.0413926851582254
1105 1.0
1106 1.0
1109 1.0
1119 1.0
1120 1.0
1122 1.0
1123 1.7781512503836436
1125 1.0
1129 1.0
1130 1.0
1149 1.3010299956639813
1150 1.3010299956639813
1159 1.3010299956639813
1194 2.079181246047625
1204 1.6989700043360187
1208 1.0
1209 1.0
1211 1.0
1214 1.0
1218 1.4771212547196624
1220 1.0
1221 2.113943352306837
1226 1.845098040014257
1230 1.0
1231 1.0
1234 1.3010299956639813
1235 1.0
1237 1.0
1247 1.6989700043360187
1271 1.0
1274 1.0
1279 1.3010299956639813
1283 1.4771212547196624
1285 1.0
1298 1.3010299956639813
1301 1.0
