3 1.3010299956639813
6 1.3010299956639813
23 1.0
34 1.0
41 1.0
42 1.0
58 1.4771212547196624
62 1.0
63 1.0
64 1.0
69 1.0
81 1.3010299956639813
102 1.0
107 1.0
112 1.3010299956639813
121 1.6020599913279625
139 1.3010299956639813
148 1.0
168 1.0
171 1.3010299956639813
176 1.0
179 1.0
186 1.0
187 1.0
190 1.3010299956639813
192 1.6020599913279625
193 1.9030899869919435
216 1.0
217 1.0
224 1.0
231 1.0
243 1.3010299956639813
244 1.0
245 1.3010299956639813
264 1.0
267 1.3010299956639813
269 1.3010299956639813
274 2.0
297 1.0
305 1.3010299956639813
306 1.0
313 1.6989700043360187
317 1.3010299956639813
321 1.0
333 1.0
346 2.146128035678238
354 1.0
364 1.7781512503836436
367 1.0
383 1.4771212547196624
398 1.0
403 1.0
419 1.0
445 1.3010299956639813
455 1.0
459 1.0
468 2.0413926851582254
474 1.845098040014257
484 1.7781512503836436
498 1.9030899869919435
506 1.3010299956639813
508 1.6020599913279625
535 1.0
550 1.3010299956639813
560 1.6989700043360187
567 1.3010299956639813
572 1.6020599913279625
581 1.4771212547196624
584 1.0
585 1.0
588 1.3010299956639813
590 1.4771212547196624
592 1.4771212547196624
599 1.4771212547196624
600 1.3010299956639813
601 1.6989700043360187
604 1.3010299956639813
614 1.3010299956639813
631 1.6020599913279625
635 1.0
640 1.3010299956639813
649 1.4771212547196624
659 1.0
673 1.4771212547196624
679 1.6020599913279625
681 1.0
685 1.0
689 1.0
692 2.5440680443502757
693 1.0
698 1.3010299956639813
710 1.0
714 1.6989700043360187
715 1.0
716 1.0
720 1.4771212547196624
721 1.0
722 1.0
726 1.0
738 1.0
765 1.0
769 1.845098040014257
771 1.9030899869919435
775 1.3010299956639813
779 1.845098040014257
787 1.0
789 1.0
790 1.6020599913279625
791 1.3010299956639813
807 2.113943352306837
829 1.4771212547196624
832 1.6989700043360187
833 1.6989700043360187
841 1.0
846 1.0
848 1.0
849 1.3010299956639813
851 1.0
855 1.3010299956639813
856 1.3010299956639813
867 1.0
872 1.3010299956639813
888 1.0
894 1.0
896 1.0
897 2.361727836017593
911 1.0
914 2.5440680443502757
926 1.0
930 1.0
934 1.0
936 1.0
938 1.0
942 1.0
949 1.3010299956639813
950 1.9542425094393248
952 1.6020599913279625
959 1.3010299956639813
962 1.0
966 1.3010299956639813
969 1.0
973 1.0
974 1.0
984 1.3010299956639813
986 1.0
987 1.4771212547196624
992 1.3010299956639813
996 1.3010299956639813
1015 1.4771212547196624
1016 1.4771212547196624
1092 1.0
1109 1.0
1129 1.4771212547196624
1130 1.4771212547196624
1135 1.0
1136 1.0
1161 1.3010299956639813
1198 1.0
1214 1.3010299956639813
1217 1.0
1218 1.0
1234 1.0
1237 1.0
1239 1.3010299956639813
1245 1.0
1260 1.4771212547196624
1281 1.0
1298 1.0
1307 1.0
1317 1.3010299956639813
1323 1.0
