1 1.0
3 1.0
25 1.3010299956639813
32 1.4771212547196624
71 1.4771212547196624
73 1.0
91 1.6989700043360187
116 1.4771212547196624
118 1.0
121 1.4771212547196624
133 1.0
155 1.0
165 1.3010299956639813
184 1.0
185 1.3010299956639813
190 1.0
192 1.0
199 1.3010299956639813
230 1.3010299956639813
236 1.3010299956639813
241 2.204119982655925
250 1.0
256 1.0
258 1.7781512503836436
266 1.3010299956639813
270 1.6020599913279625
272 1.3010299956639813
274 1.9542425094393248
276 1.0
293 1.0
307 1.3010299956639813
314 1.3010299956639813
315 1.0
319 1.9030899869919435
329 1.0
332 1.7781512503836436
341 1.0
344 1.0
350 1.0
364 1.3010299956639813
369 1.0
376 1.6020599913279625
391 1.3010299956639813
402 1.3010299956639813
416 1.0
438 1.3010299956639813
449 1.0
541 1.0
558 1.0
570 1.0
576 1.4771212547196624
586 1.0
595 1.0
596 1.4771212547196624
610 1.845098040014257
614 1.0
615 1.6989700043360187
617 1.3010299956639813
619 1.0
622 1.6020599913279625
625 1.4771212547196624
630 1.0
643 1.0
645 1.0
648 1.4771212547196624
664 1.3010299956639813
669 1.7781512503836436
686 1.0
688 1.0
690 2.204119982655925
692 2.5314789170422554
696 2.079181246047625
697 1.3010299956639813
699 1.0
700 1.3010299956639813
701 1.4771212547196624
736 1.3010299956639813
759 1.0
769 1.6989700043360187
772 1.0
775 1.0
777 1.0
791 1.0
799 1.0
800 1.0
802 1.0
803 1.0
807 2.0413926851582254
821 1.0
824 1.7781512503836436
825 1.7781512503836436
836 1.6020599913279625
839 1.6020599913279625
840 1.6020599913279625
847 1.0
849 1.0
855 1.0
864 1.0
868 2.3010299956639813
869 2.3010299956639813
870 1.6020599913279625
889 1.7781512503836436
890 1.7781512503836436
891 1.0
897 2.3010299956639813
904 1.0
906 1.0
914 2.5314789170422554
918 1.0
922 1.0
924 1.3010299956639813
937 1.0
951 1.0
952 1.0
957 1.3010299956639813
958 1.0
959 1.0
966 1.0
968 1.845098040014257
972 1.3010299956639813
975 1.0
984 1.0
987 1.3010299956639813
988 1.6020599913279625
990 1.4771212547196624
992 1.0
993 1.4771212547196624
996 1.0
997 1.4771212547196624
1000 1.3010299956639813
1009 1.6020599913279625
1020 1.3010299956639813
1029 1.3010299956639813
1035 1.4771212547196624
1037 1.4771212547196624
1052 1.3010299956639813
1068 1.0
1072 1.0
1073 2.4313637641589874
1098 1.4771212547196624
1123 1.4771212547196624
1125 1.3010299956639813
1127 1.0
1128 1.0
1140 1.0
1191 1.4771212547196624
1193 1.3010299956639813
1222 1.0
1232 1.0
1233 1.0
1238 1.0
1276 1.4771212547196624
1313 1.0
