7 1.4771212547196624
29 1.0
47 1.3010299956639813
53 1.6989700043360187
58 1.0
69 1.4771212547196624
71 1.0
86 1.0
108 1.0
128 1.0
137 1.0
191 1.0
193 1.0
200 1.0
201 1.0
223 1.4771212547196624
245 1.6020599913279625
257 1.3010299956639813
265 1.0
268 1.4771212547196624
274 1.3010299956639813
275 1.0
276 1.0
302 1.0
314 1.0
349 1.0
384 1.3010299956639813
385 1.0
388 1.0
400 1.6989700043360187
402 1.3010299956639813
429 1.3010299956639813
432 1.0
453 1.0
496 1.0
543 1.0
544 1.0
556 1.6020599913279625
566 1.3010299956639813
570 1.0
578 1.0
586 1.0
605 1.3010299956639813
606 1.3010299956639813
608 1.4771212547196624
623 1.6989700043360187
624 1.3010299956639813
644 1.0
650 1.3010299956639813
670 1.4771212547196624
673 1.0
682 1.4771212547196624
684 1.0
688 1.0
695 1.0
698 1.3010299956639813
704 1.0
715 1.6020599913279625
717 1.4771212547196624
723 1.0
731 1.0
735 1.3010299956639813
751 1.9030899869919435
757 1.0
764 1.3010299956639813
802 1.0
803 1.0
822 1.0
829 1.3010299956639813
845 1.4771212547196624
874 1.0
884 1.0
892 1.3010299956639813
898 1.4771212547196624
903 1.3010299956639813
949 1.0
1002 1.6020599913279625
1006 1.0
1011 1.0
1012 1.0
1015 1.0
1016 1.0
1019 1.0
1036 2.0
1048 1.0
1054 1.0
1056 1.0
1086 1.0
1092 1.0
1097 1.0
1109 1.0
1119 1.0
1129 1.3010299956639813
1130 1.3010299956639813
1137 1.0
1138 1.0
1149 1.3010299956639813
1150 1.3010299956639813
1159 1.4771212547196624
1161 1.4771212547196624
1165 1.0
1169 1.0
1174 1.3010299956639813
1185 1.3010299956639813
1198 1.0
1217 1.3010299956639813
1230 1.0
1231 1.0
1235 1.0
1239 2.0
1255 1.0
1298 1.0
