40 1.3010299956639813
61 1.3010299956639813
96 1.7781512503836436
127 1.0
174 1.0
186 1.0
187 1.0
277 1.0
309 1.3010299956639813
337 1.0
344 2.3222192947339195
358 1.0
400 1.0
407 1.0
408 1.0
420 1.0
429 1.0
473 1.4771212547196624
477 1.4771212547196624
520 1.3010299956639813
522 1.0
536 1.0
540 1.0
550 1.0
558 1.3010299956639813
566 1.4771212547196624
629 1.0
667 1.0
683 1.0
688 1.3010299956639813
689 2.1760912590556813
692 1.3010299956639813
697 1.0
709 1.0
752 1.0
753 1.0
761 1.3010299956639813
765 1.3010299956639813
769 1.4771212547196624
843 1.845098040014257
845 1.4771212547196624
851 1.0
868 1.0
869 1.0
878 1.0
929 1.4771212547196624
953 1.0
1002 1.4771212547196624
1008 1.0
1022 1.6020599913279625
1065 1.4771212547196624
1070 1.0
1096 1.3010299956639813
1110 1.4771212547196624
1119 1.0
1126 1.4771212547196624
1171 1.0
1289 1.0
1311 1.0
1313 1.4771212547196624
1318 1.3010299956639813
