24 1.0
29 1.0
34 1.0
76 1.0
94 1.0
116 1.3010299956639813
142 1.0
157 1.0
208 1.0
234 1.0
271 1.0
300 1.3010299956639813
361 1.4771212547196624
387 1.0
390 1.0
412 1.0
422 1.3010299956639813
429 1.0
444 1.3010299956639813
459 1.0
543 1.0
544 1.0
577 1.0
581 1.0
587 1.0
589 1.0
591 1.3010299956639813
592 1.0
611 1.0
669 1.0
674 1.0
675 1.0
743 1.3010299956639813
756 1.0
794 1.3010299956639813
809 1.0
819 2.079181246047625
824 1.0
825 1.0
861 1.0
868 1.6020599913279625
869 1.6020599913279625
895 1.0
906 1.0
941 1.0
971 1.0
990 1.6989700043360187
1002 1.0
1028 1.3010299956639813
1047 1.0
1111 1.4771212547196624
1112 1.4771212547196624
1129 1.0
1130 1.0
1237 1.3010299956639813
1259 1.0
1268 1.3010299956639813
1294 1.4771212547196624
1318 1.0
