0 1.3010299956639813
2 1.0
5 1.4771212547196624
7 1.0
11 1.6989700043360187
12 1.0
13 2.079181246047625
15 1.0
16 1.4771212547196624
20 1.0
32 1.0
33 1.6020599913279625
36 1.6020599913279625
41 2.146128035678238
43 1.0
44 1.0
45 2.255272505103306
46 1.0
47 2.204119982655925
51 1.3010299956639813
54 1.0
56 2.230448921378274
57 1.0
58 1.3010299956639813
62 1.9542425094393248
65 1.4771212547196624
66 1.0
70 1.0
74 1.0
75 1.0
77 1.3010299956639813
78 1.0
81 1.6020599913279625
82 1.0
86 1.7781512503836436
88 1.6020599913279625
92 1.0
93 1.0
94 1.9542425094393248
100 1.6989700043360187
101 1.9030899869919435
103 1.6020599913279625
104 1.0
108 1.3010299956639813
110 2.255272505103306
111 1.3010299956639813
113 1.0
114 1.0
121 1.7781512503836436
126 1.9542425094393248
127 2.0
129 1.0
132 1.3010299956639813
134 1.6989700043360187
138 1.6020599913279625
139 1.7781512503836436
140 1.0
142 1.6020599913279625
143 2.079181246047625
145 1.7781512503836436
146 1.4771212547196624
148 1.7781512503836436
153 1.3010299956639813
155 1.6020599913279625
157 1.6020599913279625
160 1.6020599913279625
161 1.0
162 1.3010299956639813
166 1.6020599913279625
170 1.3010299956639813
189 1.3010299956639813
191 1.3010299956639813
192 1.4771212547196624
193 1.0
195 1.845098040014257
200 2.0
201 2.0
236 1.6020599913279625
237 1.6989700043360187
242 1.0
251 1.4771212547196624
252 1.3010299956639813
262 1.0
263 1.3010299956639813
265 1.0
267 1.4771212547196624
268 1.0
269 1.0
275 1.0
276 1.9542425094393248
277 1.0
279 1.0
280 1.0
281 2.0
284 1.6020599913279625
286 1.7781512503836436
289 1.4771212547196624
290 2.1760912590556813
294 1.0
298 1.0
302 1.0
305 1.0
306 1.0
307 1.3010299956639813
310 1.0
317 1.845098040014257
318 2.0413926851582254
322 1.3010299956639813
323 1.6020599913279625
324 1.0
326 1.4771212547196624
327 1.4771212547196624
331 1.0
332 1.0
333 1.0
334 1.7781512503836436
336 1.4771212547196624
339 1.3010299956639813
343 1.3010299956639813
344 1.4771212547196624
346 1.0
350 1.0
362 1.0
363 1.0
364 1.9030899869919435
367 1.3010299956639813
368 1.3010299956639813
372 1.7781512503836436
373 1.3010299956639813
375 1.7781512503836436
379 1.6989700043360187
380 1.0
381 1.7781512503836436
383 1.9030899869919435
384 1.4771212547196624
386 1.3010299956639813
388 1.0
389 1.6989700043360187
396 1.3010299956639813
399 1.0
400 1.845098040014257
401 1.3010299956639813
411 1.845098040014257
417 1.6020599913279625
419 1.0
420 1.4771212547196624
430 1.7781512503836436
442 2.113943352306837
443 1.0
449 1.0
452 1.0
453 1.0
473 1.0
493 1.0
495 1.0
497 1.3010299956639813
499 1.6020599913279625
507 1.0
511 1.3010299956639813
513 1.0
514 1.3010299956639813
518 1.3010299956639813
534 2.5185139398778875
554 1.845098040014257
570 1.0
577 1.0
588 1.6989700043360187
589 1.3010299956639813
592 1.4771212547196624
599 1.0
604 1.3010299956639813
610 1.0
619 1.0
620 1.0
622 1.3010299956639813
625 1.4771212547196624
627 1.0
630 1.3010299956639813
635 1.0
638 1.0
640 1.6020599913279625
660 1.0
669 1.0
673 1.6989700043360187
677 1.0
678 1.0
680 1.4771212547196624
682 1.3010299956639813
687 1.6989700043360187
688 1.0
690 1.0
694 1.4771212547196624
696 1.0
698 2.079181246047625
699 1.6020599913279625
701 1.4771212547196624
705 1.6020599913279625
708 1.0
710 1.0
712 1.3010299956639813
715 1.0
723 1.3010299956639813
724 1.0
725 1.3010299956639813
726 1.6020599913279625
727 1.0
728 1.0
730 2.146128035678238
732 1.9030899869919435
740 1.3010299956639813
741 1.4771212547196624
755 1.0
759 1.4771212547196624
763 2.0
769 1.0
771 1.0
781 1.7781512503836436
787 1.4771212547196624
794 1.9030899869919435
798 1.0
800 1.0
802 1.6989700043360187
803 1.6989700043360187
805 1.0
810 1.0
812 1.0
813 1.0
814 1.3010299956639813
816 1.0
826 1.0
836 1.0
838 1.845098040014257
845 1.3010299956639813
846 1.0
848 1.6020599913279625
849 1.3010299956639813
850 1.0
856 1.845098040014257
859 1.0
861 1.4771212547196624
863 1.6020599913279625
866 1.3010299956639813
868 1.3010299956639813
869 1.3010299956639813
871 1.845098040014257
872 1.6020599913279625
875 1.3010299956639813
878 1.4771212547196624
879 1.4771212547196624
880 1.0
887 1.3010299956639813
889 1.3010299956639813
890 1.3010299956639813
893 1.3010299956639813
896 1.0
897 1.0
903 1.7781512503836436
911 1.0
921 1.0
924 1.3010299956639813
926 1.0
928 1.0
932 1.6020599913279625
935 1.9030899869919435
938 1.3010299956639813
941 1.6989700043360187
948 1.4771212547196624
950 1.9030899869919435
952 1.3010299956639813
956 1.0
959 1.6020599913279625
973 1.0
984 1.3010299956639813
991 1.0
993 1.6020599913279625
995 1.3010299956639813
996 1.0
997 1.0
998 1.3010299956639813
1005 2.1760912590556813
1007 1.0
1008 1.0
1011 1.9030899869919435
1012 1.9030899869919435
1015 2.079181246047625
1016 2.4313637641589874
1020 1.9030899869919435
1021 1.6989700043360187
1022 1.4771212547196624
1023 1.0
1026 1.6989700043360187
1027 1.6020599913279625
1028 1.0
1053 1.0
1054 1.4771212547196624
1057 2.0413926851582254
1058 2.0413926851582254
1062 1.0
1065 1.0
1073 1.0
1074 1.3010299956639813
1075 1.3010299956639813
1083 1.0
1085 1.0
1093 1.0
1095 1.3010299956639813
1099 1.845098040014257
1100 1.6020599913279625
1114 2.3010299956639813
1115 1.3010299956639813
1116 1.3010299956639813
1117 1.9030899869919435
1118 1.9030899869919435
1127 2.3222192947339195
1128 2.3222192947339195
1129 2.8808135922807914
1130 2.8808135922807914
1131 1.0
1132 1.0
1135 2.255272505103306
1136 2.255272505103306
1137 2.079181246047625
1138 2.079181246047625
1139 1.7781512503836436
1140 2.079181246047625
1141 1.7781512503836436
1142 1.7781512503836436
1143 2.0413926851582254
1144 2.0413926851582254
1145 1.7781512503836436
1146 1.7781512503836436
1147 2.1760912590556813
1148 2.1760912590556813
1149 2.1760912590556813
1150 2.4771212547196626
1152 1.6020599913279625
1153 1.4771212547196624
1155 1.0
1159 1.4771212547196624
1162 1.0
1167 1.3010299956639813
1168 1.0
1169 1.0
1170 1.3010299956639813
1172 1.6989700043360187
1173 1.3010299956639813
1176 1.7781512503836436
1177 1.4771212547196624
1180 1.3010299956639813
1182 1.0
1183 1.4771212547196624
1184 1.845098040014257
1188 1.0
1194 1.0
1196 1.3010299956639813
1198 1.6020599913279625
1203 1.0
1204 1.0
1221 1.0
1227 1.0
1235 1.0
1237 1.0
1246 1.0
1266 1.0
1276 1.0
1280 1.3010299956639813
1300 1.0
