2 1.3010299956639813
3 1.4771212547196624
5 1.0
13 1.3010299956639813
28 1.0
34 1.0
48 1.0
54 1.0
57 1.0
71 1.0
91 1.4771212547196624
99 1.0
101 1.0
107 1.3010299956639813
110 1.0
127 1.0
137 1.3010299956639813
141 1.0
147 1.0
172 1.0
190 1.0
196 1.0
205 1.0
209 1.3010299956639813
211 1.0
217 1.0
219 1.6020599913279625
222 1.0
232 1.0
235 1.0
241 1.0
242 1.3010299956639813
260 1.0
264 1.3010299956639813
274 1.0
278 1.3010299956639813
280 1.0
306 1.0
311 1.3010299956639813
316 1.3010299956639813
340 1.0
343 1.0
361 1.3010299956639813
376 1.0
388 1.0
392 1.0
393 1.0
402 1.0
409 1.3010299956639813
412 1.3010299956639813
414 1.3010299956639813
427 1.0
428 1.0
436 1.0
442 1.3010299956639813
443 1.3010299956639813
447 1.0
451 1.3010299956639813
455 1.0
459 1.0
462 1.3010299956639813
463 1.0
480 1.0
485 1.0
491 1.0
493 1.3010299956639813
502 1.0
506 1.9030899869919435
521 1.0
527 1.0
528 1.0
535 1.0
540 1.0
542 1.0
543 1.0
544 1.0
546 1.0
553 1.3010299956639813
566 1.0
570 1.3010299956639813
572 1.3010299956639813
576 1.0
578 1.3010299956639813
581 1.0
582 1.3010299956639813
583 1.3010299956639813
592 1.9030899869919435
593 1.0
605 1.4771212547196624
606 1.4771212547196624
608 1.0
613 1.0
621 1.0
624 1.0
626 1.0
645 1.0
652 1.3010299956639813
665 1.0
669 1.0
674 1.0
675 1.0
684 1.3010299956639813
685 1.0
686 1.3010299956639813
694 1.3010299956639813
695 1.4771212547196624
704 1.0
708 1.0
719 1.0
721 1.6989700043360187
724 1.0
731 1.0
735 1.0
740 1.0
741 1.3010299956639813
742 1.3010299956639813
743 1.0
749 1.6020599913279625
750 1.0
751 1.0
754 1.3010299956639813
755 1.0
764 1.6989700043360187
770 1.0
779 1.0
788 1.0
790 1.3010299956639813
795 1.0
796 1.3010299956639813
802 1.0
803 1.0
812 1.0
813 1.0
820 1.0
826 1.4771212547196624
845 1.4771212547196624
851 1.7781512503836436
855 1.0
893 1.0
895 1.0
900 1.0
901 1.3010299956639813
905 1.4771212547196624
907 1.0
908 1.0
918 1.3010299956639813
932 1.0
994 1.0
1006 1.3010299956639813
1009 1.0
1010 1.0
1015 1.0
1016 1.0
1019 1.0
1020 1.0
1028 1.3010299956639813
1031 1.0
1033 1.0
1050 1.3010299956639813
1057 1.0
1058 1.0
1071 1.0
1072 1.4771212547196624
1074 1.0
1075 1.0
1078 1.0
1080 1.0
1082 1.0
1084 1.0
1085 1.0
1087 1.0
1088 1.0
1090 1.0
1091 1.3010299956639813
1096 1.4771212547196624
1104 1.3010299956639813
1113 1.0
1124 1.0
1129 1.0
1130 1.0
1145 1.0
1146 1.0
1167 1.0
1170 1.0
1171 1.0
1173 1.3010299956639813
1183 1.0
1190 1.6020599913279625
1197 1.0
1202 1.0
1204 1.0
1207 1.3010299956639813
1213 1.0
1224 1.4771212547196624
1226 1.0
1237 1.0
1240 1.0
1243 1.3010299956639813
1245 1.3010299956639813
1249 1.0
1254 1.0
1259 1.7781512503836436
1270 1.0
1285 1.0
1288 1.4771212547196624
1292 1.0
1293 1.0
1294 1.0
1295 1.0
1300 1.0
1306 1.0
1308 1.0
1312 1.0
1314 1.0
1315 1.0
1321 1.0
