29 1.4771212547196624
65 1.0
96 1.3010299956639813
123 1.0
124 1.0
194 1.6989700043360187
214 1.0
289 1.3010299956639813
306 1.0
314 1.4771212547196624
364 1.7781512503836436
367 1.0
399 1.0
473 1.4771212547196624
502 1.0
577 1.0
689 1.0
708 1.0
743 1.4771212547196624
760 1.3010299956639813
761 1.3010299956639813
764 1.0
773 1.0
820 1.0
893 1.6989700043360187
924 1.0
969 1.3010299956639813
1043 1.0
1049 1.0
1093 1.3010299956639813
1119 1.0
1121 1.4771212547196624
1168 1.0
1197 1.3010299956639813
