19 1.0
110 1.0
116 1.4771212547196624
146 1.3010299956639813
162 1.0
319 1.0
326 1.3010299956639813
333 1.0
345 1.0
388 1.0
449 1.0
482 1.0
498 1.0
529 1.0
531 1.0
558 1.3010299956639813
565 1.3010299956639813
589 1.6020599913279625
757 1.0
797 1.0
807 1.3010299956639813
839 1.0
840 1.0
855 1.3010299956639813
897 1.3010299956639813
922 1.0
941 1.0
994 1.3010299956639813
996 1.0
1034 1.0
1054 1.0
1129 1.3010299956639813
1130 1.3010299956639813
1143 1.4771212547196624
1144 1.4771212547196624
1185 1.4771212547196624
1305 1.0
1324 1.0
