10 1.0
15 1.0
34 1.0
35 1.0
36 1.0
47 1.0
69 1.0
81 1.3010299956639813
94 1.0
111 1.0
113 1.0
114 1.0
121 1.3010299956639813
123 1.0
124 1.0
125 1.0
127 1.0
142 1.0
148 1.0
153 1.0
180 1.3010299956639813
192 1.0
205 1.0
208 1.0
210 1.0
243 1.0
244 1.0
254 1.0
265 1.3010299956639813
274 1.6989700043360187
284 1.0
294 1.0
306 1.0
325 1.0
344 1.0
359 1.0
380 1.0
386 1.0
387 1.0
434 1.0
436 1.0
444 1.0
473 1.0
474 1.0
479 1.4771212547196624
481 1.0
489 1.0
493 1.0
498 1.0
500 1.0
506 1.0
516 1.3010299956639813
518 1.0
531 1.0
534 1.4771212547196624
540 1.0
541 1.0
545 1.4771212547196624
548 1.0
553 1.0
555 1.0
567 1.0
592 1.3010299956639813
613 1.0
629 1.0
638 1.0
657 1.0
667 1.0
668 1.0
692 1.0
703 1.0
715 1.0
735 1.0
745 1.0
761 1.0
788 1.0
802 1.0
803 1.0
829 1.0
842 1.0
868 1.3010299956639813
869 1.3010299956639813
889 1.0
890 1.0
891 1.0
895 1.0
901 1.0
914 1.0
915 1.0
922 1.0
926 1.0
929 1.0
941 1.0
943 1.3010299956639813
944 1.3010299956639813
964 1.0
973 1.3010299956639813
975 1.0
982 1.0
1005 1.3010299956639813
1019 1.0
1027 1.0
1042 1.0
1089 1.0
1114 1.0
1117 1.0
1118 1.0
1121 1.0
1126 1.0
1127 1.0
1128 1.0
1129 1.0
1130 1.0
1143 1.0
1144 1.0
1147 1.4771212547196624
1148 1.4771212547196624
1168 1.0
1183 1.0
1188 1.3010299956639813
1213 1.0
1240 1.0
1245 1.0
1250 1.0
1257 1.4771212547196624
1259 1.0
1260 1.0
1291 1.0
1302 1.0
