0 1.0
3 1.0
6 1.0
7 1.0
14 1.0
16 1.0
31 1.0
32 1.4771212547196624
34 1.0
39 1.0
51 1.0
54 1.3010299956639813
69 1.6020599913279625
73 1.0
74 1.3010299956639813
75 1.4771212547196624
76 1.0
91 1.0
94 1.3010299956639813
101 1.0
152 1.0
168 1.6020599913279625
171 1.0
174 2.146128035678238
176 1.4771212547196624
180 1.3010299956639813
201 1.0
204 1.0
217 1.0
226 1.0
234 1.3010299956639813
241 1.0
251 1.3010299956639813
253 1.845098040014257
256 1.4771212547196624
258 1.0
272 1.6989700043360187
273 1.845098040014257
276 1.0
277 1.4771212547196624
280 1.0
293 1.0
297 1.9542425094393248
302 1.0
305 1.4771212547196624
306 1.0
309 1.4771212547196624
310 1.6020599913279625
314 1.0
319 1.0
322 1.0
323 1.3010299956639813
329 1.3010299956639813
332 1.3010299956639813
333 1.0
352 1.4771212547196624
355 1.6020599913279625
356 1.3010299956639813
361 1.0
362 1.3010299956639813
368 1.0
379 1.0
387 1.3010299956639813
388 1.0
396 1.0
398 1.0
399 1.6020599913279625
400 1.4771212547196624
401 1.9030899869919435
408 1.9030899869919435
411 1.0
412 1.0
417 1.3010299956639813
418 1.0
419 1.0
420 1.3010299956639813
421 1.0
422 1.3010299956639813
429 1.845098040014257
430 1.0
431 1.6020599913279625
432 1.6020599913279625
433 1.7781512503836436
434 1.6989700043360187
444 1.0
449 1.4771212547196624
453 1.0
494 1.6020599913279625
496 1.6989700043360187
498 1.4771212547196624
506 1.0
522 1.0
534 1.0
536 1.0
537 1.4771212547196624
539 2.0
540 1.4771212547196624
541 1.4771212547196624
543 1.0
544 1.0
546 1.0
557 1.6989700043360187
558 1.0
565 1.6020599913279625
566 1.0
567 1.0
568 1.0
569 1.0
570 1.4771212547196624
571 1.3010299956639813
573 1.3010299956639813
574 1.3010299956639813
575 1.0
584 2.113943352306837
585 2.113943352306837
587 1.0
589 1.0
591 1.3010299956639813
593 1.845098040014257
602 1.3010299956639813
603 1.3010299956639813
608 1.0
610 1.3010299956639813
611 1.0
613 1.4771212547196624
621 1.0
622 1.0
625 1.0
626 1.3010299956639813
627 1.6989700043360187
633 1.3010299956639813
639 1.0
644 1.9542425094393248
645 1.0
650 1.0
651 1.6020599913279625
653 1.3010299956639813
656 1.0
659 1.4771212547196624
661 1.6020599913279625
663 1.0
669 1.0
671 1.3010299956639813
679 1.0
682 1.4771212547196624
687 1.3010299956639813
688 1.3010299956639813
692 1.6989700043360187
695 1.0
702 1.0
704 1.0
708 1.0
711 1.0
714 1.0
715 1.0
722 1.0
731 1.0
735 1.0
740 1.0
741 1.3010299956639813
742 1.3010299956639813
745 1.3010299956639813
748 1.845098040014257
749 1.4771212547196624
754 1.0
755 1.4771212547196624
758 1.3010299956639813
761 1.4771212547196624
764 1.4771212547196624
765 1.4771212547196624
769 1.7781512503836436
779 1.6020599913279625
780 1.3010299956639813
809 1.6020599913279625
811 1.0
813 1.0
814 1.0
816 1.0
826 1.3010299956639813
828 1.3010299956639813
837 1.0
839 1.3010299956639813
840 1.3010299956639813
847 1.0
849 1.0
851 1.0
855 1.3010299956639813
870 1.3010299956639813
871 1.3010299956639813
889 1.4771212547196624
890 1.4771212547196624
893 1.3010299956639813
895 2.0
896 1.3010299956639813
897 1.6989700043360187
901 1.845098040014257
902 1.4771212547196624
903 1.0
906 1.0
909 1.4771212547196624
915 1.6020599913279625
918 1.4771212547196624
926 1.3010299956639813
929 1.4771212547196624
935 1.0
939 1.3010299956639813
943 1.0
944 1.0
953 1.3010299956639813
963 1.4771212547196624
971 1.0
980 1.0
984 1.3010299956639813
985 1.0
988 1.0
995 1.0
1000 1.0
1002 1.0
1004 1.0
1006 1.4771212547196624
1008 1.6020599913279625
1019 1.4771212547196624
1020 1.3010299956639813
1029 1.3010299956639813
1032 1.0
1034 1.6989700043360187
1037 1.4771212547196624
1038 1.3010299956639813
1039 1.4771212547196624
1043 1.4771212547196624
1044 1.6989700043360187
1045 1.4771212547196624
1054 1.3010299956639813
1061 1.0
1064 1.6989700043360187
1065 1.3010299956639813
1070 1.0
1072 1.3010299956639813
1073 1.0
1078 1.845098040014257
1079 1.0
1080 1.3010299956639813
1083 1.7781512503836436
1085 1.6989700043360187
1088 1.0
1090 1.3010299956639813
1091 1.0
1093 1.0
1099 1.0
1104 1.4771212547196624
1109 1.9030899869919435
1114 1.0
1120 1.3010299956639813
1121 1.0
1140 1.0
1143 1.3010299956639813
1144 1.3010299956639813
1149 1.3010299956639813
1150 1.3010299956639813
1152 1.0
1160 1.0
1163 1.6989700043360187
1165 1.0
1171 1.0
1173 1.0
1189 1.3010299956639813
1194 1.3010299956639813
1199 1.4771212547196624
1202 1.3010299956639813
1203 1.0
1204 1.4771212547196624
1209 1.0
1211 1.0
1214 1.3010299956639813
1226 1.0
1227 1.0
1228 1.0
1229 1.0
1232 1.3010299956639813
1235 1.0
1236 1.3010299956639813
1237 1.3010299956639813
1239 1.0
1247 1.0
1248 1.0
1266 1.0
1272 1.0
1274 1.3010299956639813
1277 1.3010299956639813
1283 1.6989700043360187
1285 1.0
1304 1.3010299956639813
1308 1.0
1313 1.0
1320 1.0
1322 1.0
