1 1.3010299956639813
2 1.7781512503836436
32 1.0
61 1.0
82 1.0
96 1.3010299956639813
98 1.0
133 1.0
150 1.0
157 1.0
185 1.0
190 1.0
265 1.0
270 1.0
275 1.3010299956639813
277 1.0
346 1.3010299956639813
353 1.7781512503836436
354 1.6989700043360187
364 1.0
420 1.0
450 1.0
474 1.3010299956639813
507 1.0
567 1.0
613 1.3010299956639813
640 1.9030899869919435
692 1.0
705 1.0
839 1.0
840 1.0
850 1.0
861 1.3010299956639813
867 1.0
868 1.0
869 1.0
911 1.4771212547196624
935 1.0
948 1.0
996 1.0
1090 1.3010299956639813
1154 1.0
1165 1.0
1182 1.0
1183 1.0
1228 1.0
1237 1.0
