24 1.3010299956639813
35 1.3010299956639813
63 1.0
70 1.0
93 1.0
97 1.0
100 1.0
116 1.4771212547196624
144 1.0
152 1.0
154 1.0
161 1.0
171 1.0
192 1.4771212547196624
197 1.6020599913279625
222 1.0
262 1.0
285 1.0
287 1.0
297 1.3010299956639813
302 1.0
318 1.0
323 1.0
334 1.6020599913279625
354 1.4771212547196624
371 1.0
396 1.0
505 1.3010299956639813
533 1.0
546 1.0
550 1.0
584 1.6989700043360187
585 1.6989700043360187
592 1.3010299956639813
615 1.4771212547196624
631 1.0
669 1.0
671 1.0
698 1.0
705 1.3010299956639813
723 1.4771212547196624
742 1.0
743 1.0
760 1.0
773 1.0
830 1.0
844 1.0
858 1.0
866 1.0
872 1.0
883 1.0
897 1.0
898 1.0
904 1.0
924 1.0
1001 1.0
1034 1.9542425094393248
1054 1.0
1066 1.3010299956639813
1083 1.0
1084 1.0
1107 1.3010299956639813
1126 1.4771212547196624
1145 1.0
1146 1.0
1159 1.0
1161 1.0
1165 1.0
1168 1.0
1181 1.0
1204 1.0
1227 1.0
1241 1.3010299956639813
1266 1.0
1276 1.0
