34 1.3010299956639813
50 1.0
75 1.6020599913279625
83 1.0
98 1.0
168 1.3010299956639813
190 1.0
193 1.3010299956639813
200 1.0
201 1.0
237 1.0
244 1.0
247 2.278753600952829
275 1.0
304 1.0
341 1.0
450 1.7781512503836436
487 1.0
489 1.0
517 1.0
555 1.7781512503836436
556 2.146128035678238
565 2.5185139398778875
575 1.3010299956639813
586 1.0
622 2.230448921378274
646 1.0
652 1.0
709 1.0
735 1.0
759 2.1760912590556813
781 1.0
821 1.6020599913279625
871 1.0
878 1.0
924 1.0
940 1.4771212547196624
943 1.3010299956639813
944 1.3010299956639813
1010 1.0
1011 1.0
1012 1.0
1019 1.0
1037 1.4771212547196624
1057 1.0
1058 1.0
1088 1.3010299956639813
1121 1.0
1127 1.0
1128 1.0
1129 1.6020599913279625
1130 1.6020599913279625
1137 1.7781512503836436
1138 1.7781512503836436
1141 1.0
1142 1.0
1143 1.4771212547196624
1144 1.4771212547196624
1194 1.4771212547196624
1195 1.3010299956639813
1230 1.0
1244 1.4771212547196624
1264 1.7781512503836436
1307 1.3010299956639813
