7 1.3010299956639813
46 1.0
47 1.0
75 1.3010299956639813
83 1.0
116 1.0
157 1.0
174 1.0
209 1.3010299956639813
214 1.0
256 1.0
297 1.6020599913279625
316 1.3010299956639813
335 1.3010299956639813
343 1.0
345 1.6020599913279625
353 1.0
373 1.0
379 1.3010299956639813
392 1.0
400 1.0
429 1.3010299956639813
499 1.0
520 1.0
540 1.4771212547196624
550 1.0
567 1.0
575 1.4771212547196624
580 2.0413926851582254
584 1.0
585 1.0
586 1.0
593 1.0
615 1.0
634 1.3010299956639813
654 1.0
658 1.3010299956639813
659 1.0
668 1.0
695 1.0
699 1.6989700043360187
713 1.0
716 1.3010299956639813
756 1.0
765 1.0
777 1.4771212547196624
839 1.0
840 1.0
845 1.3010299956639813
849 1.4771212547196624
853 1.0
855 1.4771212547196624
889 1.3010299956639813
890 1.3010299956639813
893 1.0
895 1.6020599913279625
897 1.0
901 1.0
903 1.4771212547196624
939 1.0
940 1.0
946 1.6020599913279625
950 1.0
951 1.6989700043360187
954 1.0
972 1.7781512503836436
1000 1.4771212547196624
1027 1.0
1034 1.6020599913279625
1036 1.3010299956639813
1037 1.0
1042 1.0
1050 1.0
1068 1.0
1072 1.0
1103 1.0
1123 1.0
1129 1.3010299956639813
1130 1.3010299956639813
1133 1.0
1134 1.0
1135 1.0
1136 1.0
1143 1.3010299956639813
1144 1.3010299956639813
1191 1.6989700043360187
1193 1.0
1201 1.0
1204 1.6989700043360187
1221 1.3010299956639813
1272 1.0
1289 1.0
1298 1.0
