258 1.0
310 1.0
356 1.0
587 1.0
615 1.0
765 1.0
785 1.0
789 1.6020599913279625
802 1.0
803 1.0
805 1.4771212547196624
809 1.0
817 1.3010299956639813
818 1.3010299956639813
836 1.3010299956639813
845 1.0
854 1.4771212547196624
870 1.0
877 1.0
878 1.3010299956639813
887 1.0
899 1.0
912 1.4771212547196624
917 1.0
926 1.4771212547196624
938 1.0
943 1.0
944 1.0
950 1.3010299956639813
955 1.4771212547196624
957 1.0
959 1.0
960 1.0
964 1.3010299956639813
967 1.0
968 1.3010299956639813
982 1.9030899869919435
984 1.4771212547196624
990 1.0
992 1.0
994 1.6020599913279625
1000 1.3010299956639813
1002 1.4771212547196624
1008 1.0
1110 1.3010299956639813
