11 1.0
12 1.3010299956639813
17 1.845098040014257
29 1.4771212547196624
34 1.0
37 1.0
45 1.4771212547196624
49 1.0
51 1.3010299956639813
67 1.0
69 1.0
71 1.0
72 1.0
74 1.4771212547196624
77 1.0
84 1.0
93 1.0
94 1.0
100 1.0
101 1.4771212547196624
102 1.0
103 1.6020599913279625
104 1.6020599913279625
107 1.4771212547196624
108 1.0
117 1.7781512503836436
125 1.0
131 1.0
135 1.0
136 1.0
140 1.0
145 1.3010299956639813
148 1.0
150 1.0
152 1.0
153 1.0
154 1.3010299956639813
157 1.0
163 1.0
171 1.6989700043360187
173 1.0
175 1.0
176 1.6989700043360187
177 1.0
179 1.0
180 1.845098040014257
183 1.4771212547196624
186 1.0
187 1.3010299956639813
189 1.0
191 1.4771212547196624
193 1.4771212547196624
194 1.0
197 1.0
199 1.0
200 1.0
201 1.0
207 1.0
209 1.0
211 1.0
219 1.0
221 1.3010299956639813
230 1.3010299956639813
231 1.4771212547196624
234 1.3010299956639813
236 1.6020599913279625
237 1.4771212547196624
242 1.0
243 1.4771212547196624
245 1.3010299956639813
255 1.0
259 1.0
262 1.0
263 1.4771212547196624
266 1.0
270 1.4771212547196624
276 1.6020599913279625
278 1.3010299956639813
287 1.0
288 1.0
290 1.0
292 1.0
297 1.0
301 1.6020599913279625
303 1.0
308 1.0
311 1.0
313 1.845098040014257
314 1.0
319 1.0
322 1.6989700043360187
323 2.6020599913279625
325 1.0
337 1.6020599913279625
341 1.7781512503836436
349 1.3010299956639813
353 1.0
362 2.3222192947339195
364 1.3010299956639813
367 1.4771212547196624
370 1.4771212547196624
373 1.4771212547196624
375 1.3010299956639813
378 1.3010299956639813
379 1.6020599913279625
384 1.3010299956639813
388 1.6989700043360187
395 1.0
400 1.0
409 1.0
415 1.0
418 1.0
422 1.3010299956639813
423 1.0
427 1.0
429 1.6989700043360187
430 1.0
432 1.0
442 1.0
443 1.4771212547196624
444 1.0
445 1.0
448 1.3010299956639813
452 1.3010299956639813
459 1.4771212547196624
463 1.0
467 1.0
468 1.0
473 1.6989700043360187
479 1.3010299956639813
482 1.3010299956639813
484 1.0
486 1.0
488 1.6989700043360187
491 1.0
492 1.3010299956639813
493 1.0
495 1.0
497 1.0
499 1.6020599913279625
501 1.0
503 1.0
504 1.0
506 1.0
509 1.0
518 1.3010299956639813
520 1.0
525 1.0
526 1.0
533 1.0
534 1.845098040014257
537 1.3010299956639813
541 1.0
554 1.0
556 1.0
559 1.0
560 1.4771212547196624
566 1.3010299956639813
568 1.6020599913279625
569 1.6020599913279625
578 1.0
582 1.6020599913279625
583 1.6020599913279625
588 1.4771212547196624
596 1.3010299956639813
597 1.0
598 1.0
602 1.0
603 1.0
604 1.0
605 1.0
606 1.0
608 1.0
609 1.4771212547196624
610 1.0
611 1.0
622 1.4771212547196624
624 1.0
626 1.0
630 1.6020599913279625
633 1.0
635 1.0
636 1.0
637 1.6989700043360187
640 1.3010299956639813
641 1.3010299956639813
643 1.0
650 1.3010299956639813
656 1.0
657 1.6989700043360187
658 1.0
666 1.0
669 1.4771212547196624
673 1.0
677 1.0
679 1.0
680 1.3010299956639813
684 1.3010299956639813
687 1.3010299956639813
690 1.3010299956639813
694 1.3010299956639813
695 1.0
698 1.0
699 1.0
700 1.0
704 1.3010299956639813
706 1.9030899869919435
707 1.0
709 1.6020599913279625
710 1.0
711 1.4771212547196624
712 1.3010299956639813
716 1.0
717 1.0
718 1.0
719 1.0
720 1.6020599913279625
721 1.845098040014257
723 1.0
724 1.3010299956639813
725 1.0
731 1.4771212547196624
736 1.0
739 1.0
742 1.845098040014257
743 1.0
749 1.0
751 1.4771212547196624
752 1.3010299956639813
755 1.4771212547196624
756 1.0
761 1.0
763 1.3010299956639813
764 1.0
765 1.0
769 1.0
770 1.6020599913279625
773 1.0
776 1.0
779 1.0
781 1.6020599913279625
782 1.0
787 1.3010299956639813
790 1.0
794 2.0
802 1.0
803 1.0
814 1.4771212547196624
815 1.0
819 1.6989700043360187
820 1.0
821 1.0
823 1.0
841 1.0
842 1.0
845 1.0
851 1.0
853 1.0
856 1.0
859 1.0
862 1.0
864 1.0
868 1.0
869 1.0
885 1.3010299956639813
889 1.0
890 1.0
893 1.0
898 1.0
901 1.3010299956639813
903 2.113943352306837
905 1.0
907 1.4771212547196624
908 1.0
912 1.0
918 1.0
938 1.0
943 1.0
944 1.0
979 1.0
986 1.0
989 1.0
996 1.3010299956639813
1002 1.0
1004 1.3010299956639813
1005 1.845098040014257
1011 1.0
1012 1.0
1019 1.0
1020 1.3010299956639813
1022 1.0
1030 1.0
1037 1.4771212547196624
1049 1.0
1054 1.4771212547196624
1057 1.0
1058 1.0
1060 1.0
1061 1.0
1062 1.6020599913279625
1064 1.0
1066 1.4771212547196624
1072 1.0
1074 1.4771212547196624
1075 1.4771212547196624
1079 1.0
1083 1.0
1089 1.3010299956639813
1095 1.6989700043360187
1096 1.9030899869919435
1099 1.0
1111 1.3010299956639813
1112 1.3010299956639813
1113 1.0
1114 1.6020599913279625
1117 1.0
1118 1.0
1119 1.0
1123 1.4771212547196624
1125 1.0
1127 1.3010299956639813
1128 1.3010299956639813
1129 1.6989700043360187
1130 1.6989700043360187
1135 1.0
1136 1.0
1137 1.4771212547196624
1138 1.4771212547196624
1139 1.3010299956639813
1140 1.3010299956639813
1147 1.6020599913279625
1148 1.6020599913279625
1149 1.7781512503836436
1150 1.7781512503836436
1151 1.3010299956639813
1154 1.0
1156 1.9030899869919435
1157 1.0
1160 1.3010299956639813
1165 1.3010299956639813
1173 1.0
1182 1.3010299956639813
1189 1.6020599913279625
1193 2.3222192947339195
1202 1.0
1213 1.0
1215 1.0
1216 1.3010299956639813
1221 1.4771212547196624
1225 1.0
1226 1.0
1227 1.0
1228 1.0
1234 1.6020599913279625
1235 1.0
1237 1.3010299956639813
1238 1.0
1241 1.3010299956639813
1242 1.3010299956639813
1244 1.6020599913279625
1246 1.3010299956639813
1248 1.0
1250 1.0
1251 1.0
1254 1.0
1258 1.0
1260 1.3010299956639813
1265 1.0
1271 1.0
1274 1.3010299956639813
1275 1.0
1277 1.6989700043360187
1281 1.4771212547196624
1285 1.0
1294 1.3010299956639813
1301 1.0
1302 1.0
1303 1.0
1305 1.0
1314 1.0
1315 1.0
1317 1.0
1321 1.0
1324 1.0
