33 1.0
71 1.0
119 1.0
223 1.0
230 1.0
233 1.0
234 1.0
356 1.0
373 1.0
374 1.0
375 1.0
424 1.0
430 1.3010299956639813
434 1.0
442 1.0
444 1.4771212547196624
452 1.0
455 1.0
467 1.0
469 1.0
477 1.0
480 1.0
494 1.0
504 1.3010299956639813
506 1.0
523 1.0
525 1.0
532 1.0
547 1.3010299956639813
558 1.0
560 1.0
566 1.4771212547196624
571 1.0
596 1.0
611 1.0
613 1.0
629 1.0
676 1.3010299956639813
680 1.3010299956639813
690 1.0
707 1.0
712 1.3010299956639813
725 1.0
731 1.0
768 1.0
773 1.0
812 1.0
837 1.0
868 1.3010299956639813
869 1.3010299956639813
903 1.3010299956639813
914 1.0
939 1.0
941 1.0
1020 1.0
1034 1.0
1036 1.3010299956639813
1037 1.4771212547196624
1044 1.0
1062 1.0
1071 1.0
1085 1.0
1093 1.0
1104 1.0
1121 1.0
1129 1.0
1130 1.0
1161 1.0
1167 1.0
1171 1.845098040014257
1180 1.0
1190 1.6020599913279625
1196 1.0
1197 1.0
1233 1.6989700043360187
1244 1.845098040014257
1251 1.3010299956639813
1254 1.0
1261 1.6989700043360187
1275 1.6020599913279625
1278 1.0
1285 1.6989700043360187
1289 1.3010299956639813
1294 1.6020599913279625
1296 1.0
1307 1.0
1309 1.4771212547196624
1316 1.0
1318 1.0
1322 1.0
1323 1.0
