0 1.0
5 1.0
7 1.0
11 1.0
15 1.3010299956639813
26 1.3010299956639813
32 1.0
45 1.0
56 1.0
58 1.0
62 1.0
65 1.3010299956639813
75 1.3010299956639813
83 1.0
93 1.0
101 1.6020599913279625
104 1.0
135 1.3010299956639813
168 1.0
193 1.4771212547196624
236 1.0
237 1.0
274 1.0
275 1.4771212547196624
302 1.4771212547196624
314 1.3010299956639813
319 1.0
367 1.0
388 1.0
408 1.0
497 1.0
499 1.0
534 1.3010299956639813
540 1.0
550 1.3010299956639813
567 1.0
578 1.0
588 1.4771212547196624
610 1.0
622 1.0
627 1.0
644 1.0
674 1.0
675 1.0
676 1.0
677 1.0
684 1.0
689 1.0
690 1.0
717 1.3010299956639813
743 1.0
751 1.0
761 1.3010299956639813
770 1.0
772 1.0
779 1.3010299956639813
781 1.0
787 1.0
794 2.255272505103306
807 1.0
824 1.0
825 1.0
839 1.0
840 1.0
841 1.0
845 1.7781512503836436
851 1.0
870 1.0
889 1.0
890 1.0
893 1.0
895 1.0
901 1.0
903 1.6020599913279625
924 1.0
963 1.0
979 1.0
1006 1.6020599913279625
1008 1.0
1019 1.0
1020 1.3010299956639813
1042 1.0
1062 1.0
1072 1.0
1088 1.0
1095 1.0
1096 1.3010299956639813
1117 1.0
1118 1.0
1121 1.0
1129 1.0
1130 1.0
1162 1.0
1172 1.0
1234 1.0
1235 1.0
1239 1.0
