36 1.0
75 1.3010299956639813
86 1.0
129 1.0
183 1.0
206 1.0
211 1.0
241 1.0
285 1.0
287 1.0
288 1.0
291 1.0
313 1.0
329 1.0
332 1.0
350 1.3010299956639813
368 1.0
408 1.0
411 1.0
414 1.0
417 1.0
423 1.0
429 1.0
457 1.0
468 1.3010299956639813
499 1.0
567 1.3010299956639813
593 1.0
628 1.0
630 1.0
643 1.0
657 1.0
669 1.0
676 1.0
679 1.0
715 1.0
720 1.0
808 1.0
810 1.0
859 1.0
872 1.4771212547196624
897 1.3010299956639813
903 1.0
915 1.0
928 1.0
969 1.0
981 1.4771212547196624
991 1.0
994 1.0
1072 1.3010299956639813
1153 1.0
1159 1.0
1191 1.0
1199 1.0
1239 1.0
1285 1.0
