2 1.0
3 1.0
17 1.0
41 1.3010299956639813
53 1.3010299956639813
56 1.0
69 1.0
75 1.0
77 1.0
103 1.0
104 1.0
107 1.3010299956639813
148 1.3010299956639813
170 1.0
189 1.0
200 1.0
201 1.0
210 1.0
211 1.0
234 1.0
236 1.0
241 1.0
258 1.3010299956639813
263 1.6989700043360187
264 1.0
265 1.0
276 1.0
289 1.0
290 1.0
310 1.0
311 1.0
314 1.0
327 1.0
360 1.0
361 1.0
364 1.0
380 1.0
382 1.3010299956639813
383 1.3010299956639813
387 1.0
396 1.0
397 1.0
400 1.3010299956639813
407 1.0
422 1.0
428 1.0
434 1.0
442 1.6020599913279625
457 1.0
474 1.0
495 1.0
500 1.0
506 1.3010299956639813
514 1.0
524 1.0
528 1.0
529 1.0
534 1.0
548 1.3010299956639813
559 1.0
573 1.0
574 1.0
575 1.0
584 1.0
585 1.0
586 1.0
643 1.0
650 1.0
694 1.0
698 1.3010299956639813
715 1.0
721 1.0
738 1.0
749 1.0
754 1.0
761 1.0
769 1.0
788 1.0
862 1.0
871 1.0
897 1.0
901 1.0
918 1.0
922 1.0
975 1.3010299956639813
1001 1.0
1005 1.0
1011 1.0
1012 1.0
1015 1.3010299956639813
1016 1.3010299956639813
1028 1.0
1044 1.0
1045 1.0
1057 1.4771212547196624
1058 1.4771212547196624
1060 1.3010299956639813
1072 1.0
1083 1.0
1091 1.3010299956639813
1111 1.0
1112 1.0
1114 1.3010299956639813
1127 1.0
1128 1.0
1129 1.9542425094393248
1130 1.9542425094393248
1135 1.4771212547196624
1136 1.4771212547196624
1137 1.3010299956639813
1138 1.3010299956639813
1139 1.0
1140 1.0
1141 1.0
1142 1.0
1143 1.4771212547196624
1144 1.4771212547196624
1147 1.4771212547196624
1148 1.4771212547196624
1149 1.0
1150 1.0
1152 1.0
1173 1.0
1209 1.0
1213 1.0
1228 1.0
1251 1.0
1266 1.0
1283 1.0
1289 1.0
1301 1.0
1317 1.0
