47 1.0
48 1.0
65 1.0
84 1.0
96 1.0
132 1.0
200 1.4771212547196624
201 1.4771212547196624
219 1.0
222 1.0
230 1.0
241 1.0
248 1.0
268 1.0
307 1.3010299956639813
313 1.0
317 1.0
323 1.0
329 1.3010299956639813
336 1.0
337 1.0
342 1.0
353 1.0
355 1.0
362 1.3010299956639813
364 1.4771212547196624
393 1.0
409 1.0
417 1.0
446 1.0
452 1.0
453 1.0
531 1.0
540 1.0
570 1.0
591 1.3010299956639813
605 1.0
606 1.0
615 1.0
625 1.0
630 1.3010299956639813
651 1.0
669 1.0
677 1.0
686 1.0
692 1.3010299956639813
693 1.0
697 1.0
713 1.0
723 1.0
740 1.0
765 1.0
772 1.3010299956639813
813 1.0
824 1.0
825 1.0
845 1.0
852 1.3010299956639813
867 1.0
870 1.0
888 1.4771212547196624
895 1.3010299956639813
897 1.0
910 1.0
915 1.0
916 1.0
943 1.0
944 1.0
945 1.0
960 1.0
979 1.0
996 1.4771212547196624
1000 1.0
1002 1.4771212547196624
1021 1.0
1065 1.0
1072 1.0
1078 1.0
1109 1.0
1160 1.0
1187 1.0
1300 1.0
1317 1.0
1320 1.0
1324 1.0
