0 1.845098040014257
7 1.9030899869919435
8 1.4771212547196624
9 1.0
11 1.9542425094393248
13 1.7781512503836436
16 1.0
17 1.4771212547196624
21 1.4771212547196624
24 2.079181246047625
26 1.3010299956639813
33 1.4771212547196624
42 1.0
45 1.7781512503836436
46 1.6989700043360187
47 1.6989700043360187
56 1.7781512503836436
57 1.6020599913279625
61 1.0
63 1.9030899869919435
69 1.7781512503836436
70 1.4771212547196624
73 1.4771212547196624
119 1.4771212547196624
125 1.0
129 1.6989700043360187
131 1.0
137 1.0
149 1.0
151 1.4771212547196624
154 1.4771212547196624
172 1.0
176 1.3010299956639813
179 1.0
180 1.3010299956639813
183 1.4771212547196624
187 1.0
194 1.0
209 1.0
211 1.0
220 1.3010299956639813
224 1.0
225 1.0
228 1.3010299956639813
233 1.0
236 1.0
238 1.3010299956639813
241 1.0
243 1.0
255 1.0
264 1.4771212547196624
265 1.0
268 1.0
273 1.0
274 1.0
275 1.3010299956639813
289 1.0
304 1.3010299956639813
306 1.9030899869919435
311 1.7781512503836436
316 1.6989700043360187
325 1.3010299956639813
326 1.0
327 1.0
329 1.6020599913279625
335 1.0
338 1.3010299956639813
343 1.6989700043360187
346 1.0
349 1.4771212547196624
353 1.0
358 1.0
363 1.6020599913279625
372 1.9030899869919435
377 1.0
379 2.079181246047625
410 1.6020599913279625
415 1.6020599913279625
444 1.4771212547196624
451 1.0
459 1.0
504 1.0
512 1.4771212547196624
539 1.0
540 1.0
555 1.0
588 1.6020599913279625
593 1.0
599 1.0
619 1.4771212547196624
622 1.0
677 1.6020599913279625
680 1.9542425094393248
682 1.0
687 1.4771212547196624
689 1.0
694 1.3010299956639813
698 1.0
715 1.0
716 1.0
723 1.7781512503836436
727 1.0
743 1.0
748 1.3010299956639813
749 1.0
756 1.0
758 1.3010299956639813
765 1.0
769 1.0
770 1.0
774 1.0
780 1.0
783 1.0
784 1.3010299956639813
788 1.0
789 1.0
797 1.4771212547196624
805 1.0
812 1.9542425094393248
817 1.0
818 1.0
838 1.0
845 1.4771212547196624
849 1.3010299956639813
850 1.0
852 1.0
864 1.0
870 1.3010299956639813
874 1.6020599913279625
877 1.0
881 1.0
893 1.4771212547196624
895 1.0
897 1.0
903 1.0
906 1.0
910 1.0
912 1.0
924 1.3010299956639813
925 1.3010299956639813
926 1.3010299956639813
929 1.0
964 1.9030899869919435
967 1.3010299956639813
990 1.0
995 1.0
1025 1.7781512503836436
1039 1.0
1048 1.0
1064 1.0
1065 1.3010299956639813
1083 1.4771212547196624
1085 1.0
1091 1.6020599913279625
1096 1.0
1115 1.3010299956639813
1116 1.3010299956639813
1117 1.0
1118 1.0
1141 1.0
1142 1.0
1156 1.3010299956639813
1162 1.9542425094393248
1163 1.0
1167 1.4771212547196624
1170 1.3010299956639813
1172 1.0
1177 1.0
1178 1.7781512503836436
1180 1.3010299956639813
1182 1.3010299956639813
1190 1.0
1196 1.3010299956639813
1198 1.6020599913279625
1222 1.0
1226 1.0
1237 1.0
1249 1.0
1274 1.0
1275 1.0
1278 1.0
1292 1.0
1294 1.0
1297 1.0
1304 1.3010299956639813
1318 1.0
1324 1.0
