163 1.0
176 1.845098040014257
185 1.0
186 1.0
187 1.3010299956639813
207 1.0
241 1.3010299956639813
247 1.0
295 1.0
398 1.0
443 1.6020599913279625
496 1.4771212547196624
505 1.3010299956639813
535 1.4771212547196624
543 1.0
544 1.0
566 1.4771212547196624
570 1.3010299956639813
576 1.0
595 1.3010299956639813
597 1.3010299956639813
598 1.3010299956639813
605 1.3010299956639813
606 1.3010299956639813
651 1.4771212547196624
691 1.3010299956639813
694 1.0
708 1.3010299956639813
711 1.0
713 1.6989700043360187
721 1.0
731 1.0
751 1.0
770 1.0
867 1.0
949 1.0
986 1.4771212547196624
1036 1.0
1092 1.0
1105 1.0
1106 1.0
1147 1.0
1148 1.0
1217 1.0
1234 1.4771212547196624
1274 1.6989700043360187
