3 1.3010299956639813
5 1.0
13 1.3010299956639813
20 1.3010299956639813
27 1.0
34 1.6989700043360187
37 1.0
41 1.0
47 1.0
65 1.0
84 1.6020599913279625
110 1.0
115 1.0
118 1.0
120 1.4771212547196624
136 1.4771212547196624
141 1.3010299956639813
147 1.0
158 1.0
159 1.3010299956639813
172 1.0
183 1.0
189 1.0
196 1.0
202 1.0
209 1.3010299956639813
213 1.7781512503836436
215 1.0
219 1.0
220 1.3010299956639813
221 1.3010299956639813
222 1.0
223 1.3010299956639813
224 1.4771212547196624
229 1.0
235 1.6020599913279625
238 1.0
244 1.0
248 1.0
249 1.6020599913279625
251 1.0
260 1.0
297 1.0
308 1.0
318 1.0
353 1.4771212547196624
390 1.0
393 1.3010299956639813
394 1.0
403 1.6020599913279625
408 1.0
409 1.4771212547196624
412 1.3010299956639813
414 1.3010299956639813
415 1.0
425 1.4771212547196624
427 1.0
428 1.4771212547196624
436 1.3010299956639813
437 1.0
440 1.3010299956639813
444 1.0
447 1.0
449 1.0
451 1.3010299956639813
455 1.3010299956639813
457 1.0
462 1.0
463 1.6989700043360187
469 1.0
476 1.0
482 1.4771212547196624
486 1.6020599913279625
487 1.0
490 1.0
491 1.0
493 1.0
495 1.0
509 1.0
515 1.3010299956639813
524 1.4771212547196624
527 1.3010299956639813
528 1.0
533 1.0
536 1.0
542 1.3010299956639813
543 1.0
544 1.0
547 1.0
548 1.4771212547196624
551 1.0
552 1.3010299956639813
572 1.0
599 1.4771212547196624
601 1.4771212547196624
674 1.0
675 1.0
679 1.4771212547196624
681 1.3010299956639813
682 1.0
686 1.0
689 1.0
690 1.0
693 1.0
713 1.0
714 1.0
715 1.0
716 1.0
719 1.3010299956639813
734 1.4771212547196624
765 1.0
779 1.0
782 1.0
784 1.0
785 1.0
786 1.0
790 1.3010299956639813
802 1.0
803 1.0
824 1.0
825 1.0
885 1.3010299956639813
896 1.0
941 1.3010299956639813
964 1.3010299956639813
1045 1.0
1065 1.0
1068 1.3010299956639813
1085 1.0
1160 1.0
1190 1.0
1250 1.4771212547196624
1259 1.3010299956639813
1267 1.0
1269 1.4771212547196624
1272 1.6020599913279625
1281 1.0
1285 1.3010299956639813
1286 1.7781512503836436
1290 1.4771212547196624
1293 1.0
1298 1.3010299956639813
1306 1.3010299956639813
1307 1.4771212547196624
1310 1.3010299956639813
1313 1.6020599913279625
1315 1.0
1317 1.3010299956639813
1322 1.0
1324 1.0
