15 1.0
34 1.0
43 1.0
50 1.0
75 1.0
118 1.3010299956639813
144 1.0
158 1.0
209 1.0
211 1.3010299956639813
220 1.0
229 1.0
246 1.0
280 1.3010299956639813
333 1.0
383 1.0
386 1.0
403 1.0
409 1.0
432 1.0
433 1.0
436 1.0
462 1.0
463 1.0
464 1.4771212547196624
468 1.0
474 1.0
480 1.0
488 1.3010299956639813
498 1.0
537 1.0
538 1.4771212547196624
572 1.0
589 1.0
662 1.0
664 1.6020599913279625
680 1.4771212547196624
681 1.0
692 1.0
704 1.0
720 1.0
725 1.0
740 1.0
742 1.0
751 1.3010299956639813
769 1.0
774 1.0
790 1.0
794 1.6989700043360187
797 1.0
815 1.0
824 1.3010299956639813
825 1.3010299956639813
851 1.0
903 1.0
914 1.3010299956639813
1011 1.0
1012 1.0
1015 1.0
1016 1.0
1057 1.0
1058 1.0
1062 1.0
1091 1.0
1104 1.0
1109 1.3010299956639813
1114 1.0
1129 1.0
1130 1.0
1131 1.0
1132 1.0
1137 1.3010299956639813
1138 1.3010299956639813
1190 1.0
1208 1.0
1245 1.0
1274 1.0
1293 1.0
1310 1.0
