9 1.4771212547196624
17 1.4771212547196624
21 1.3010299956639813
25 1.3010299956639813
45 1.4771212547196624
54 1.6989700043360187
69 1.0
80 1.7781512503836436
96 1.0
98 1.4771212547196624
106 1.3010299956639813
111 1.4771212547196624
130 2.462397997898956
139 1.3010299956639813
142 1.4771212547196624
148 1.0
151 1.9030899869919435
154 1.3010299956639813
177 1.0
200 1.0
201 1.0
241 1.0
261 1.0
265 1.0
268 1.0
273 1.0
275 2.0413926851582254
288 1.0
290 1.0
302 1.3010299956639813
304 1.0
306 1.0
317 1.0
325 1.4771212547196624
333 1.6989700043360187
346 1.0
349 1.3010299956639813
352 1.4771212547196624
359 1.0
364 1.4771212547196624
371 1.3010299956639813
376 1.4771212547196624
377 1.6020599913279625
382 1.0
385 1.0
386 1.0
398 1.0
404 1.0
407 1.0
410 1.0
415 1.6020599913279625
429 1.3010299956639813
433 1.0
449 1.0
496 1.0
501 1.0
520 1.0
522 1.0
539 1.0
543 1.0
544 1.0
561 1.0
565 1.0
576 1.0
580 1.0
587 1.4771212547196624
613 1.6020599913279625
614 1.6020599913279625
626 1.0
651 1.3010299956639813
663 1.3010299956639813
682 1.3010299956639813
688 1.3010299956639813
692 1.3010299956639813
701 1.0
704 1.0
740 1.6020599913279625
761 1.0
769 1.3010299956639813
772 1.3010299956639813
780 1.0
784 1.0
787 1.0
797 1.0
807 1.0
848 1.4771212547196624
850 1.7781512503836436
851 1.0
865 1.3010299956639813
866 1.4771212547196624
872 1.4771212547196624
878 1.6020599913279625
881 1.845098040014257
893 1.0
896 1.0
897 1.0
904 1.0
919 1.7781512503836436
923 1.0
924 1.3010299956639813
925 1.0
927 1.3010299956639813
929 1.6020599913279625
948 1.3010299956639813
959 1.0
960 1.0
982 1.0
997 1.0
998 1.3010299956639813
999 1.0
1000 1.0
1002 1.0
1025 1.0
1028 1.0
1029 1.0
1036 1.0
1086 1.0
1093 1.3010299956639813
1096 1.3010299956639813
1156 1.4771212547196624
1157 1.845098040014257
1160 1.0
1188 1.3010299956639813
1198 1.3010299956639813
1232 1.0
1313 1.0
1322 1.0
