63 1.0
86 1.6020599913279625
102 1.3010299956639813
133 1.4771212547196624
143 1.6020599913279625
207 1.3010299956639813
332 1.3010299956639813
434 1.3010299956639813
474 1.0
482 1.0
513 1.3010299956639813
536 1.0
540 1.0
554 1.0
577 1.0
610 1.0
669 1.0
688 1.0
696 1.6989700043360187
700 2.0413926851582254
730 1.7781512503836436
732 1.0
769 1.845098040014257
792 1.0
802 1.0
803 1.0
807 1.3010299956639813
839 1.3010299956639813
840 1.3010299956639813
854 1.6020599913279625
872 1.0
884 1.0
922 1.0
955 1.0
977 1.0
1035 1.0
1072 1.0
1078 1.3010299956639813
1087 1.3010299956639813
1121 1.0
1175 1.3010299956639813
1283 1.0
