51 1.0
61 1.0
77 1.0
94 1.0
100 1.3010299956639813
102 1.0
121 1.0
132 1.0
253 1.0
254 1.0
273 1.845098040014257
297 1.0
307 1.0
330 1.0
361 1.0
365 1.4771212547196624
386 1.3010299956639813
402 1.3010299956639813
417 1.4771212547196624
424 1.4771212547196624
425 1.3010299956639813
444 1.0
450 1.7781512503836436
482 1.0
539 1.4771212547196624
565 1.0
567 1.845098040014257
584 1.4771212547196624
585 1.4771212547196624
587 1.3010299956639813
618 1.0
623 1.0
650 1.0
651 1.0
682 1.0
697 1.0
713 1.6020599913279625
798 1.0
802 2.361727836017593
803 2.361727836017593
817 1.0
818 1.0
824 1.6020599913279625
825 1.6020599913279625
855 1.845098040014257
870 1.0
878 1.0
889 1.6989700043360187
890 1.6989700043360187
903 1.0
920 1.3010299956639813
926 1.0
935 1.3010299956639813
939 1.6989700043360187
943 1.4771212547196624
944 1.4771212547196624
971 1.4771212547196624
976 1.0
985 1.3010299956639813
988 1.0
1028 1.4771212547196624
1029 1.0
1036 1.0
1045 1.0
1056 1.0
1065 1.0
1078 1.0
1322 1.0
