36 1.0
52 2.0
67 1.0
86 2.278753600952829
88 1.6989700043360187
89 1.0
98 2.079181246047625
117 1.0
126 1.6020599913279625
142 1.3010299956639813
146 1.0
151 1.0
192 1.845098040014257
194 1.0
195 2.0
197 1.6020599913279625
252 1.3010299956639813
254 1.0
263 1.0
265 1.4771212547196624
290 1.0
302 1.0
315 2.204119982655925
318 2.278753600952829
334 1.845098040014257
339 2.0413926851582254
341 1.4771212547196624
346 1.0
380 1.4771212547196624
383 1.3010299956639813
411 1.9542425094393248
507 2.0413926851582254
508 1.0
728 1.0
834 1.0
835 1.0
860 1.0
868 1.4771212547196624
869 1.4771212547196624
872 1.3010299956639813
1021 1.4771212547196624
1052 1.3010299956639813
1072 1.3010299956639813
1095 1.3010299956639813
1099 1.3010299956639813
1159 1.0
1193 1.0
