3 1.4771212547196624
7 1.0
11 1.0
12 1.0
14 1.6989700043360187
24 1.3010299956639813
26 1.3010299956639813
29 1.0
32 1.0
37 1.0
39 1.3010299956639813
41 1.6989700043360187
46 1.0
57 1.0
59 1.0
60 1.0
64 1.0
68 1.0
69 1.0
70 1.0
71 1.0
74 1.0
78 1.0
84 1.3010299956639813
90 1.0
93 1.6989700043360187
96 1.0
97 1.4771212547196624
110 1.4771212547196624
132 1.0
140 1.0
144 1.0
149 1.0
157 1.6020599913279625
163 1.0
179 1.0
187 1.0
190 1.6020599913279625
191 1.0
193 2.3979400086720375
195 1.0
198 1.6989700043360187
200 1.0
201 1.0
202 1.3010299956639813
209 1.4771212547196624
211 1.3010299956639813
212 1.0
216 1.0
217 1.845098040014257
218 1.0
222 1.3010299956639813
230 1.0
236 1.0
245 1.6020599913279625
274 1.0
276 1.0
278 1.0
280 1.4771212547196624
283 1.0
289 1.4771212547196624
294 1.0
300 1.0
302 1.4771212547196624
319 1.3010299956639813
337 1.4771212547196624
364 1.7781512503836436
370 1.0
387 1.0
388 1.7781512503836436
391 1.0
394 1.0
399 1.0
400 1.3010299956639813
403 1.0
406 1.0
409 1.6989700043360187
413 1.0
424 1.3010299956639813
427 1.0
428 1.0
429 1.3010299956639813
431 1.0
432 1.0
436 1.4771212547196624
440 1.0
441 1.0
442 1.0
446 1.0
451 1.0
459 1.0
473 1.0
493 1.9542425094393248
498 1.0
505 1.3010299956639813
506 1.9030899869919435
510 1.0
513 1.0
521 1.0
523 1.0
528 1.0
531 1.0
536 1.0
540 1.3010299956639813
542 1.0
548 1.0
554 1.0
555 2.146128035678238
560 1.0
561 1.0
571 1.0
586 1.0
588 1.0
592 1.845098040014257
596 1.0
615 1.0
620 1.0
622 1.0
636 1.0
637 1.845098040014257
645 1.3010299956639813
647 1.0
652 1.0
657 1.3010299956639813
658 1.0
674 1.0
675 1.0
678 1.0
679 1.0
689 1.0
693 1.0
710 1.4771212547196624
711 1.3010299956639813
716 1.3010299956639813
717 1.3010299956639813
722 1.0
735 1.0
739 1.4771212547196624
747 1.0
754 1.0
755 1.3010299956639813
759 1.4771212547196624
782 1.0
795 1.0
813 1.0
814 1.3010299956639813
821 1.0
822 1.845098040014257
829 1.3010299956639813
839 1.0
840 1.0
845 1.0
864 1.6020599913279625
877 1.0
885 1.0
899 1.0
901 1.0
906 1.4771212547196624
915 1.4771212547196624
918 1.6989700043360187
923 1.0
935 1.0
939 1.4771212547196624
948 1.3010299956639813
963 1.0
1006 1.0
1007 1.0
1008 1.0
1010 1.4771212547196624
1011 1.0
1012 1.0
1013 1.0
1017 1.3010299956639813
1020 1.7781512503836436
1028 1.0
1051 1.4771212547196624
1062 1.0
1064 1.6020599913279625
1066 1.0
1072 1.4771212547196624
1073 1.3010299956639813
1083 1.9542425094393248
1089 1.3010299956639813
1091 1.3010299956639813
1104 1.0
1111 1.3010299956639813
1112 1.3010299956639813
1125 1.0
1126 1.0
1129 1.6020599913279625
1130 1.6020599913279625
1140 1.3010299956639813
1149 1.3010299956639813
1150 1.3010299956639813
1152 1.7781512503836436
1172 1.0
1177 1.3010299956639813
1182 1.0
1187 1.0
1190 1.0
1194 1.0
1196 1.4771212547196624
1204 1.3010299956639813
1211 1.0
1213 1.0
1214 1.0
1235 1.0
1237 1.0
1244 1.4771212547196624
1247 1.6020599913279625
1263 1.0
1264 1.9030899869919435
1266 1.0
1271 1.0
1272 1.3010299956639813
1275 1.0
1279 1.0
1283 1.0
1285 1.3010299956639813
1289 1.4771212547196624
1295 1.3010299956639813
1297 1.0
1307 1.0
1311 1.0
1317 1.0
1321 1.0
