14 1.0
21 1.0
38 1.0
46 1.0
56 1.3010299956639813
67 1.0
74 1.4771212547196624
81 1.3010299956639813
82 1.0
88 1.0
89 1.3010299956639813
91 1.0
100 1.3010299956639813
110 1.0
118 1.0
120 1.3010299956639813
123 1.0
124 1.0
127 1.0
131 1.4771212547196624
135 1.0
143 1.3010299956639813
145 1.3010299956639813
148 1.6020599913279625
149 1.3010299956639813
160 1.4771212547196624
161 1.7781512503836436
172 1.0
176 1.0
185 1.0
188 1.0
189 1.0
192 1.0
197 1.3010299956639813
207 1.0
247 1.4771212547196624
254 1.0
261 1.4771212547196624
267 1.0
271 1.0
278 1.0
287 1.0
291 1.0
293 1.0
298 1.3010299956639813
300 1.0
319 1.0
326 1.0
329 1.0
330 1.0
331 1.0
335 1.3010299956639813
349 1.0
353 1.0
364 1.3010299956639813
366 1.0
367 1.4771212547196624
380 1.6020599913279625
382 1.0
384 1.0
388 1.3010299956639813
390 1.0
395 1.6989700043360187
399 1.0
400 1.0
401 1.0
404 1.0
409 1.0
412 1.0
430 1.0
432 1.0
434 1.3010299956639813
463 1.0
465 1.0
468 1.3010299956639813
484 1.0
485 1.0
487 1.0
494 1.0
496 1.3010299956639813
506 1.0
514 1.0
521 1.0
527 1.0
529 1.0
542 1.0
552 1.0
572 1.0
588 1.0
596 1.0
599 1.0
601 1.0
622 1.0
624 1.0
640 1.3010299956639813
664 1.0
686 1.4771212547196624
693 1.0
729 1.0
738 1.6020599913279625
742 1.3010299956639813
772 1.0
779 1.0
787 1.0
788 1.0
795 1.0
798 1.3010299956639813
808 1.0
830 1.6020599913279625
831 1.0
841 1.0
842 1.0
854 1.0
857 1.0
859 1.4771212547196624
862 1.0
873 1.0
874 1.0
889 1.0
890 1.0
892 1.4771212547196624
911 1.0
914 1.4771212547196624
923 1.0
924 1.3010299956639813
935 1.3010299956639813
954 1.0
963 1.4771212547196624
968 1.0
969 1.3010299956639813
972 1.3010299956639813
978 1.0
982 1.4771212547196624
987 1.6020599913279625
993 1.0
996 1.0
999 1.0
1002 1.0
1020 1.0
1048 1.3010299956639813
1052 1.0
1055 1.0
1093 1.0
1095 1.0
1096 1.0
1129 1.0
1130 1.0
1161 1.3010299956639813
1165 1.3010299956639813
1181 1.0
1188 1.0
1193 1.4771212547196624
1198 1.3010299956639813
1233 1.0
1236 1.6020599913279625
1239 1.4771212547196624
1259 1.0
1263 1.0
1268 1.0
1271 1.0
1276 1.3010299956639813
1277 1.4771212547196624
1298 1.0
1321 1.0
