6 1.0
17 1.0
24 1.0
51 1.0
59 1.3010299956639813
60 1.3010299956639813
84 1.0
118 1.0
131 1.0
189 1.0
210 1.3010299956639813
229 1.0
248 1.4771212547196624
260 1.0
297 1.0
310 1.0
312 1.0
325 1.0
375 1.0
400 1.0
425 1.0
461 1.0
462 1.3010299956639813
486 1.0
554 1.0
575 1.0
611 1.0
615 1.0
677 1.0
679 1.3010299956639813
687 1.0
689 1.3010299956639813
692 1.4771212547196624
706 1.0
707 1.0
718 1.0
723 1.0
755 1.3010299956639813
878 1.0
898 1.0
1019 1.4771212547196624
1033 1.0
1049 1.0
1107 1.0
1204 1.0
1228 1.3010299956639813
1245 1.0
1259 1.0
1272 1.0
1298 1.0
