7 1.0
8 1.0
17 1.3010299956639813
21 1.3010299956639813
25 1.0
43 1.3010299956639813
90 1.0
135 1.0
143 1.0
155 1.0
208 1.0
217 1.3010299956639813
220 1.0
234 1.0
245 1.845098040014257
267 1.3010299956639813
277 1.3010299956639813
307 1.0
319 1.0
325 1.3010299956639813
327 1.0
332 1.3010299956639813
334 1.0
336 1.0
349 1.0
386 1.0
389 1.0
392 1.0
393 1.0
403 1.0
408 1.0
416 1.0
497 1.0
513 1.0
524 1.0
624 1.0
644 1.6989700043360187
670 1.0
677 1.3010299956639813
680 1.0
732 1.0
738 1.0
756 1.0
758 1.0
770 1.0
807 1.0
809 1.0
830 1.0
841 1.0
879 1.3010299956639813
887 1.0
889 1.0
890 1.0
901 1.0
912 1.0
919 1.0
921 1.0
989 1.0
990 1.0
993 1.0
1002 1.0
1016 1.0
1049 1.4771212547196624
1097 1.0
1129 1.3010299956639813
1130 1.3010299956639813
1150 1.0
1155 1.0
1160 1.0
1179 1.0
1318 1.0
