0 1.0
2 1.0
3 1.0
5 1.845098040014257
6 1.3010299956639813
7 1.6989700043360187
8 1.4771212547196624
9 1.3010299956639813
10 1.6020599913279625
11 1.0
12 1.0
13 1.0
14 1.0
16 1.3010299956639813
17 2.079181246047625
18 1.9030899869919435
20 1.4771212547196624
21 1.6989700043360187
22 1.9030899869919435
23 1.4771212547196624
24 1.0
29 1.0
33 1.3010299956639813
35 1.4771212547196624
37 1.6020599913279625
39 1.4771212547196624
40 1.0
41 1.6020599913279625
42 1.0
45 1.845098040014257
52 1.0
53 1.3010299956639813
56 1.7781512503836436
58 2.0
59 1.0
60 1.0
61 1.0
62 1.0
63 1.4771212547196624
64 1.3010299956639813
67 1.0
69 1.6989700043360187
70 1.0
72 1.0
73 1.0
75 1.4771212547196624
77 1.0
79 1.4771212547196624
80 1.0
81 1.0
82 1.0
85 1.0
86 1.4771212547196624
92 1.3010299956639813
93 1.4771212547196624
96 1.0
99 1.0
100 1.4771212547196624
101 1.0
104 1.0
106 1.4771212547196624
108 1.6020599913279625
113 1.0
114 1.0
117 1.4771212547196624
123 1.0
124 1.0
129 1.0
130 1.6989700043360187
137 1.0
138 1.6989700043360187
142 1.3010299956639813
144 1.0
146 1.3010299956639813
149 1.0
151 1.6989700043360187
152 1.0
153 1.0
154 1.6989700043360187
156 1.3010299956639813
157 1.0
158 1.3010299956639813
161 1.0
162 1.4771212547196624
167 1.4771212547196624
168 1.4771212547196624
169 1.0
171 1.4771212547196624
174 1.0
176 1.0
179 1.6020599913279625
180 1.4771212547196624
181 1.3010299956639813
186 1.3010299956639813
187 1.3010299956639813
188 1.0
190 1.0
191 1.6989700043360187
192 1.6020599913279625
193 2.0
197 2.0
198 1.0
204 1.6989700043360187
206 1.0
216 1.3010299956639813
218 1.0
220 1.0
224 1.0
230 1.0
231 1.0
237 1.3010299956639813
241 1.0
242 1.0
245 1.6989700043360187
247 1.0
254 1.3010299956639813
258 1.0
259 1.0
263 1.3010299956639813
265 1.4771212547196624
267 1.0
268 1.845098040014257
270 1.3010299956639813
273 1.0
274 1.3010299956639813
276 1.0
280 1.3010299956639813
287 1.0
288 1.6020599913279625
290 1.3010299956639813
292 1.3010299956639813
297 1.3010299956639813
298 1.6020599913279625
299 1.0
300 1.3010299956639813
304 1.3010299956639813
305 1.0
306 1.0
307 1.0
309 1.0
311 1.6020599913279625
312 1.0
313 1.3010299956639813
314 1.3010299956639813
315 1.3010299956639813
318 1.0
319 1.3010299956639813
321 1.0
322 1.0
325 1.6989700043360187
327 1.0
332 1.3010299956639813
333 1.0
334 1.3010299956639813
337 2.113943352306837
338 1.3010299956639813
339 1.3010299956639813
340 1.4771212547196624
341 1.7781512503836436
342 1.0
344 1.4771212547196624
345 1.4771212547196624
346 1.3010299956639813
347 1.0
355 1.0
357 1.4771212547196624
363 1.6989700043360187
364 1.3010299956639813
367 1.845098040014257
372 1.0
373 1.6020599913279625
375 1.0
376 1.0
378 1.0
379 1.7781512503836436
382 1.0
383 1.0
384 1.3010299956639813
386 1.0
388 1.6020599913279625
391 1.4771212547196624
394 1.0
396 1.4771212547196624
397 1.0
399 1.0
400 2.255272505103306
406 1.3010299956639813
407 1.0
409 1.0
410 1.0
412 1.0
415 1.6020599913279625
418 1.0
423 1.3010299956639813
429 1.0
431 1.0
432 1.0
434 1.0
437 1.0
442 1.0
448 1.845098040014257
450 1.0
452 1.0
453 1.0
455 1.0
456 1.3010299956639813
459 1.0
465 1.0
467 1.0
468 1.3010299956639813
469 1.0
471 1.0
479 1.0
485 1.0
489 1.3010299956639813
491 1.0
494 1.0
495 1.0
496 1.3010299956639813
497 1.3010299956639813
500 1.4771212547196624
501 1.4771212547196624
503 1.6989700043360187
505 1.0
507 1.0
508 1.6020599913279625
511 1.3010299956639813
512 1.0
514 1.0
517 1.6020599913279625
518 1.3010299956639813
525 1.0
528 1.0
529 1.3010299956639813
534 1.3010299956639813
537 1.0
539 1.0
541 1.3010299956639813
546 1.0
554 1.3010299956639813
555 2.0413926851582254
560 1.0
565 1.0
566 1.3010299956639813
568 1.3010299956639813
569 1.3010299956639813
576 1.0
578 1.7781512503836436
580 1.6020599913279625
584 1.0
585 1.0
586 1.4771212547196624
588 1.845098040014257
591 1.0
596 1.0
599 1.0
602 1.6020599913279625
603 1.6020599913279625
605 1.3010299956639813
606 1.3010299956639813
608 1.3010299956639813
611 1.0
613 1.4771212547196624
614 2.3979400086720375
615 1.845098040014257
619 1.3010299956639813
630 1.6020599913279625
633 1.0
634 1.0
635 1.4771212547196624
636 1.4771212547196624
637 1.0
638 1.0
639 1.3010299956639813
640 1.6989700043360187
644 1.0
645 1.3010299956639813
646 1.0
647 1.3010299956639813
651 1.0
656 1.3010299956639813
659 1.0
660 1.0
664 1.3010299956639813
666 1.0
669 1.0
670 1.845098040014257
671 1.4771212547196624
676 1.7781512503836436
677 1.0
678 1.3010299956639813
680 1.3010299956639813
681 1.0
682 1.6989700043360187
687 1.0
688 1.3010299956639813
689 1.0
690 1.0
691 1.6020599913279625
696 1.3010299956639813
697 1.0
698 2.113943352306837
699 2.3222192947339195
700 1.3010299956639813
703 1.0
704 1.0
705 1.4771212547196624
706 1.7781512503836436
708 1.0
712 1.3010299956639813
713 1.0
715 1.6020599913279625
717 1.3010299956639813
720 1.0
721 1.3010299956639813
723 1.0
724 1.0
727 1.0
729 1.0
737 1.0
739 1.6989700043360187
740 1.3010299956639813
741 1.0
742 1.0
748 1.3010299956639813
754 1.0
756 1.0
759 1.3010299956639813
763 1.3010299956639813
764 1.0
765 1.4771212547196624
770 1.6020599913279625
771 1.4771212547196624
774 1.3010299956639813
776 1.0
779 1.6020599913279625
780 1.0
781 2.0
783 1.4771212547196624
784 1.0
787 1.0
794 1.0
800 1.0
802 1.3010299956639813
803 1.3010299956639813
809 1.3010299956639813
814 1.0
820 1.3010299956639813
824 1.0
825 1.0
829 1.0
830 1.3010299956639813
839 1.0
840 1.0
842 1.0
843 1.4771212547196624
844 1.3010299956639813
845 1.0
848 1.3010299956639813
849 1.0
850 1.4771212547196624
851 1.0
853 1.0
856 1.0
861 1.3010299956639813
862 1.4771212547196624
864 1.4771212547196624
868 1.0
869 1.0
871 1.0
872 1.6020599913279625
875 1.3010299956639813
880 1.4771212547196624
881 1.4771212547196624
883 1.0
885 1.3010299956639813
889 1.3010299956639813
890 1.3010299956639813
894 1.4771212547196624
896 1.0
897 1.0
901 1.3010299956639813
903 1.0
906 1.4771212547196624
915 1.3010299956639813
917 1.3010299956639813
918 1.0
932 1.0
939 1.0
942 1.9542425094393248
943 1.0
944 1.0
951 1.3010299956639813
955 1.0
963 1.4771212547196624
967 1.0
972 1.3010299956639813
981 1.0
985 1.0
987 1.0
989 1.3010299956639813
994 1.3010299956639813
996 1.0
1000 1.0
1002 1.0
1003 1.0
1005 1.9030899869919435
1006 1.0
1010 1.0
1011 1.3010299956639813
1012 1.3010299956639813
1013 1.6020599913279625
1015 1.3010299956639813
1016 1.7781512503836436
1020 1.0
1026 1.3010299956639813
1027 1.0
1028 1.0
1034 1.0
1037 1.6020599913279625
1038 1.0
1039 1.4771212547196624
1044 1.3010299956639813
1047 1.3010299956639813
1048 1.4771212547196624
1049 1.6020599913279625
1050 1.3010299956639813
1051 1.0
1053 1.3010299956639813
1054 1.7781512503836436
1055 1.6020599913279625
1057 1.0
1058 1.0
1066 1.3010299956639813
1072 1.3010299956639813
1073 1.0
1078 1.4771212547196624
1080 1.3010299956639813
1083 1.0
1084 1.0
1086 1.3010299956639813
1091 1.6989700043360187
1093 1.0
1094 1.7781512503836436
1095 1.0
1096 1.0
1097 1.4771212547196624
1098 1.3010299956639813
1099 1.0
1100 1.4771212547196624
1111 1.3010299956639813
1112 1.3010299956639813
1114 1.4771212547196624
1115 1.9030899869919435
1116 1.9030899869919435
1120 1.3010299956639813
1123 1.3010299956639813
1125 1.0
1127 1.9030899869919435
1128 1.9030899869919435
1129 2.4771212547196626
1130 2.4771212547196626
1133 1.0
1134 1.0
1137 1.0
1138 1.0
1139 2.0
1140 2.255272505103306
1141 1.0
1142 1.0
1143 1.845098040014257
1144 1.845098040014257
1145 1.7781512503836436
1146 1.7781512503836436
1149 1.0
1150 1.6989700043360187
1151 1.0
1154 1.0
1155 1.3010299956639813
1156 1.4771212547196624
1159 1.3010299956639813
1161 1.0
1162 1.845098040014257
1163 1.4771212547196624
1166 1.0
1168 1.0
1170 1.3010299956639813
1171 1.4771212547196624
1173 1.4771212547196624
1174 1.0
1176 1.6020599913279625
1177 1.3010299956639813
1178 1.3010299956639813
1179 1.0
1180 1.6020599913279625
1181 1.0
1183 1.7781512503836436
1184 1.3010299956639813
1190 1.0
1191 1.3010299956639813
1192 1.3010299956639813
1193 1.6989700043360187
1194 1.0
1198 1.6989700043360187
1199 1.0
1204 1.0
1205 1.0
1206 1.0
1208 1.0
1211 1.3010299956639813
1216 1.0
1221 1.3010299956639813
1222 1.3010299956639813
1226 1.0
1228 1.0
1229 1.3010299956639813
1230 1.0
1233 1.0
1235 1.0
1236 1.3010299956639813
1237 1.0
1239 1.6020599913279625
1241 1.0
1242 1.0
1244 1.0
1251 1.0
1256 1.3010299956639813
1258 1.0
1259 1.0
1260 1.0
1268 1.3010299956639813
1270 1.0
1274 1.3010299956639813
1275 1.4771212547196624
1277 1.0
1285 1.4771212547196624
1287 1.0
1288 1.0
1289 1.3010299956639813
1290 1.6020599913279625
1292 1.4771212547196624
1294 1.845098040014257
1296 1.4771212547196624
1297 1.4771212547196624
1299 1.0
1300 1.0
1302 1.845098040014257
1303 1.3010299956639813
1305 1.4771212547196624
1309 1.6020599913279625
1311 1.3010299956639813
1318 2.0413926851582254
1319 1.3010299956639813
1320 1.4771212547196624
1322 1.0
