32 1.3010299956639813
44 1.0
69 1.845098040014257
74 1.3010299956639813
107 1.3010299956639813
111 1.4771212547196624
139 1.0
157 1.3010299956639813
184 1.6020599913279625
185 1.6020599913279625
207 1.0
230 1.4771212547196624
256 1.3010299956639813
258 1.3010299956639813
270 1.4771212547196624
282 1.0
296 1.0
325 1.7781512503836436
350 1.0
359 1.0
361 1.0
396 1.6020599913279625
398 1.0
410 1.4771212547196624
449 1.9030899869919435
523 1.4771212547196624
543 1.3010299956639813
544 1.3010299956639813
565 1.7781512503836436
571 1.0
582 1.0
583 1.0
595 1.0
596 1.3010299956639813
609 1.0
610 1.0
618 1.3010299956639813
630 1.9030899869919435
651 1.845098040014257
669 1.3010299956639813
696 1.4771212547196624
715 1.6989700043360187
778 1.3010299956639813
809 2.0
851 1.6020599913279625
857 1.3010299956639813
870 1.0
884 1.0
893 1.0
917 1.4771212547196624
921 1.6989700043360187
936 1.3010299956639813
959 1.0
965 1.0
971 1.0
977 1.0
985 1.4771212547196624
997 1.0
1035 1.3010299956639813
1060 1.0
1081 1.4771212547196624
1086 1.4771212547196624
1089 1.0
1099 1.3010299956639813
1129 2.4913616938342726
1130 2.4913616938342726
1151 1.4771212547196624
1152 1.3010299956639813
1165 1.0
1227 1.0
1228 1.3010299956639813
1230 1.3010299956639813
1233 1.3010299956639813
1238 1.3010299956639813
1266 1.3010299956639813
1276 1.0
1277 1.4771212547196624
