12 1.0
17 1.0
158 1.0
209 1.0
238 1.0
312 1.0
364 1.0
444 1.0
461 1.0
481 1.0
488 1.0
494 1.0
515 1.0
527 1.0
528 1.0
552 1.0
645 1.0
744 1.0
752 1.0
755 1.0
794 1.6989700043360187
826 1.0
843 1.0
845 1.4771212547196624
851 1.4771212547196624
893 1.3010299956639813
895 1.0
896 1.9542425094393248
933 1.6989700043360187
940 1.3010299956639813
989 1.0
1050 1.0
1078 1.0
1096 1.0
1099 1.3010299956639813
1127 1.3010299956639813
1128 1.3010299956639813
1129 1.3010299956639813
1130 1.3010299956639813
1177 1.0
1204 1.0
1207 1.3010299956639813
1209 1.0
