0 1.0
3 1.0
6 1.0
17 1.3010299956639813
20 1.0
27 1.0
40 1.0
44 1.0
47 1.0
48 1.3010299956639813
49 1.0
50 1.0
51 1.0
61 1.0
69 1.3010299956639813
71 1.0
75 1.0
79 1.0
89 1.4771212547196624
97 1.0
109 1.0
123 1.0
124 1.0
131 1.3010299956639813
136 1.3010299956639813
144 1.6989700043360187
145 1.0
155 1.0
161 1.0
162 1.0
171 1.0
176 1.0
177 1.0
180 1.0
210 1.0
221 1.0
222 1.0
223 1.0
224 1.0
226 1.0
229 1.0
235 1.0
236 1.0
248 1.0
255 1.0
260 1.3010299956639813
263 1.0
268 1.0
272 1.0
273 1.0
276 1.0
286 1.0
287 1.3010299956639813
288 1.0
300 1.3010299956639813
310 1.0
312 1.0
319 1.0
327 1.0
337 1.0
353 1.0
360 1.0
375 1.0
388 1.0
397 1.0
401 1.0
403 1.0
405 1.0
409 1.0
414 1.0
425 1.0
427 1.3010299956639813
436 1.0
440 1.0
446 1.0
447 1.0
451 1.0
458 1.0
461 1.3010299956639813
462 1.0
463 1.0
464 1.3010299956639813
466 1.0
470 1.0
471 1.0
482 1.3010299956639813
486 1.3010299956639813
493 1.3010299956639813
494 1.0
498 1.3010299956639813
502 1.0
518 1.0
526 1.0
527 1.3010299956639813
531 1.0
538 1.3010299956639813
542 1.3010299956639813
546 1.4771212547196624
549 1.0
551 1.4771212547196624
552 1.0
553 1.0
555 1.0
560 1.0
567 1.0
580 1.0
581 1.0
591 1.0
592 1.0
601 1.0
605 1.0
606 1.0
609 1.0
619 1.0
629 1.0
631 1.0
645 1.0
660 1.0
662 1.0
678 1.0
685 1.3010299956639813
693 1.3010299956639813
694 1.0
705 1.0
711 1.0
719 1.0
720 1.0
721 1.0
734 1.3010299956639813
748 1.0
764 1.0
769 1.0
794 1.3010299956639813
795 1.0
810 1.3010299956639813
811 1.3010299956639813
822 1.0
845 1.0
856 1.0
883 1.4771212547196624
885 1.0
892 1.0
901 1.0
902 1.0
903 1.0
926 1.3010299956639813
943 1.0
944 1.0
949 1.0
950 1.0
964 1.0
988 1.0
999 1.0
1005 1.0
1019 1.0
1037 1.3010299956639813
1068 1.0
1097 1.0
1098 1.0
1101 1.0
1104 1.0
1115 1.0
1116 1.0
1127 1.0
1128 1.0
1129 1.6020599913279625
1130 1.6020599913279625
1135 1.0
1136 1.0
1139 1.0
1140 1.0
1141 1.0
1142 1.0
1147 1.0
1148 1.0
1160 1.0
1176 1.0
1180 1.0
1190 1.0
1198 1.0
1208 1.3010299956639813
1209 1.0
1213 1.0
1229 1.0
1231 1.0
1245 1.3010299956639813
1246 1.0
1250 1.0
1254 1.4771212547196624
1259 1.0
1264 1.0
1267 1.0
1269 1.0
1281 1.0
1285 1.0
1293 1.3010299956639813
1303 1.0
1306 1.0
1307 1.0
1311 1.0
1321 1.6989700043360187
1323 1.0
