32 1.6989700043360187
40 1.0
47 1.0
48 1.0
69 1.0
89 1.0
144 1.0
161 1.4771212547196624
174 1.0
203 1.0
211 1.0
234 1.0
245 1.0
247 1.0
256 1.4771212547196624
262 1.0
275 1.0
305 1.0
314 1.0
326 1.0
327 1.4771212547196624
351 1.7781512503836436
370 1.3010299956639813
388 1.0
400 1.0
407 1.4771212547196624
429 1.3010299956639813
430 1.0
468 1.0
484 1.4771212547196624
486 1.0
496 1.0
510 1.0
537 1.3010299956639813
541 1.0
543 1.0
544 1.0
553 1.0
560 1.0
578 1.3010299956639813
643 1.3010299956639813
677 1.0
679 1.0
682 1.0
694 1.0
696 1.0
720 1.0
748 1.4771212547196624
760 1.3010299956639813
761 1.0
765 1.0
770 1.0
796 1.0
814 1.0
826 1.0
839 1.3010299956639813
840 1.3010299956639813
860 1.0
889 1.0
890 1.0
893 1.4771212547196624
902 1.0
904 1.0
931 1.0
940 1.0
967 1.0
979 1.0
1002 1.0
1009 1.0
1047 1.0
1061 1.0
1065 1.0
1073 1.0
1101 1.0
1119 1.0
1143 1.0
1144 1.0
1175 1.0
1182 1.0
1200 1.0
1229 1.0
1237 1.0
1246 1.0
1251 1.3010299956639813
1252 1.3010299956639813
1254 1.0
1257 1.3010299956639813
1271 1.0
1308 1.0
1313 1.0
1318 1.0
