16 1.0
44 1.0
83 1.0
85 1.0
132 1.4771212547196624
157 1.4771212547196624
199 1.0
237 1.0
253 1.0
272 1.4771212547196624
276 1.845098040014257
302 1.0
303 1.0
310 1.0
312 1.3010299956639813
314 1.3010299956639813
329 1.3010299956639813
355 1.3010299956639813
367 1.0
382 1.3010299956639813
388 1.0
396 1.0
398 1.0
431 1.0
442 1.4771212547196624
443 1.3010299956639813
457 1.0
473 1.0
541 1.0
561 1.0
570 1.3010299956639813
608 1.0
624 1.0
629 1.0
650 1.6020599913279625
653 1.0
664 1.3010299956639813
695 1.0
713 1.0
756 1.0
789 1.6020599913279625
811 1.4771212547196624
845 1.0
851 1.0
870 1.0
893 1.0
896 1.0
914 1.0
939 1.0
946 1.0
950 1.6989700043360187
991 1.0
1004 1.9542425094393248
1008 1.0
1032 1.4771212547196624
1041 1.0
1042 1.0
1050 1.0
1059 1.3010299956639813
1068 1.6020599913279625
1072 2.863322860120456
1078 1.0
1083 1.3010299956639813
1086 1.0
1088 1.0
1161 1.6989700043360187
1228 1.0
1306 1.3010299956639813
1322 1.0
1324 1.0
