15 1.0
29 1.0
45 1.0
64 1.0
65 2.079181246047625
193 1.0
208 1.3010299956639813
274 1.0
290 1.0
332 2.0
473 1.0
474 1.0
589 1.0
620 1.0
637 1.0
654 1.3010299956639813
667 1.0
677 1.0
688 1.0
690 1.6020599913279625
700 1.4771212547196624
711 1.0
793 1.0
812 1.0
824 1.0
825 1.0
843 1.3010299956639813
845 1.0
850 1.0
868 1.0
869 1.0
878 1.3010299956639813
904 1.0
915 1.0
925 1.3010299956639813
941 1.3010299956639813
964 1.0
967 1.0
989 1.0
1008 1.0
1170 1.0
1207 1.0
1244 1.0
1290 1.3010299956639813
