3 1.4771212547196624
11 1.0
19 1.0
28 1.0
31 1.4771212547196624
32 1.0
56 1.0
57 1.0
58 1.0
61 1.0
66 1.4771212547196624
69 1.3010299956639813
73 1.0
74 1.4771212547196624
91 1.3010299956639813
99 1.4771212547196624
107 1.4771212547196624
121 1.4771212547196624
123 1.0
124 1.0
130 1.0
135 1.4771212547196624
137 1.0
191 1.0
223 1.0
226 1.0
236 1.3010299956639813
242 1.0
245 1.0
255 1.0
270 1.0
296 1.3010299956639813
300 2.079181246047625
323 1.0
325 1.0
352 1.0
376 1.0
379 1.0
386 1.0
388 1.0
396 1.0
399 1.0
408 1.3010299956639813
443 1.4771212547196624
456 1.0
494 2.380211241711606
524 1.0
528 1.6020599913279625
534 1.3010299956639813
535 1.0
537 1.0
554 1.0
559 1.0
566 1.0
578 1.0
582 1.3010299956639813
583 1.3010299956639813
588 1.0
595 1.3010299956639813
602 1.0
603 1.0
608 1.0
609 1.6989700043360187
622 1.0
624 1.0
637 1.0
644 1.0
648 1.3010299956639813
650 1.0
652 1.0
658 1.0
659 1.3010299956639813
666 1.0
677 1.0
682 1.0
684 1.6020599913279625
694 1.0
707 1.0
721 1.4771212547196624
727 1.0
731 1.0
739 1.9030899869919435
754 1.0
756 1.0
759 1.0
761 1.3010299956639813
764 1.3010299956639813
770 1.7781512503836436
788 1.0
794 1.0
820 1.4771212547196624
851 1.6020599913279625
855 1.0
885 1.7781512503836436
887 1.0
903 1.0
905 1.6020599913279625
907 1.7781512503836436
918 2.146128035678238
926 1.0
941 1.0
994 1.3010299956639813
1003 1.4771212547196624
1005 1.3010299956639813
1006 1.0
1007 1.3010299956639813
1010 1.0
1013 1.6989700043360187
1019 1.0
1020 1.0
1028 1.3010299956639813
1029 1.3010299956639813
1039 1.0
1042 1.0
1054 1.7781512503836436
1068 1.3010299956639813
1070 1.0
1072 1.0
1080 1.3010299956639813
1086 1.3010299956639813
1091 1.3010299956639813
1119 1.4771212547196624
1129 1.0
1130 1.0
1137 1.3010299956639813
1138 1.3010299956639813
1139 1.0
1140 2.0
1147 1.4771212547196624
1148 1.4771212547196624
1149 1.4771212547196624
1150 1.4771212547196624
1156 2.146128035678238
1161 1.0
1165 1.0
1170 1.0
1173 1.4771212547196624
1189 1.0
1196 1.0
1202 1.3010299956639813
1203 1.0
1204 1.0
1207 1.3010299956639813
1216 1.0
1225 1.0
1230 1.3010299956639813
1233 1.3010299956639813
1237 1.3010299956639813
1240 1.4771212547196624
1243 1.3010299956639813
1246 1.0
1247 1.3010299956639813
1263 1.0
1266 1.0
1283 1.3010299956639813
1285 1.6020599913279625
1287 1.4771212547196624
1289 1.0
1290 1.3010299956639813
1292 1.0
1294 1.0
1302 1.0
1304 1.9030899869919435
1305 1.6020599913279625
1311 1.0
1313 1.845098040014257
1318 1.0
1320 1.0
1321 1.4771212547196624
1322 1.0
