30 1.0
53 1.4771212547196624
61 1.0
74 1.0
75 1.0
113 1.3010299956639813
114 1.3010299956639813
152 1.0
157 1.0
241 1.0
247 1.0
256 1.6989700043360187
270 1.0
272 1.3010299956639813
310 1.3010299956639813
332 1.0
398 1.0
429 1.0
430 1.0
444 1.0
457 1.0
488 1.6989700043360187
496 1.0
497 1.0
540 1.0
543 1.6020599913279625
544 1.6020599913279625
559 1.0
566 1.9542425094393248
568 1.0
569 1.0
573 2.079181246047625
574 2.079181246047625
575 1.3010299956639813
576 1.0
584 1.0
585 1.0
593 1.3010299956639813
602 1.0
603 1.0
608 1.845098040014257
611 1.0
650 1.0
651 1.6020599913279625
676 1.0
677 1.3010299956639813
682 1.3010299956639813
684 1.0
715 1.3010299956639813
751 1.0
802 1.3010299956639813
803 1.3010299956639813
819 1.0
845 2.0413926851582254
964 1.0
1001 2.278753600952829
1005 1.0
1018 1.0
1034 1.0
1036 1.0
1037 1.3010299956639813
1041 1.0
1050 1.0
1061 2.146128035678238
1064 1.0
1081 1.9030899869919435
1083 1.0
1091 1.0
1137 1.0
1138 1.0
1139 1.3010299956639813
1140 1.3010299956639813
1165 1.0
1199 1.0
1228 1.3010299956639813
1235 1.0
1261 1.0
1266 1.0
1269 1.0
1298 1.0
1313 1.3010299956639813
1314 1.4771212547196624
