64 1.0
96 1.0
139 1.0
144 1.0
192 1.0
197 1.0
280 1.3010299956639813
298 1.3010299956639813
333 1.6989700043360187
334 1.0
344 1.0
367 1.0
400 1.0
405 1.0
422 1.0
445 1.4771212547196624
540 1.0
592 1.6989700043360187
624 1.0
640 1.0
656 1.0
664 1.0
684 1.3010299956639813
696 1.6020599913279625
739 1.0
760 1.0
795 1.3010299956639813
832 1.845098040014257
833 1.845098040014257
845 1.0
864 1.0
896 1.4771212547196624
898 1.0
949 1.3010299956639813
950 1.6020599913279625
974 1.0
1007 1.0
1021 1.3010299956639813
1083 1.0
1161 1.0
1185 1.0
1213 1.0
1247 1.0
1270 1.0
1318 1.0
