3 1.0
27 1.0
34 1.6020599913279625
37 1.3010299956639813
49 1.0
50 1.0
61 1.0
66 1.0
84 1.4771212547196624
96 1.0
110 1.3010299956639813
113 1.0
114 1.0
118 1.6020599913279625
120 1.0
122 1.0
136 1.6020599913279625
139 1.0
141 1.0
147 1.0
149 1.0
171 1.0
172 1.0
193 1.6989700043360187
196 1.0
200 1.3010299956639813
201 1.3010299956639813
202 1.6020599913279625
205 1.3010299956639813
209 1.3010299956639813
211 1.0
213 1.6020599913279625
214 1.3010299956639813
217 1.0
220 1.4771212547196624
221 1.3010299956639813
222 1.3010299956639813
223 1.4771212547196624
225 1.6989700043360187
226 1.0
229 1.0
233 1.0
235 1.3010299956639813
238 1.0
244 1.0
245 1.0
248 1.0
249 1.3010299956639813
255 1.0
260 1.0
272 1.0
290 1.0
307 1.0
317 1.0
322 1.0
323 1.0
330 1.0
337 1.0
359 1.0
362 1.3010299956639813
364 1.0
376 1.0
384 1.0
385 1.0
390 1.0
403 1.0
405 1.0
408 1.0
425 1.0
428 1.4771212547196624
431 1.0
437 1.0
451 1.0
454 1.0
455 1.0
457 1.0
462 1.0
463 1.6020599913279625
464 1.0
468 1.0
480 1.0
486 1.3010299956639813
487 1.0
493 1.0
494 1.0
498 1.0
499 1.6020599913279625
505 1.3010299956639813
506 1.3010299956639813
509 1.3010299956639813
515 1.4771212547196624
517 1.0
518 1.4771212547196624
523 1.0
524 1.6989700043360187
527 1.4771212547196624
531 1.0
538 1.3010299956639813
546 1.0
548 1.4771212547196624
549 1.3010299956639813
551 1.0
552 1.0
555 1.0
572 1.0
588 1.0
601 1.0
628 1.0
630 1.3010299956639813
631 1.0
649 1.0
657 1.3010299956639813
669 1.0
678 1.3010299956639813
679 1.0
681 1.0
682 1.0
683 1.0
685 1.0
693 1.0
703 1.0
710 1.0
714 1.4771212547196624
715 1.9030899869919435
723 1.3010299956639813
724 1.4771212547196624
732 1.3010299956639813
760 1.0
764 1.0
768 1.0
786 1.0
861 1.0
866 1.0
870 1.0
885 1.0
889 1.0
890 1.0
893 1.0
902 1.0
906 1.3010299956639813
915 1.0
918 1.0
941 1.0
943 1.0
944 1.0
954 1.0
1013 1.0
1021 1.4771212547196624
1043 1.0
1064 1.0
1078 1.0
1079 1.0
1087 1.0
1090 1.0
1093 1.0
1104 1.0
1159 1.0
1160 1.0
1175 1.0
1204 1.0
1211 1.0
1243 1.3010299956639813
1256 1.0
1259 1.0
1264 1.3010299956639813
1265 1.0
1268 1.0
1271 1.0
1286 1.3010299956639813
1289 1.3010299956639813
1292 1.0
1293 1.3010299956639813
1295 1.3010299956639813
1310 1.3010299956639813
1313 1.4771212547196624
1321 1.0
1322 1.3010299956639813
1324 1.0
