6 1.0
34 1.0
37 1.0
70 1.3010299956639813
80 1.0
90 1.0
99 1.0
107 1.0
110 1.0
115 1.0
131 1.0
137 1.0
171 1.0
182 1.0
211 1.0
215 1.0
220 1.0
221 1.3010299956639813
226 1.0
228 1.0
235 1.0
247 1.0
258 1.0
261 1.0
278 1.0
310 1.0
312 1.6989700043360187
319 1.4771212547196624
327 1.0
330 1.0
376 1.0
380 1.0
394 1.4771212547196624
400 1.0
402 1.0
412 1.0
417 1.0
418 1.0
428 1.0
432 1.0
434 1.3010299956639813
436 1.3010299956639813
437 1.0
440 1.3010299956639813
444 1.3010299956639813
450 1.0
457 1.0
461 1.0
462 1.0
469 1.0
470 1.0
473 1.0
480 1.3010299956639813
490 1.4771212547196624
491 1.0
493 1.0
498 1.3010299956639813
506 1.6020599913279625
509 1.0
518 1.0
528 1.0
532 1.0
546 1.0
548 1.0
565 1.6020599913279625
567 1.3010299956639813
576 1.0
584 1.0
585 1.0
589 1.0
611 1.0
613 1.0
626 1.3010299956639813
627 1.0
633 1.0
644 1.3010299956639813
650 1.0
651 1.3010299956639813
658 1.0
662 1.3010299956639813
681 1.0
685 1.0
687 1.0
688 1.0
693 1.3010299956639813
694 1.0
703 1.0
705 1.0
713 1.3010299956639813
717 1.0
718 1.0
733 1.0
741 1.0
747 1.0
754 1.0
770 1.3010299956639813
781 1.0
786 1.0
788 1.3010299956639813
790 1.0
815 1.4771212547196624
827 1.0
837 1.0
845 1.3010299956639813
850 1.0
864 1.0
865 1.0
870 1.0
885 1.0
892 1.3010299956639813
895 1.3010299956639813
896 1.0
897 1.3010299956639813
909 1.0
914 1.0
918 1.6020599913279625
929 1.3010299956639813
940 1.0
1002 1.0
1013 1.3010299956639813
1036 1.6989700043360187
1044 1.0
1049 1.3010299956639813
1050 1.4771212547196624
1055 1.0
1072 1.0
1079 1.0
1083 1.0
1090 1.0
1121 1.3010299956639813
1124 1.0
1129 1.0
1130 1.0
1149 1.0
1150 1.0
1151 1.0
1171 1.0
1183 1.0
1189 1.0
1190 1.0
1221 1.0
1227 1.0
1228 1.0
1234 1.0
1241 1.3010299956639813
1245 1.0
1254 1.0
1257 1.3010299956639813
1265 1.3010299956639813
1266 1.0
1267 1.0
1279 1.0
1280 1.0
1300 1.0
1304 1.0
1305 1.0
1320 1.0
1321 1.0
