6 1.3010299956639813
29 1.0
39 1.0
48 1.0
59 1.0
60 1.0
61 1.0
81 1.0
84 1.3010299956639813
88 1.0
90 1.0
91 1.0
148 1.0
171 1.0
182 1.0
192 1.0
222 1.0
231 1.0
243 1.0
247 1.0
248 1.0
259 1.4771212547196624
260 1.0
261 1.0
265 1.3010299956639813
271 1.0
274 1.3010299956639813
278 1.6020599913279625
309 1.0
313 1.0
314 1.0
316 1.0
319 1.3010299956639813
337 1.0
352 1.0
388 1.0
393 1.3010299956639813
403 1.0
405 1.3010299956639813
409 1.3010299956639813
417 1.3010299956639813
421 1.3010299956639813
426 1.0
429 1.0
434 1.4771212547196624
441 1.0
444 1.3010299956639813
446 1.3010299956639813
452 1.0
454 1.0
460 1.0
468 1.0
476 1.0
479 1.0
484 1.0
493 1.0
498 1.6989700043360187
500 1.0
502 1.3010299956639813
506 1.0
509 1.0
510 1.3010299956639813
522 1.0
535 1.0
536 1.0
539 1.0
542 1.0
545 1.0
546 1.3010299956639813
547 1.0
549 1.0
550 1.0
568 1.0
569 1.0
577 1.0
587 1.0
588 1.0
589 1.0
597 1.0
598 1.0
631 1.0
634 1.0
640 1.0
644 1.0
645 1.3010299956639813
659 1.0
683 1.0
684 1.0
691 1.0
692 1.0
711 1.0
713 1.4771212547196624
714 1.0
720 1.0
724 1.0
735 1.0
739 1.3010299956639813
748 1.0
758 1.0
761 1.4771212547196624
769 1.0
787 1.0
810 1.3010299956639813
845 1.4771212547196624
848 1.0
851 1.0
867 1.0
871 1.0
872 1.3010299956639813
885 1.0
895 1.0
897 1.3010299956639813
903 1.0
906 1.0
914 1.0
929 1.0
940 1.0
954 1.0
964 1.0
979 1.0
989 1.0
996 1.3010299956639813
1001 1.0
1002 1.0
1032 1.0
1048 1.0
1049 1.0
1065 1.0
1072 1.0
1096 1.0
1129 1.3010299956639813
1130 1.3010299956639813
1155 1.0
1170 1.0
1183 1.0
1189 1.0
1217 1.0
1243 1.0
1277 1.0
1284 1.0
1300 1.3010299956639813
1301 1.0
1302 1.3010299956639813
1304 1.6020599913279625
1313 1.7781512503836436
1318 1.0
