2 1.0
10 1.3010299956639813
15 1.0
23 1.0
34 1.4771212547196624
37 1.0
43 1.3010299956639813
47 1.0
48 1.0
56 1.3010299956639813
62 1.0
73 1.0
84 1.0
119 1.0
125 1.7781512503836436
129 1.3010299956639813
130 1.0
132 1.0
136 1.4771212547196624
137 1.0
138 2.3010299956639813
190 1.0
198 2.204119982655925
265 1.0
270 1.0
300 2.361727836017593
301 1.0
358 1.6020599913279625
377 1.6020599913279625
396 1.0
423 1.3010299956639813
436 1.0
439 1.4771212547196624
450 1.7781512503836436
476 1.0
481 1.0
487 1.3010299956639813
490 1.0
498 1.3010299956639813
517 2.361727836017593
613 1.0
676 1.3010299956639813
723 1.3010299956639813
727 2.0
786 1.0
794 1.3010299956639813
844 1.0
845 1.0
898 1.0
901 1.0
925 1.6020599913279625
942 1.0
948 1.0
1051 1.3010299956639813
1094 1.3010299956639813
1096 1.7781512503836436
1157 1.4771212547196624
1168 1.4771212547196624
1187 1.0
1260 1.3010299956639813
1285 1.0
