17 1.0
36 1.0
45 1.0
120 1.0
145 1.0
156 1.0
175 1.0
182 1.0
205 1.0
210 1.0
217 1.0
238 1.0
243 1.0
259 1.3010299956639813
271 1.0
313 1.0
319 1.0
355 1.0
399 1.3010299956639813
402 1.0
420 1.0
463 1.3010299956639813
468 1.0
484 1.0
515 1.0
518 1.0
541 1.0
601 1.0
646 1.0
652 1.0
679 1.0
692 1.0
696 1.4771212547196624
704 1.0
733 1.3010299956639813
754 1.0
788 1.3010299956639813
790 1.0
822 1.0
851 1.3010299956639813
889 1.3010299956639813
890 1.3010299956639813
896 1.0
907 1.0
985 1.0
989 1.6020599913279625
1039 1.0
1040 1.0
1043 1.0
1119 1.3010299956639813
1121 1.0
1160 1.0
1205 1.0
1251 1.0
1264 1.0
1289 1.0
1307 1.0
