16 1.3010299956639813
31 1.0
50 1.0
88 1.6020599913279625
155 1.4771212547196624
209 1.0
234 1.4771212547196624
267 1.9030899869919435
277 1.0
319 1.0
329 1.3010299956639813
336 1.3010299956639813
364 1.3010299956639813
366 1.4771212547196624
381 1.0
388 1.3010299956639813
411 1.4771212547196624
482 1.3010299956639813
513 1.6020599913279625
519 1.0
533 1.0
539 1.0
557 1.0
608 1.0
615 1.3010299956639813
651 1.0
665 1.0
688 2.6127838567197355
690 2.653212513775344
691 1.7781512503836436
692 1.0
696 2.342422680822206
701 2.4471580313422194
730 1.3010299956639813
769 1.4771212547196624
789 1.0
795 1.6020599913279625
802 2.4771212547196626
803 2.4771212547196626
810 1.3010299956639813
824 2.792391689498254
825 2.792391689498254
831 1.0
838 1.0
839 2.6434526764861874
840 2.6434526764861874
866 1.4771212547196624
868 2.6720978579357175
869 2.6720978579357175
889 2.6989700043360187
890 2.6989700043360187
951 1.0
954 1.0
973 1.0
1027 1.0
1059 1.0
1078 1.0
1080 1.0
1172 1.3010299956639813
1186 1.0
1192 1.0
1293 1.0
1306 1.3010299956639813
