12 1.0
13 1.0
34 1.0
54 1.0
79 1.0
82 1.0
84 1.3010299956639813
88 1.3010299956639813
90 1.0
100 1.0
116 1.0
139 1.0
170 1.0
214 1.0
219 1.0
225 1.0
237 1.0
248 1.0
253 1.0
268 1.0
274 1.0
293 1.0
305 1.0
322 1.0
333 1.0
337 1.4771212547196624
367 1.0
376 1.0
401 1.0
402 1.0
403 1.0
411 1.0
412 1.4771212547196624
414 1.0
415 1.0
420 1.0
423 1.0
462 1.3010299956639813
476 1.0
480 1.0
487 1.0
491 1.0
493 1.0
502 1.0
516 1.0
532 1.0
536 1.0
552 1.0
565 1.0
591 1.0
602 1.0
603 1.0
614 1.3010299956639813
620 1.0
635 1.0
638 1.0
642 1.3010299956639813
647 1.0
653 1.0
663 1.0
664 1.0
667 1.0
669 1.0
693 1.0
694 1.0
700 1.0
713 1.0
722 1.0
730 1.0
739 1.0
740 1.0
771 1.4771212547196624
773 1.0
777 1.0
790 1.3010299956639813
792 1.0
802 1.0
803 1.0
809 1.0
813 1.0
868 1.0
869 1.0
871 1.0
893 1.3010299956639813
895 1.0
896 1.0
901 1.3010299956639813
939 1.0
942 1.0
953 1.0
962 1.3010299956639813
969 1.0
979 1.0
981 1.3010299956639813
995 1.0
1013 1.0
1042 1.0
1043 1.3010299956639813
1063 1.0
1083 1.0
1090 1.0
1096 1.0
1120 1.0
1126 1.0
1129 1.0
1130 1.0
1152 1.0
1161 1.0
1174 1.0
1179 1.0
1193 1.0
1209 1.0
1211 1.0
1221 1.0
1270 1.0
1272 1.0
1289 1.0
1302 1.0
1303 1.0
1304 1.3010299956639813
