3 1.4771212547196624
4 1.0
5 1.6020599913279625
7 1.3010299956639813
9 1.0
14 1.0
16 1.0
17 1.3010299956639813
21 1.3010299956639813
22 1.0
23 1.0
32 1.3010299956639813
34 1.3010299956639813
37 1.3010299956639813
39 1.0
40 1.0
41 1.0
43 1.6020599913279625
47 1.3010299956639813
55 1.0
56 1.0
59 1.0
60 1.0
64 1.6020599913279625
65 1.0
68 1.0
69 1.4771212547196624
70 1.3010299956639813
77 1.4771212547196624
80 1.0
81 1.3010299956639813
82 1.3010299956639813
88 1.0
89 1.3010299956639813
94 1.6020599913279625
96 1.0
97 1.0
100 1.0
102 1.0
104 1.0
117 1.0
125 1.4771212547196624
128 1.3010299956639813
137 1.0
143 1.0
146 1.0
148 1.6989700043360187
155 1.0
157 1.0
162 1.0
170 1.6020599913279625
177 1.0
180 1.0
182 1.3010299956639813
189 1.3010299956639813
192 1.0
195 1.4771212547196624
211 1.0
212 1.0
216 1.0
222 1.0
226 1.4771212547196624
228 1.0
231 1.0
251 1.0
262 1.0
265 1.0
277 1.3010299956639813
289 1.6020599913279625
290 1.3010299956639813
294 1.3010299956639813
296 1.0
297 1.0
304 1.0
306 1.3010299956639813
314 1.0
316 1.0
319 1.0
320 1.3010299956639813
322 1.3010299956639813
323 1.4771212547196624
326 1.0
327 1.0
332 1.0
334 1.0
336 1.0
337 1.0
342 1.0
346 1.0
353 1.3010299956639813
360 1.0
361 1.0
364 1.0
369 1.0
371 1.0
375 1.4771212547196624
380 1.0
381 1.0
384 1.6020599913279625
386 1.3010299956639813
388 1.0
397 1.0
412 1.0
420 1.0
422 1.6020599913279625
423 1.7781512503836436
430 1.4771212547196624
438 1.0
439 1.3010299956639813
441 1.0
442 1.0
449 1.4771212547196624
455 1.0
471 1.3010299956639813
472 1.0
473 1.0
475 1.0
480 1.0
486 1.0
491 1.4771212547196624
496 1.0
497 1.0
498 1.0
500 1.0
502 1.0
507 1.0
508 1.0
513 1.9030899869919435
518 1.0
519 1.0
524 1.0
525 1.0
528 1.0
534 1.4771212547196624
535 1.0
547 1.3010299956639813
551 1.0
554 1.3010299956639813
566 1.0
568 1.0
569 1.0
575 1.0
578 1.0
582 1.0
583 1.0
586 1.3010299956639813
588 1.0
592 1.0
601 1.0
602 1.0
603 1.0
608 1.0
610 1.0
613 1.0
615 1.0
645 1.0
652 1.0
669 1.0
670 1.0
671 1.0
677 1.0
682 1.6989700043360187
684 1.0
689 1.0
690 1.0
695 1.0
697 1.0
698 1.6989700043360187
705 1.3010299956639813
710 1.3010299956639813
711 1.0
712 1.3010299956639813
714 1.0
724 1.0
741 1.0
743 1.0
752 1.0
756 1.0
763 1.0
768 1.0
774 1.0
781 1.9542425094393248
788 1.3010299956639813
790 1.3010299956639813
794 1.0
795 1.0
802 1.0
803 1.0
809 1.4771212547196624
811 1.0
832 1.0
833 1.0
841 1.0
843 1.0
858 1.0
861 1.4771212547196624
862 1.0
864 1.0
871 1.3010299956639813
872 1.4771212547196624
874 1.0
875 1.3010299956639813
883 1.0
885 1.0
891 1.0
897 1.7781512503836436
901 1.3010299956639813
903 1.0
932 1.0
935 1.3010299956639813
940 1.0
941 1.0
942 1.0
948 1.0
949 1.0
970 1.0
979 1.0
988 1.0
990 1.0
992 1.3010299956639813
1005 1.3010299956639813
1006 1.0
1008 1.3010299956639813
1016 1.7781512503836436
1019 1.0
1020 1.4771212547196624
1028 1.3010299956639813
1047 1.0
1049 1.0
1050 1.0
1051 1.6020599913279625
1052 1.0
1053 1.0
1054 1.3010299956639813
1081 1.0
1083 1.9030899869919435
1091 1.3010299956639813
1095 1.0
1097 1.0
1101 1.0
1123 1.0
1127 1.3010299956639813
1128 1.3010299956639813
1129 2.462397997898956
1130 2.462397997898956
1135 1.0
1136 1.0
1137 1.0
1138 1.0
1140 1.3010299956639813
1141 1.3010299956639813
1142 1.3010299956639813
1143 2.0413926851582254
1144 2.0413926851582254
1150 1.7781512503836436
1155 1.0
1163 1.3010299956639813
1168 1.0
1176 1.0
1177 1.0
1179 1.3010299956639813
1187 1.3010299956639813
1190 1.0
1198 1.7781512503836436
1205 1.0
1211 1.0
1230 1.0
1234 1.3010299956639813
1236 1.3010299956639813
1237 1.0
1241 1.0
1243 1.3010299956639813
1250 1.0
1266 1.3010299956639813
1268 1.0
1272 1.3010299956639813
1311 1.0
1312 1.0
