17 1.0
37 1.0
49 1.0
84 1.0
203 1.0
209 1.0
246 1.0
248 1.3010299956639813
287 1.0
304 1.3010299956639813
314 1.0
370 1.0
451 1.3010299956639813
484 1.3010299956639813
489 1.0
542 1.3010299956639813
552 1.3010299956639813
590 1.0
689 1.4771212547196624
694 2.414973347970818
707 1.0
709 1.0
721 1.0
764 1.0
768 1.0
779 1.0
790 1.3010299956639813
827 1.0
883 1.0
884 1.0
887 1.0
901 1.0
907 1.3010299956639813
942 1.0
951 1.0
1054 1.0
1193 1.0
1271 1.3010299956639813
1289 1.0
1298 1.6020599913279625
1301 1.0
1309 1.0
