3 2.146128035678238
5 1.3010299956639813
14 1.0
27 1.0
34 2.204119982655925
35 1.3010299956639813
37 1.4771212547196624
45 1.6020599913279625
46 1.0
47 1.0
48 2.0
49 1.3010299956639813
50 1.7781512503836436
59 1.9030899869919435
60 1.9030899869919435
64 1.6020599913279625
71 1.0
75 1.3010299956639813
79 1.6020599913279625
81 1.4771212547196624
84 2.079181246047625
89 1.0
90 2.0413926851582254
91 2.255272505103306
99 1.9542425094393248
115 1.845098040014257
117 1.0
118 2.0413926851582254
120 1.0
123 1.6989700043360187
124 1.6989700043360187
127 1.0
132 1.0
135 1.0
136 1.7781512503836436
137 1.3010299956639813
142 1.3010299956639813
144 1.0
147 1.3010299956639813
148 1.3010299956639813
155 1.6020599913279625
159 1.0
160 1.0
161 1.6020599913279625
162 1.7781512503836436
172 1.3010299956639813
173 1.3010299956639813
177 1.0
181 1.0
182 1.3010299956639813
183 1.6989700043360187
189 1.0
192 1.4771212547196624
193 1.3010299956639813
196 1.0
200 1.0
201 1.0
202 1.0
203 1.0
204 1.0
205 1.7781512503836436
209 2.230448921378274
210 1.6989700043360187
211 2.079181246047625
213 1.0
214 1.0
215 1.0
216 1.3010299956639813
217 2.079181246047625
218 1.845098040014257
219 1.845098040014257
220 2.0
221 1.4771212547196624
222 2.079181246047625
223 1.845098040014257
224 1.4771212547196624
225 1.3010299956639813
226 1.6020599913279625
228 1.845098040014257
229 1.845098040014257
231 1.0
233 1.7781512503836436
235 1.4771212547196624
236 1.0
238 1.6020599913279625
240 1.3010299956639813
241 1.0
242 1.0
243 1.3010299956639813
244 1.3010299956639813
246 1.0
248 1.0
249 1.4771212547196624
252 1.0
255 1.7781512503836436
259 1.0
260 1.4771212547196624
262 1.845098040014257
263 1.0
264 1.3010299956639813
267 1.9542425094393248
268 1.3010299956639813
271 1.3010299956639813
272 1.0
274 1.0
277 1.3010299956639813
278 1.4771212547196624
285 1.0
289 1.0
297 1.3010299956639813
298 1.0
310 1.6020599913279625
311 1.0
314 1.0
317 1.7781512503836436
319 1.6989700043360187
320 1.0
323 1.0
326 1.0
333 1.0
337 1.0
344 1.0
346 1.3010299956639813
353 1.6989700043360187
354 1.6020599913279625
362 1.3010299956639813
363 1.6989700043360187
364 1.7781512503836436
367 1.0
371 1.6020599913279625
376 1.3010299956639813
388 1.7781512503836436
390 1.3010299956639813
391 1.0
393 2.0
394 2.204119982655925
397 1.0
398 1.0
400 1.0
403 2.079181246047625
404 1.6989700043360187
406 1.0
407 1.845098040014257
409 2.255272505103306
412 2.079181246047625
414 1.6989700043360187
417 1.0
423 1.0
425 1.7781512503836436
427 1.7781512503836436
428 1.845098040014257
434 1.0
436 2.0413926851582254
437 1.4771212547196624
440 1.6020599913279625
443 1.3010299956639813
445 1.0
446 2.146128035678238
447 1.4771212547196624
448 1.9542425094393248
451 1.6020599913279625
455 1.4771212547196624
456 1.7781512503836436
457 1.6989700043360187
460 1.0
461 1.3010299956639813
462 1.845098040014257
463 2.361727836017593
464 1.3010299956639813
465 1.3010299956639813
466 1.4771212547196624
469 1.3010299956639813
470 1.0
472 2.204119982655925
474 2.113943352306837
475 1.3010299956639813
476 1.3010299956639813
478 1.845098040014257
480 1.6020599913279625
481 1.0
482 1.6989700043360187
484 1.0
485 1.7781512503836436
486 1.0
487 2.146128035678238
489 1.0
490 1.3010299956639813
491 1.3010299956639813
492 1.4771212547196624
493 2.230448921378274
494 2.146128035678238
495 1.0
498 1.3010299956639813
500 1.0
501 1.0
502 1.0
504 1.0
505 1.0
506 2.462397997898956
508 1.9542425094393248
509 1.0
510 2.0
513 1.6989700043360187
515 1.0
516 1.4771212547196624
519 1.3010299956639813
520 1.3010299956639813
521 1.4771212547196624
523 1.3010299956639813
524 1.9542425094393248
527 1.3010299956639813
528 1.7781512503836436
531 1.6020599913279625
532 2.0
533 1.6020599913279625
535 1.4771212547196624
536 1.0
538 1.845098040014257
542 1.6989700043360187
545 1.0
546 1.4771212547196624
548 1.0
549 1.0
552 1.3010299956639813
553 1.3010299956639813
560 2.0413926851582254
572 2.113943352306837
573 1.0
574 1.0
576 1.4771212547196624
577 1.3010299956639813
581 1.7781512503836436
586 1.6020599913279625
589 1.0
590 1.0
592 1.0
596 1.3010299956639813
599 1.9030899869919435
600 1.4771212547196624
601 1.6989700043360187
602 1.0
603 1.0
608 1.4771212547196624
615 1.845098040014257
616 1.0
630 1.0
631 1.845098040014257
640 1.4771212547196624
643 1.0
647 1.4771212547196624
649 1.0
650 1.6989700043360187
652 1.0
656 1.0
659 1.0
667 1.0
669 1.0
670 1.0
677 1.6989700043360187
679 2.0
681 2.079181246047625
682 1.3010299956639813
683 1.7781512503836436
685 1.9030899869919435
686 1.845098040014257
687 1.0
689 1.6020599913279625
690 2.6720978579357175
691 1.9542425094393248
692 1.7781512503836436
693 2.146128035678238
695 1.0
696 2.380211241711606
697 1.0
710 1.7781512503836436
714 1.845098040014257
716 1.6020599913279625
718 1.6989700043360187
719 1.6020599913279625
720 1.6989700043360187
721 1.0
722 1.4771212547196624
723 1.0
731 2.0413926851582254
744 1.0
749 1.0
767 1.0
768 1.6989700043360187
771 1.3010299956639813
779 1.0
780 1.3010299956639813
782 1.0
784 1.0
785 1.4771212547196624
786 1.6989700043360187
787 1.0
788 1.845098040014257
789 1.3010299956639813
790 1.6020599913279625
794 1.0
797 1.4771212547196624
798 1.0
802 2.4913616938342726
803 2.4913616938342726
804 1.3010299956639813
816 1.0
817 1.0
818 1.0
822 1.4771212547196624
823 1.4771212547196624
824 2.8129133566428557
825 2.8129133566428557
832 1.0
833 1.0
837 1.0
848 1.3010299956639813
849 1.3010299956639813
853 1.0
858 1.3010299956639813
859 1.3010299956639813
867 1.0
868 2.681241237375587
869 2.681241237375587
882 1.3010299956639813
891 1.0
898 1.0
902 1.0
905 1.0
908 1.3010299956639813
911 1.3010299956639813
918 1.0
919 1.0
922 1.0
924 1.0
929 1.0
935 1.3010299956639813
937 1.0
938 1.0
939 1.6989700043360187
940 1.3010299956639813
941 1.0
942 1.0
943 1.3010299956639813
944 1.3010299956639813
947 1.0
948 1.6020599913279625
951 1.3010299956639813
957 1.0
969 1.0
978 1.0
985 1.0
988 1.0
989 1.3010299956639813
990 1.3010299956639813
992 1.0
1002 1.0
1005 1.0
1013 1.0
1020 1.6020599913279625
1024 1.0
1026 1.0
1027 1.3010299956639813
1029 1.0
1036 1.0
1038 1.6020599913279625
1042 1.0
1048 1.0
1062 1.0
1070 1.3010299956639813
1072 1.3010299956639813
1076 1.0
1077 1.0
1085 1.0
1092 1.0
1097 1.0
1099 1.0
1101 1.0
1105 1.0
1106 1.0
1110 1.3010299956639813
1117 1.0
1118 1.0
1129 1.3010299956639813
1130 1.3010299956639813
1131 1.0
1132 1.0
1134 1.0
1139 1.4771212547196624
1140 1.6020599913279625
1145 1.0
1146 1.0
1147 1.3010299956639813
1148 1.3010299956639813
1149 1.0
1150 1.0
1151 1.0
1153 1.0
1161 1.6020599913279625
1167 1.0
1168 1.0
1177 1.0
1179 1.0
1182 1.0
1184 1.0
1185 1.0
1190 1.7781512503836436
1192 1.3010299956639813
1195 1.0
1198 1.0
1205 1.0
1207 1.0
1214 1.0
1223 1.0
1225 1.0
1227 1.0
1228 1.6989700043360187
1231 1.4771212547196624
1236 1.0
1238 1.4771212547196624
1239 1.0
1241 1.4771212547196624
1243 1.6989700043360187
1244 1.0
1245 2.146128035678238
1249 1.3010299956639813
1250 1.3010299956639813
1251 1.4771212547196624
1252 1.3010299956639813
1254 1.845098040014257
1255 1.6020599913279625
1256 1.3010299956639813
1257 1.4771212547196624
1259 2.0413926851582254
1261 1.3010299956639813
1263 1.845098040014257
1264 1.6020599913279625
1265 1.3010299956639813
1266 1.0
1270 2.0413926851582254
1271 1.3010299956639813
1272 2.255272505103306
1273 1.4771212547196624
1277 1.3010299956639813
1279 1.3010299956639813
1281 2.0
1282 1.4771212547196624
1284 1.4771212547196624
1285 2.5185139398778875
1286 1.9030899869919435
1289 1.9030899869919435
1290 1.0
1292 1.3010299956639813
1293 2.113943352306837
1294 2.0
1295 1.4771212547196624
1297 1.0
1298 1.6020599913279625
1300 1.3010299956639813
1302 2.204119982655925
1303 1.4771212547196624
1304 2.0
1305 1.7781512503836436
1307 1.7781512503836436
1308 1.4771212547196624
1309 1.9030899869919435
1310 1.3010299956639813
1311 1.9542425094393248
1312 1.0
1313 1.9542425094393248
1315 1.3010299956639813
1316 1.0
1317 2.0413926851582254
1318 2.113943352306837
1319 1.6020599913279625
1320 1.0
1321 1.6020599913279625
1322 1.6020599913279625
1323 1.6020599913279625
1324 1.4771212547196624
