1 1.0
6 1.3010299956639813
7 1.6020599913279625
10 1.3010299956639813
12 1.0
17 1.4771212547196624
18 1.3010299956639813
19 1.3010299956639813
21 1.6020599913279625
22 1.0
28 1.3010299956639813
29 1.0
31 1.4771212547196624
32 1.0
33 1.0
34 1.0
41 1.0
42 1.0
45 1.3010299956639813
51 1.0
53 1.0
57 1.0
58 1.0
59 1.3010299956639813
60 1.3010299956639813
61 1.0
66 1.4771212547196624
67 1.0
68 1.0
69 1.0
71 1.0
73 1.3010299956639813
77 1.0
79 1.6020599913279625
81 1.0
82 1.0
83 1.0
84 1.0
86 1.6020599913279625
88 1.4771212547196624
89 1.3010299956639813
93 1.0
94 1.0
96 1.0
97 1.4771212547196624
100 1.3010299956639813
102 1.0
103 1.0
108 1.0
110 1.0
112 1.0
113 1.0
114 1.0
117 1.7781512503836436
118 1.0
121 1.4771212547196624
127 1.4771212547196624
128 1.0
129 1.4771212547196624
131 1.0
132 1.6020599913279625
135 1.4771212547196624
137 1.0
141 1.0
142 1.0
144 1.3010299956639813
145 1.0
147 1.0
148 1.0
149 1.3010299956639813
152 1.4771212547196624
157 1.3010299956639813
171 1.4771212547196624
173 1.3010299956639813
180 1.3010299956639813
185 1.0
189 1.7781512503836436
190 1.0
192 1.6020599913279625
200 1.4771212547196624
201 1.4771212547196624
206 1.0
208 1.0
209 1.3010299956639813
210 1.3010299956639813
211 1.0
214 1.0
221 1.0
226 1.0
231 1.0
232 1.0
236 1.0
237 1.0
241 1.0
242 1.0
243 1.3010299956639813
245 1.0
247 1.3010299956639813
254 1.0
257 1.3010299956639813
264 1.0
268 1.4771212547196624
270 1.0
273 1.0
274 1.0
278 1.0
279 1.0
280 1.0
281 1.3010299956639813
284 1.0
287 1.4771212547196624
288 1.0
289 1.3010299956639813
292 1.0
297 1.0
298 1.0
310 1.3010299956639813
311 1.0
313 1.0
319 1.3010299956639813
325 1.3010299956639813
326 1.0
327 1.4771212547196624
329 1.0
337 1.0
344 1.3010299956639813
349 1.6020599913279625
353 1.3010299956639813
355 1.0
357 1.3010299956639813
360 1.0
361 1.3010299956639813
363 1.3010299956639813
364 1.6020599913279625
367 1.0
368 1.0
369 1.0
373 1.4771212547196624
375 1.0
376 1.0
379 1.0
384 1.0
385 1.0
386 1.0
388 1.7781512503836436
396 1.0
397 1.0
400 1.0
401 1.0
402 1.0
408 1.6020599913279625
416 1.0
417 1.6020599913279625
418 1.0
419 1.0
424 1.0
425 1.0
440 1.0
448 1.0
452 1.0
454 1.0
461 1.0
462 1.0
468 1.0
470 1.3010299956639813
472 1.0
488 1.9542425094393248
496 1.6989700043360187
498 1.3010299956639813
499 1.3010299956639813
500 1.4771212547196624
505 1.6020599913279625
508 1.0
510 1.0
518 1.0
521 1.0
533 1.0
534 1.3010299956639813
535 1.0
539 1.3010299956639813
545 1.0
559 1.0
560 1.0
566 1.3010299956639813
571 1.0
576 1.4771212547196624
578 1.0
587 1.4771212547196624
588 1.6020599913279625
597 1.3010299956639813
598 1.3010299956639813
601 1.0
602 1.6989700043360187
603 1.6989700043360187
608 1.0
609 1.0
610 1.0
614 1.0
615 1.0
622 1.0
626 1.3010299956639813
635 1.3010299956639813
636 1.0
637 1.0
641 1.0
645 1.3010299956639813
650 1.3010299956639813
658 1.0
659 1.0
667 1.0
669 1.6020599913279625
674 1.0
675 1.0
677 1.4771212547196624
678 1.0
679 1.0
682 1.0
687 1.0
689 1.3010299956639813
691 1.0
692 1.4771212547196624
695 1.0
698 1.0
699 1.4771212547196624
704 1.4771212547196624
706 1.3010299956639813
707 1.0
713 1.0
715 2.380211241711606
717 1.0
720 1.4771212547196624
721 1.3010299956639813
723 1.4771212547196624
724 1.0
725 1.0
727 1.3010299956639813
729 1.0
730 1.0
735 1.0
740 1.0
745 1.0
753 1.0
754 1.0
756 1.4771212547196624
759 1.0
760 1.0
761 1.0
765 1.0
768 1.0
769 1.3010299956639813
770 1.3010299956639813
772 1.0
779 1.4771212547196624
781 1.0
794 1.3010299956639813
795 1.0
802 1.4771212547196624
803 1.4771212547196624
811 1.0
815 1.0
817 1.0
818 1.0
819 1.0
821 1.3010299956639813
824 1.0
825 1.0
826 1.0
850 1.0
851 1.0
854 1.0
867 1.0
868 1.0
869 1.0
870 1.3010299956639813
871 1.0
872 1.6020599913279625
875 1.0
876 1.0
889 1.0
890 1.0
898 1.0
903 1.4771212547196624
912 1.0
914 1.0
926 1.3010299956639813
939 1.0
948 1.0
955 1.3010299956639813
968 1.0
982 1.0
990 1.3010299956639813
991 1.0
996 1.0
1003 1.6020599913279625
1007 1.3010299956639813
1010 1.0
1011 1.0
1012 1.0
1015 1.0
1016 1.0
1019 1.6020599913279625
1026 1.3010299956639813
1028 1.3010299956639813
1032 1.0
1033 1.0
1038 1.0
1042 1.3010299956639813
1043 1.0
1044 1.0
1047 1.0
1048 1.3010299956639813
1049 1.3010299956639813
1055 1.0
1061 1.0
1062 1.0
1066 1.0
1068 1.3010299956639813
1070 1.0
1072 1.4771212547196624
1080 1.0
1081 1.0
1085 1.0
1086 1.0
1087 1.0
1092 1.4771212547196624
1096 1.0
1097 1.0
1099 1.0
1101 1.0
1104 1.0
1105 1.0
1106 1.0
1111 1.3010299956639813
1112 1.3010299956639813
1117 1.0
1118 1.0
1119 1.0
1121 1.0
1125 1.0
1127 1.3010299956639813
1128 1.3010299956639813
1129 1.845098040014257
1130 1.845098040014257
1139 1.4771212547196624
1140 1.4771212547196624
1141 1.0
1142 1.0
1145 1.0
1146 1.0
1147 1.6989700043360187
1148 1.6989700043360187
1151 1.0
1154 1.3010299956639813
1156 1.0
1160 1.3010299956639813
1161 1.0
1168 1.0
1170 1.0
1171 1.0
1176 1.3010299956639813
1177 1.0
1178 1.0
1180 1.0
1184 1.6020599913279625
1189 1.0
1190 1.3010299956639813
1192 1.0
1193 1.0
1194 1.0
1196 1.0
1198 1.3010299956639813
1204 1.0
1207 1.0
1213 1.4771212547196624
1217 1.0
1218 1.4771212547196624
1220 1.0
1226 1.4771212547196624
1227 1.4771212547196624
1228 1.7781512503836436
1230 1.0
1231 1.3010299956639813
1234 1.4771212547196624
1235 1.3010299956639813
1236 1.4771212547196624
1237 1.0
1239 1.0
1240 1.4771212547196624
1241 1.0
1243 1.0
1245 1.0
1246 1.0
1256 1.0
1258 1.3010299956639813
1259 1.0
1263 1.0
1265 1.0
1266 1.4771212547196624
1268 1.0
1270 1.0
1272 1.6989700043360187
1274 1.3010299956639813
1277 1.3010299956639813
1281 1.4771212547196624
1283 1.3010299956639813
1284 1.0
1285 1.3010299956639813
1291 1.0
1293 1.0
1295 1.4771212547196624
1296 1.0
1302 1.0
1305 1.0
1311 1.0
1314 1.0
1318 1.4771212547196624
1320 1.0
1321 1.0
1322 1.0
