71 1.0
93 1.3010299956639813
95 1.0
103 1.3010299956639813
157 1.3010299956639813
189 1.3010299956639813
250 1.0
266 1.3010299956639813
322 1.6020599913279625
332 1.0
367 1.0
382 1.0
398 1.0
472 1.0
477 1.0
566 1.6020599913279625
571 1.0
586 1.0
605 1.0
606 1.0
611 1.0
688 1.0
729 1.4771212547196624
770 1.0
772 1.0
795 1.0
819 1.0
830 1.0
841 1.0
878 1.4771212547196624
895 1.0
929 1.0
972 1.0
989 1.3010299956639813
994 1.0
1002 1.0
1054 1.0
1056 1.0
1092 1.0
1100 1.0
1123 1.0
1153 1.0
1173 1.9542425094393248
1176 1.0
1198 1.0
1270 1.3010299956639813
1289 2.3222192947339195
1313 1.3010299956639813
1324 1.0
