39 1.0
174 1.0
216 1.3010299956639813
226 1.0
238 1.0
244 1.3010299956639813
272 1.0
304 1.0
417 1.0
425 1.0
429 1.3010299956639813
431 1.3010299956639813
434 1.0
436 1.4771212547196624
453 1.0
463 1.0
476 1.0
495 1.3010299956639813
523 1.0
555 1.3010299956639813
572 1.0
589 1.0
622 1.0
624 1.0
653 1.0
695 1.0
702 1.0
739 1.0
759 1.0
827 1.3010299956639813
1029 1.0
1038 1.0
1039 1.4771212547196624
1040 1.0
1050 1.0
1078 1.0
1085 1.0
1090 1.0
1102 1.0
1109 1.3010299956639813
1183 1.0
1194 1.3010299956639813
1238 1.0
