8 1.0
21 1.0
31 1.0
34 1.0
37 1.0
47 1.0
78 1.0
99 1.0
100 1.0
107 1.0
110 1.0
115 1.0
116 1.0
126 1.0
128 1.0
131 1.0
137 1.3010299956639813
182 1.0
193 1.0
211 1.3010299956639813
215 1.0
217 1.0
220 1.0
221 1.0
226 1.0
233 1.0
235 1.0
247 1.0
258 1.0
274 1.0
319 1.4771212547196624
327 1.0
343 1.0
376 1.0
380 1.0
386 1.0
400 1.0
403 1.0
409 1.0
412 1.0
418 1.0
421 1.0
424 1.3010299956639813
425 1.0
428 1.0
434 1.3010299956639813
436 1.3010299956639813
437 1.0
440 1.3010299956639813
444 1.3010299956639813
450 1.0
457 1.0
462 1.3010299956639813
469 1.0
481 1.0
482 1.6020599913279625
490 1.4771212547196624
491 1.3010299956639813
493 1.0
497 1.0
506 1.3010299956639813
509 1.0
510 1.0
518 1.0
519 1.0
528 1.0
532 1.0
540 1.3010299956639813
546 1.0
548 1.0
576 1.0
584 1.0
585 1.0
588 1.0
592 1.0
611 1.0
633 1.0
638 1.4771212547196624
644 1.3010299956639813
645 1.6020599913279625
647 1.0
650 1.0
662 1.3010299956639813
665 1.4771212547196624
668 1.0
677 1.4771212547196624
685 1.0
688 1.0
689 1.0
694 1.0
703 1.0
705 1.0
713 1.0
718 1.0
735 1.0
745 1.0
747 1.0
770 1.3010299956639813
771 1.0
774 1.0
781 1.0
786 1.0
788 1.0
793 1.0
815 1.0
821 1.0
823 1.0
839 1.3010299956639813
840 1.3010299956639813
850 1.0
864 1.0
897 1.0
914 1.0
988 1.0
989 1.0
990 1.0
1002 1.0
1020 1.3010299956639813
1044 1.0
1049 1.3010299956639813
1072 1.6020599913279625
1077 1.3010299956639813
1079 1.0
1090 1.0
1102 1.0
1105 1.0
1106 1.0
1111 1.0
1112 1.0
1121 1.3010299956639813
1129 1.3010299956639813
1130 1.3010299956639813
1143 1.0
1144 1.0
1149 1.0
1150 1.0
1151 1.0
1162 1.0
1171 1.0
1172 1.6989700043360187
1176 1.0
1179 1.0
1183 1.0
1187 1.3010299956639813
1189 1.0
1193 1.3010299956639813
1196 1.3010299956639813
1200 1.3010299956639813
1221 1.0
1227 1.0
1228 1.0
1234 1.0
1241 1.3010299956639813
1245 1.0
1254 1.0
1257 1.0
1265 1.3010299956639813
1266 1.0
1267 1.0
1283 1.0
1285 1.0
1296 1.0
1320 1.0
1321 1.0
