0 1.4771212547196624
4 1.0
7 1.0
11 1.0
12 1.0
13 1.3010299956639813
15 1.0
16 1.0
17 1.0
25 1.0
29 1.0
31 1.0
34 1.0
35 1.0
37 1.0
45 1.4771212547196624
47 1.3010299956639813
50 1.0
51 1.0
52 1.0
54 1.6020599913279625
56 1.0
62 1.4771212547196624
65 1.0
66 1.0
69 1.0
70 1.3010299956639813
77 1.6020599913279625
94 1.7781512503836436
100 1.6020599913279625
101 1.4771212547196624
102 1.0
103 1.0
104 1.3010299956639813
107 1.0
110 1.3010299956639813
111 1.3010299956639813
115 1.0
117 1.0
121 1.0
128 1.0
131 1.0
132 1.3010299956639813
140 1.0
144 1.0
148 1.6989700043360187
156 1.0
163 1.0
166 1.3010299956639813
170 1.845098040014257
171 1.0
176 1.0
179 1.3010299956639813
180 1.0
186 1.0
189 1.0
191 1.0
192 1.0
195 1.4771212547196624
197 1.4771212547196624
199 1.0
203 1.0
207 1.0
218 1.0
227 1.0
229 1.0
236 1.3010299956639813
237 1.3010299956639813
244 1.0
247 1.0
255 1.6020599913279625
258 1.4771212547196624
271 1.0
273 1.3010299956639813
274 1.6020599913279625
277 1.0
281 1.0
284 1.3010299956639813
286 1.0
287 1.3010299956639813
292 1.0
306 1.0
318 1.4771212547196624
322 1.0
325 1.0
341 1.4771212547196624
343 1.6020599913279625
346 1.3010299956639813
351 1.0
353 1.6020599913279625
359 1.3010299956639813
360 1.3010299956639813
361 1.6989700043360187
362 1.4771212547196624
364 1.4771212547196624
368 1.0
376 1.3010299956639813
378 1.4771212547196624
381 1.4771212547196624
400 1.6989700043360187
412 1.0
417 1.0
419 1.0
420 1.0
424 1.3010299956639813
425 1.0
429 1.0
434 1.0
436 1.0
440 1.3010299956639813
443 1.0
444 1.0
445 1.3010299956639813
457 1.0
459 1.4771212547196624
462 1.3010299956639813
463 1.0
465 1.0
471 1.0
487 1.0
494 1.0
497 1.4771212547196624
498 1.0
505 1.0
516 1.0
523 1.4771212547196624
524 1.3010299956639813
534 1.6020599913279625
546 1.0
561 1.0
564 1.4771212547196624
566 1.0
571 1.6020599913279625
572 1.3010299956639813
575 1.3010299956639813
592 1.0
596 1.0
599 1.3010299956639813
600 1.0
602 1.0
603 1.0
608 1.0
610 1.0
611 1.0
612 1.3010299956639813
615 1.3010299956639813
625 1.3010299956639813
626 1.0
630 1.3010299956639813
633 1.0
640 1.6020599913279625
643 1.3010299956639813
645 1.0
650 1.0
656 1.3010299956639813
658 1.0
663 1.3010299956639813
669 1.6020599913279625
671 1.6020599913279625
673 1.0
676 1.0
680 1.0
687 1.0
688 1.4771212547196624
689 1.0
690 1.0
694 1.3010299956639813
703 1.0
704 1.3010299956639813
705 1.6020599913279625
708 2.3979400086720375
715 1.6989700043360187
717 1.4771212547196624
723 1.4771212547196624
724 1.7781512503836436
728 1.4771212547196624
730 1.0
732 1.3010299956639813
739 1.4771212547196624
741 1.0
743 1.0
761 1.0
769 1.0
771 1.0
779 1.3010299956639813
788 1.4771212547196624
789 1.0
790 1.4771212547196624
794 1.4771212547196624
802 1.3010299956639813
803 1.3010299956639813
812 1.0
816 1.0
823 1.0
824 1.4771212547196624
825 1.4771212547196624
829 1.9542425094393248
838 1.6989700043360187
841 1.0
843 1.0
846 1.4771212547196624
850 1.0
851 1.3010299956639813
859 1.0
861 1.0
862 1.7781512503836436
863 1.0
864 1.0
867 1.0
868 1.4771212547196624
869 1.4771212547196624
871 1.0
872 1.3010299956639813
879 1.6020599913279625
880 1.0
883 1.0
885 1.0
887 1.3010299956639813
893 1.0
901 1.0
903 1.0
905 1.0
911 1.0
924 1.0
925 1.0
932 1.0
938 1.0
939 1.0
943 1.0
944 1.0
961 1.0
964 1.0
969 1.0
978 1.0
989 1.0
993 1.0
1005 1.4771212547196624
1008 1.3010299956639813
1011 1.3010299956639813
1012 1.3010299956639813
1020 1.4771212547196624
1021 1.0
1026 1.3010299956639813
1027 1.0
1028 1.6989700043360187
1038 1.0
1047 1.0
1049 1.3010299956639813
1052 1.4771212547196624
1053 2.113943352306837
1054 1.3010299956639813
1057 1.3010299956639813
1058 1.3010299956639813
1065 1.0
1071 1.0
1081 1.0
1093 1.6020599913279625
1094 1.0
1095 1.0
1096 1.3010299956639813
1099 1.3010299956639813
1104 1.0
1114 1.6020599913279625
1121 1.4771212547196624
1126 1.0
1127 1.6020599913279625
1128 1.6020599913279625
1129 1.0
1130 1.0
1135 1.0
1136 1.0
1139 1.3010299956639813
1140 1.3010299956639813
1149 1.0
1150 1.0
1151 1.0
1152 1.0
1153 1.0
1155 1.3010299956639813
1161 1.7781512503836436
1165 1.4771212547196624
1166 1.3010299956639813
1167 1.3010299956639813
1172 1.3010299956639813
1211 1.0
1228 1.3010299956639813
1232 1.0
1235 1.0
1242 1.0
1249 1.0
1260 1.0
1265 1.0
1266 1.4771212547196624
1268 1.9542425094393248
1276 1.6989700043360187
1277 1.0
1285 1.7781512503836436
1286 1.4771212547196624
1290 1.4771212547196624
1291 1.0
1292 1.3010299956639813
1294 1.0
1302 1.4771212547196624
1304 1.4771212547196624
1309 1.0
1312 1.0
1313 1.0
1314 1.0
1318 1.4771212547196624
1319 1.0
1320 1.3010299956639813
1324 1.3010299956639813
