21 1.0
22 1.0
24 1.0
29 1.3010299956639813
32 1.0
38 1.3010299956639813
39 1.0
41 1.3010299956639813
46 1.0
53 1.4771212547196624
100 1.0
101 1.0
103 1.3010299956639813
104 1.0
113 1.0
114 1.0
116 1.3010299956639813
121 1.0
133 1.0
137 1.0
143 1.0
146 1.0
148 1.3010299956639813
157 1.0
167 1.845098040014257
168 1.3010299956639813
171 1.0
186 1.0
187 1.0
189 1.0
190 1.0
194 1.0
195 1.3010299956639813
214 1.3010299956639813
223 1.0
237 1.0
247 1.0
251 1.0
254 1.0
257 1.0
265 1.0
288 1.0
293 1.0
297 1.0
298 1.0
303 1.0
304 1.0
306 1.0
309 1.3010299956639813
318 1.0
319 1.0
322 1.0
330 1.0
333 1.3010299956639813
334 1.0
336 1.0
339 1.9542425094393248
360 1.0
361 1.0
364 1.6020599913279625
366 1.0
368 1.0
369 1.9030899869919435
371 1.0
378 1.0
379 1.6020599913279625
388 1.0
395 1.3010299956639813
396 1.0
405 1.0
408 1.0
412 1.0
415 1.0
424 1.3010299956639813
427 1.0
429 1.0
442 1.3010299956639813
444 1.0
448 1.0
453 1.0
456 1.0
462 1.0
464 1.0
472 1.0
476 1.0
483 1.0
485 1.0
497 1.0
498 1.0
521 1.0
523 1.0
530 1.0
534 1.4771212547196624
561 1.0
573 1.0
574 1.0
580 1.0
586 1.0
588 1.0
597 1.0
598 1.0
614 1.9542425094393248
622 1.0
640 1.0
643 1.3010299956639813
644 1.3010299956639813
647 1.0
650 1.0
659 1.0
688 1.0
695 1.3010299956639813
705 1.0
721 1.0
731 1.3010299956639813
741 1.0
745 1.0
752 1.0
758 1.3010299956639813
761 1.0
771 1.3010299956639813
779 1.3010299956639813
810 1.3010299956639813
839 1.0
840 1.0
850 1.0
851 1.3010299956639813
863 1.0
871 1.0
872 1.0
897 1.0
922 1.0
930 1.0
933 1.0
939 1.0
948 1.3010299956639813
950 1.0
961 1.0
963 1.4771212547196624
989 1.3010299956639813
999 1.0
1010 1.4771212547196624
1013 1.0
1027 1.9542425094393248
1034 1.0
1047 1.0
1049 1.3010299956639813
1050 1.0
1051 1.0
1066 1.0
1067 1.0
1070 1.0
1074 1.0
1075 1.0
1077 1.0
1085 1.4771212547196624
1100 1.3010299956639813
1102 1.0
1110 1.3010299956639813
1117 1.0
1118 1.0
1121 1.3010299956639813
1122 1.3010299956639813
1123 1.0
1129 1.4771212547196624
1130 1.4771212547196624
1143 1.3010299956639813
1144 1.3010299956639813
1153 1.3010299956639813
1155 1.0
1159 1.0
1165 1.0
1166 1.0
1178 1.0
1183 1.0
1196 1.0
1197 1.0
1198 1.3010299956639813
1199 1.0
1200 1.0
1214 1.0
1222 1.0
1232 1.0
1237 1.4771212547196624
1238 1.4771212547196624
1257 1.0
1260 1.0
1270 1.0
1280 1.0
1293 1.0
1294 1.0
1297 1.0
1302 1.0
1303 1.0
1304 1.0
1309 1.0
1311 1.0
1318 1.3010299956639813
