40 1.0
49 1.0
56 1.0
220 1.0
222 1.3010299956639813
226 1.0
234 1.0
253 1.0
273 1.0
275 1.0
284 1.0
300 1.0
319 1.0
390 1.0
405 1.0
412 1.3010299956639813
415 1.0
421 1.0
428 1.0
446 1.0
447 1.0
454 1.0
479 1.0
491 1.0
493 1.4771212547196624
499 1.0
506 1.0
531 1.3010299956639813
532 1.0
551 1.0
552 1.0
589 1.0
629 1.0
656 1.0
657 1.3010299956639813
679 1.3010299956639813
684 1.0
687 1.0
693 1.0
694 1.0
739 1.0
743 1.0
756 1.0
764 1.0
783 1.0
786 1.0
811 1.0
845 1.3010299956639813
864 1.3010299956639813
903 1.0
918 1.3010299956639813
947 1.0
1005 1.0
1013 1.0
1061 1.0
1062 1.0
1065 1.0
1090 1.3010299956639813
1096 1.0
1121 1.0
1124 1.0
1129 1.3010299956639813
1130 1.3010299956639813
1141 1.0
1142 1.0
1143 1.0
1144 1.0
1204 1.0
1245 1.0
1257 1.0
1259 1.0
1264 1.3010299956639813
1286 1.0
1290 1.0
1293 1.0
1306 1.0
1307 1.0
1322 1.0
