11 1.0
13 1.0
17 1.4771212547196624
19 1.4771212547196624
21 1.4771212547196624
34 1.3010299956639813
35 1.3010299956639813
36 1.0
47 1.4771212547196624
48 1.0
50 1.0
51 1.3010299956639813
52 1.0
56 1.3010299956639813
59 1.0
60 1.0
63 1.0
67 1.0
69 1.6020599913279625
74 1.0
77 1.0
78 1.0
84 1.3010299956639813
89 1.0
90 1.3010299956639813
91 1.0
94 1.6020599913279625
97 1.6020599913279625
100 1.0
109 1.0
110 1.845098040014257
118 1.6020599913279625
121 1.0
123 1.3010299956639813
124 1.3010299956639813
127 1.0
131 1.3010299956639813
132 1.3010299956639813
136 1.4771212547196624
138 1.3010299956639813
142 1.0
143 1.0
144 1.3010299956639813
148 1.4771212547196624
149 1.0
153 1.0
155 1.3010299956639813
158 1.0
161 1.3010299956639813
162 1.0
163 1.3010299956639813
164 1.0
165 1.0
167 1.0
168 1.3010299956639813
169 1.3010299956639813
170 1.6020599913279625
173 1.6020599913279625
174 1.0
175 1.3010299956639813
178 1.3010299956639813
179 1.4771212547196624
180 1.6020599913279625
182 1.0
183 1.0
189 1.0
192 1.4771212547196624
194 1.4771212547196624
197 1.0
199 1.0
200 1.6020599913279625
201 1.6020599913279625
202 1.0
207 1.0
209 1.6020599913279625
211 1.4771212547196624
220 1.3010299956639813
223 1.0
224 1.4771212547196624
230 1.0
231 1.6989700043360187
238 1.0
241 1.3010299956639813
243 1.0
248 1.0
250 1.0
251 1.3010299956639813
267 1.3010299956639813
270 1.0
271 1.0
272 1.7781512503836436
274 1.3010299956639813
277 1.9542425094393248
287 1.6020599913279625
288 1.3010299956639813
298 1.0
304 1.6989700043360187
305 1.3010299956639813
308 1.0
309 1.0
310 1.4771212547196624
317 1.4771212547196624
319 1.0
322 1.3010299956639813
326 1.0
330 1.0
333 1.3010299956639813
337 1.6020599913279625
341 1.3010299956639813
352 1.0
353 1.3010299956639813
358 1.0
360 1.3010299956639813
362 1.0
364 1.7781512503836436
367 1.3010299956639813
370 1.0
371 1.0
378 1.0
380 1.3010299956639813
383 1.0
388 1.6989700043360187
389 1.0
396 1.0
397 1.0
400 1.6989700043360187
409 1.0
430 1.6020599913279625
431 1.0
433 1.0
443 1.3010299956639813
445 1.3010299956639813
446 1.0
447 1.3010299956639813
448 1.3010299956639813
449 1.9030899869919435
451 1.0
472 1.0
474 1.0
484 1.0
486 1.0
488 1.6020599913279625
491 1.3010299956639813
496 1.4771212547196624
500 1.6989700043360187
503 1.6020599913279625
506 1.6020599913279625
513 1.0
514 1.0
518 1.3010299956639813
520 1.0
524 1.0
526 1.6989700043360187
530 1.0
534 1.0
535 1.3010299956639813
536 1.0
537 1.3010299956639813
540 1.6020599913279625
553 1.6020599913279625
555 1.4771212547196624
556 1.4771212547196624
578 1.0
580 1.6989700043360187
586 1.4771212547196624
587 1.6989700043360187
589 1.3010299956639813
590 1.0
595 1.0
609 1.0
611 1.4771212547196624
613 1.9030899869919435
615 1.0
619 1.0
620 1.3010299956639813
630 1.6989700043360187
636 1.0
648 1.0
656 1.0
670 1.0
673 1.0
677 2.0
679 1.0
682 1.4771212547196624
684 1.3010299956639813
687 1.7781512503836436
689 1.9030899869919435
692 1.4771212547196624
694 1.6020599913279625
707 1.4771212547196624
715 1.6989700043360187
717 1.9030899869919435
718 1.0
724 1.3010299956639813
731 1.0
734 1.0
738 1.0
740 1.3010299956639813
748 1.9030899869919435
751 1.9030899869919435
759 1.3010299956639813
762 1.0
770 1.3010299956639813
771 1.0
772 1.0
779 1.4771212547196624
780 1.4771212547196624
782 1.0
784 1.6020599913279625
797 2.278753600952829
802 1.0
803 1.0
814 1.3010299956639813
821 1.0
832 1.3010299956639813
833 1.3010299956639813
834 1.3010299956639813
835 1.3010299956639813
838 1.0
842 1.0
843 1.3010299956639813
844 1.0
847 1.0
851 1.3010299956639813
862 1.845098040014257
863 1.0
867 1.4771212547196624
878 1.4771212547196624
883 1.3010299956639813
896 1.0
900 1.0
910 1.0
912 1.0
920 1.4771212547196624
921 1.6020599913279625
924 1.3010299956639813
925 1.0
926 1.0
927 1.0
928 1.0
932 1.0
950 1.3010299956639813
951 1.0
954 1.0
963 1.4771212547196624
969 1.0
972 1.3010299956639813
986 1.0
987 1.3010299956639813
993 1.0
996 1.4771212547196624
1005 1.0
1011 1.4771212547196624
1012 1.4771212547196624
1019 1.3010299956639813
1020 1.4771212547196624
1026 1.0
1037 1.0
1040 1.0
1047 1.4771212547196624
1049 1.845098040014257
1054 1.0
1055 1.4771212547196624
1057 1.3010299956639813
1058 1.3010299956639813
1066 1.0
1068 1.3010299956639813
1074 1.7781512503836436
1075 1.7781512503836436
1096 1.7781512503836436
1097 1.0
1099 1.3010299956639813
1101 1.3010299956639813
1110 1.0
1111 1.3010299956639813
1112 1.3010299956639813
1114 1.0
1117 1.0
1118 1.0
1121 1.4771212547196624
1127 1.6020599913279625
1128 1.6020599913279625
1129 2.1760912590556813
1130 2.1760912590556813
1137 1.0
1138 1.0
1139 1.0
1140 1.0
1149 1.3010299956639813
1150 1.3010299956639813
1159 1.3010299956639813
1161 1.9030899869919435
1162 1.0
1165 1.3010299956639813
1176 1.3010299956639813
1177 1.3010299956639813
1182 1.3010299956639813
1185 1.0
1188 1.0
1190 1.6020599913279625
1196 1.0
1198 1.0
1204 2.0
1213 1.0
1218 1.4771212547196624
1222 1.0
1228 1.3010299956639813
1230 1.0
1231 1.0
1234 1.4771212547196624
1235 1.0
1237 1.0
1245 1.0
1246 1.3010299956639813
1263 1.3010299956639813
1264 1.3010299956639813
1268 1.4771212547196624
1272 1.0
1276 1.0
1277 1.3010299956639813
1284 1.0
1298 1.0
1299 1.0
1302 1.4771212547196624
1306 1.3010299956639813
1309 1.0
1316 1.0
1318 1.4771212547196624
1319 1.4771212547196624
