6 2.1760912590556813
18 1.4771212547196624
19 1.3010299956639813
28 1.0
29 1.3010299956639813
33 1.0
34 1.0
37 1.0
41 2.3222192947339195
47 1.0
49 1.0
56 1.0
57 1.0
58 1.0
61 1.3010299956639813
64 1.0
65 1.6020599913279625
70 1.0
72 1.3010299956639813
75 1.6020599913279625
83 1.3010299956639813
84 1.0
90 1.0
94 1.4771212547196624
105 1.4771212547196624
107 1.0
111 1.0
113 1.6020599913279625
114 1.6020599913279625
118 1.4771212547196624
131 1.0
168 1.0
173 1.3010299956639813
176 1.3010299956639813
177 1.4771212547196624
179 1.3010299956639813
180 1.3010299956639813
186 1.0
187 1.0
190 1.6989700043360187
193 1.6989700043360187
194 1.3010299956639813
200 1.3010299956639813
201 1.3010299956639813
203 1.0
204 1.4771212547196624
208 1.0
209 1.4771212547196624
210 1.4771212547196624
211 1.0
214 1.0
215 1.0
217 1.0
219 1.0
221 1.0
224 1.3010299956639813
226 1.0
231 1.6020599913279625
232 1.0
241 1.0
242 1.0
244 1.0
247 1.3010299956639813
249 1.0
253 1.6020599913279625
254 1.0
256 1.0
257 1.9542425094393248
259 1.0
261 1.3010299956639813
264 2.0
265 1.0
272 1.6989700043360187
273 1.0
274 1.0
275 1.0
277 1.9030899869919435
278 1.3010299956639813
287 1.0
288 1.0
289 1.3010299956639813
293 1.3010299956639813
299 1.0
302 1.4771212547196624
305 1.0
310 1.0
314 1.4771212547196624
343 1.0
346 1.0
350 1.0
387 1.3010299956639813
388 1.0
392 1.0
394 1.0
400 1.0
401 1.0
403 1.0
412 1.0
420 1.6020599913279625
425 1.0
429 1.3010299956639813
430 1.4771212547196624
440 1.0
441 1.0
443 1.0
447 1.0
448 1.0
449 1.0
450 1.0
452 1.0
455 1.0
466 1.0
468 1.4771212547196624
473 1.3010299956639813
477 1.0
482 1.6989700043360187
488 1.4771212547196624
492 1.0
493 1.0
496 1.3010299956639813
498 1.7781512503836436
499 1.0
500 1.6020599913279625
502 1.0
503 1.4771212547196624
506 1.0
518 1.0
522 1.3010299956639813
535 1.0
538 1.0
539 1.3010299956639813
540 1.0
545 1.6989700043360187
546 1.4771212547196624
547 1.3010299956639813
552 1.3010299956639813
555 1.3010299956639813
565 1.0
567 1.4771212547196624
572 1.0
573 1.3010299956639813
574 1.3010299956639813
580 1.4771212547196624
582 1.0
583 1.0
584 1.0
585 1.0
587 1.6020599913279625
588 1.0
589 1.0
592 1.3010299956639813
593 1.4771212547196624
596 1.0
601 1.0
602 1.0
603 1.0
611 1.3010299956639813
613 1.0
622 1.0
624 1.4771212547196624
626 1.4771212547196624
627 1.0
632 1.4771212547196624
638 1.3010299956639813
643 1.0
645 1.3010299956639813
646 1.3010299956639813
650 1.0
655 1.4771212547196624
657 1.3010299956639813
658 1.4771212547196624
663 1.0
664 1.0
668 1.3010299956639813
669 1.0
676 1.4771212547196624
677 1.9030899869919435
678 1.0
682 1.3010299956639813
684 1.0
685 1.0
687 1.6989700043360187
689 1.6989700043360187
690 1.4771212547196624
692 1.0
694 1.4771212547196624
695 1.6020599913279625
703 1.3010299956639813
706 1.3010299956639813
707 1.3010299956639813
708 1.0
713 1.0
714 1.0
716 1.0
721 1.4771212547196624
723 1.4771212547196624
725 1.0
735 1.6020599913279625
736 1.4771212547196624
739 1.3010299956639813
740 1.0
741 1.4771212547196624
742 1.0
744 1.0
747 1.0
748 1.845098040014257
749 1.4771212547196624
751 1.4771212547196624
752 1.4771212547196624
754 1.0
755 1.0
756 1.0
758 1.0
761 1.3010299956639813
763 1.0
769 1.6020599913279625
770 1.0
773 1.0
779 1.0
780 1.3010299956639813
781 1.3010299956639813
787 1.0
788 1.7781512503836436
793 1.4771212547196624
794 1.0
807 1.3010299956639813
811 1.0
812 2.0413926851582254
813 1.3010299956639813
814 1.0
815 1.6989700043360187
823 1.0
824 1.4771212547196624
825 1.4771212547196624
826 1.3010299956639813
827 1.0
837 1.6020599913279625
845 1.4771212547196624
855 1.0
864 1.0
867 1.0
885 1.4771212547196624
887 1.0
889 1.0
890 1.0
893 1.6989700043360187
895 1.6989700043360187
901 1.3010299956639813
906 1.3010299956639813
908 1.3010299956639813
909 1.0
914 1.0
915 1.0
916 1.0
918 1.3010299956639813
921 1.3010299956639813
922 1.0
924 1.0
929 1.6020599913279625
931 1.6020599913279625
934 1.0
935 1.0
939 1.3010299956639813
941 1.6989700043360187
943 1.6989700043360187
944 1.6989700043360187
950 1.0
960 1.0
962 1.0
972 1.0
979 1.0
983 1.0
996 1.0
1002 1.3010299956639813
1003 1.0
1004 1.3010299956639813
1006 1.0
1010 1.0
1013 1.4771212547196624
1014 1.0
1027 1.0
1028 1.0
1029 1.4771212547196624
1032 1.0
1033 1.0
1034 1.845098040014257
1042 1.4771212547196624
1043 1.0
1048 1.0
1061 1.4771212547196624
1062 1.0
1064 1.3010299956639813
1065 1.9030899869919435
1068 1.0
1070 1.0
1072 1.6989700043360187
1073 1.0
1074 1.6989700043360187
1075 1.6989700043360187
1077 1.0
1078 1.3010299956639813
1079 1.0
1081 1.0
1083 1.6020599913279625
1084 1.4771212547196624
1085 1.4771212547196624
1086 1.3010299956639813
1088 1.0
1090 1.4771212547196624
1092 1.0
1096 1.6989700043360187
1101 1.0
1103 1.0
1104 1.6020599913279625
1109 1.3010299956639813
1111 1.0
1112 1.0
1119 1.845098040014257
1121 1.3010299956639813
1122 1.0
1123 1.0
1126 1.0
1129 2.0
1130 2.0
1141 1.0
1142 1.0
1161 1.3010299956639813
1170 1.0
1177 1.0
1189 1.3010299956639813
1194 1.3010299956639813
1199 1.6020599913279625
1204 1.845098040014257
1212 1.3010299956639813
1214 1.4771212547196624
1216 1.0
1217 1.3010299956639813
1218 1.0
1221 1.4771212547196624
1224 1.0
1225 1.0
1226 1.0
1228 1.0
1236 1.6020599913279625
1238 1.3010299956639813
1239 1.0
1240 1.0
1242 1.7781512503836436
1246 1.0
1250 1.0
1251 1.0
1254 1.0
1256 1.0
1259 1.0
1260 1.0
1262 1.0
1273 1.0
1274 1.4771212547196624
1278 1.0
1283 1.0
1285 1.0
1288 1.0
1289 1.0
1294 1.0
1295 1.0
1308 1.0
1317 1.0
1321 1.0
