0 1.0
3 1.0
17 1.0
62 1.0
108 1.3010299956639813
127 1.3010299956639813
154 1.0
189 1.3010299956639813
195 1.0
230 1.0
236 1.0
276 1.0
307 1.0
314 1.0
322 1.4771212547196624
325 1.0
327 1.0
332 1.0
341 1.0
372 1.0
401 1.0
493 1.0
497 1.0
499 1.0
676 1.0
678 1.0
707 1.3010299956639813
723 1.0
739 1.3010299956639813
742 1.0
773 1.0
790 1.0
868 1.3010299956639813
869 1.3010299956639813
1005 1.3010299956639813
1049 1.9030899869919435
1096 1.0
1097 1.0
1114 1.4771212547196624
1129 1.6989700043360187
1130 1.6989700043360187
1135 1.0
1136 1.0
1149 1.3010299956639813
1150 1.3010299956639813
1184 1.0
1272 1.0
