0 1.845098040014257
3 1.7781512503836436
4 1.0
5 1.3010299956639813
7 1.0
15 1.4771212547196624
21 1.0
22 1.4771212547196624
25 1.0
26 1.3010299956639813
34 1.6989700043360187
37 1.3010299956639813
38 1.6020599913279625
43 1.0
47 1.0
48 1.3010299956639813
50 1.0
52 1.9030899869919435
54 2.146128035678238
59 1.0
60 1.0
62 1.3010299956639813
65 1.3010299956639813
69 1.0
73 1.0
75 1.0
78 1.9542425094393248
80 1.0
81 1.9542425094393248
82 1.4771212547196624
84 1.0
85 1.0
86 2.146128035678238
87 1.0
88 1.7781512503836436
90 1.4771212547196624
91 1.4771212547196624
92 1.6020599913279625
94 1.3010299956639813
96 1.0
98 1.4771212547196624
99 1.7781512503836436
103 1.3010299956639813
107 1.4771212547196624
110 1.4771212547196624
113 1.0
114 1.0
115 1.4771212547196624
116 1.4771212547196624
117 1.0
118 1.845098040014257
121 1.0
123 1.3010299956639813
124 1.3010299956639813
125 1.6020599913279625
126 1.0
127 1.6020599913279625
129 1.3010299956639813
130 1.0
136 1.0
138 1.4771212547196624
139 1.3010299956639813
142 1.845098040014257
145 1.3010299956639813
149 1.4771212547196624
152 1.0
156 1.0
157 1.3010299956639813
159 1.0
163 1.3010299956639813
165 1.0
167 1.7781512503836436
171 1.0
174 1.0
176 1.3010299956639813
179 1.0
180 1.6989700043360187
185 1.0
189 1.0
198 1.845098040014257
200 1.3010299956639813
201 1.4771212547196624
205 1.4771212547196624
206 1.0
209 1.6989700043360187
214 1.0
216 1.4771212547196624
217 1.9542425094393248
219 1.9030899869919435
222 1.3010299956639813
223 1.0
238 1.3010299956639813
240 1.0
241 1.0
242 1.3010299956639813
243 1.0
244 1.6020599913279625
247 1.0
250 1.3010299956639813
253 1.3010299956639813
255 1.3010299956639813
256 1.3010299956639813
258 1.4771212547196624
259 1.0
261 1.6020599913279625
264 1.4771212547196624
265 2.230448921378274
269 1.0
270 1.0
273 1.4771212547196624
274 2.681241237375587
275 1.6989700043360187
277 1.0
278 1.0
285 1.0
290 1.0
291 1.0
293 1.0
294 1.0
296 1.3010299956639813
297 1.0
298 1.4771212547196624
300 2.342422680822206
301 1.0
302 1.4771212547196624
305 1.845098040014257
307 1.4771212547196624
310 1.0
313 1.0
314 1.9542425094393248
315 1.4771212547196624
317 1.0
322 1.7781512503836436
323 1.0
329 1.0
333 1.3010299956639813
337 1.7781512503836436
346 1.0
349 1.0
351 1.0
353 1.7781512503836436
354 2.255272505103306
358 1.4771212547196624
362 1.0
367 1.4771212547196624
368 1.3010299956639813
369 1.6020599913279625
374 1.3010299956639813
375 1.3010299956639813
376 1.3010299956639813
377 1.3010299956639813
378 1.7781512503836436
382 1.0
386 1.0
390 1.6020599913279625
393 1.4771212547196624
395 1.9030899869919435
396 1.7781512503836436
398 1.845098040014257
399 1.0
403 1.4771212547196624
408 1.3010299956639813
409 1.845098040014257
411 1.4771212547196624
412 1.4771212547196624
414 1.3010299956639813
417 1.4771212547196624
422 2.204119982655925
425 1.4771212547196624
426 1.0
427 1.0
428 1.4771212547196624
429 1.0
434 1.0
436 1.6989700043360187
437 1.0
439 1.0
440 1.3010299956639813
442 1.0
444 1.4771212547196624
446 1.6989700043360187
447 1.4771212547196624
449 1.0
450 1.3010299956639813
455 1.4771212547196624
456 1.0
457 1.4771212547196624
459 1.4771212547196624
460 1.6020599913279625
463 1.6020599913279625
464 1.3010299956639813
465 1.3010299956639813
467 1.3010299956639813
469 1.0
470 1.0
471 1.845098040014257
474 1.4771212547196624
475 1.0
476 1.4771212547196624
478 1.4771212547196624
480 1.0
481 1.4771212547196624
482 1.4771212547196624
483 1.6989700043360187
485 1.4771212547196624
487 1.3010299956639813
489 1.6020599913279625
490 1.3010299956639813
493 1.3010299956639813
494 2.380211241711606
496 1.4771212547196624
498 1.845098040014257
499 1.6989700043360187
501 1.0
502 1.4771212547196624
504 1.0
506 1.9542425094393248
509 1.3010299956639813
510 1.6989700043360187
516 1.6020599913279625
517 1.7781512503836436
518 1.4771212547196624
520 1.0
521 1.6989700043360187
522 1.0
523 1.0
524 1.0
529 1.0
532 1.4771212547196624
535 1.0
539 1.6989700043360187
540 1.4771212547196624
541 1.4771212547196624
543 1.3010299956639813
544 1.3010299956639813
545 1.845098040014257
553 1.3010299956639813
557 1.0
558 1.0
565 1.7781512503836436
566 1.7781512503836436
567 1.6989700043360187
570 1.7781512503836436
572 1.6020599913279625
573 1.0
574 1.0
575 1.6020599913279625
576 1.4771212547196624
577 1.6020599913279625
580 1.7781512503836436
581 1.6989700043360187
584 1.4771212547196624
585 1.4771212547196624
586 1.3010299956639813
587 1.3010299956639813
588 2.113943352306837
589 1.0
591 1.0
592 1.0
595 1.0
599 1.845098040014257
600 1.3010299956639813
601 1.6989700043360187
605 1.3010299956639813
606 1.3010299956639813
607 1.0
611 1.0
613 1.3010299956639813
615 1.6989700043360187
619 1.4771212547196624
623 1.0
624 1.0
626 1.0
629 1.4771212547196624
630 1.9542425094393248
631 1.0
633 1.0
638 1.0
640 1.0
643 1.3010299956639813
644 1.0
645 1.0
650 1.4771212547196624
651 1.6020599913279625
657 1.6020599913279625
658 1.0
664 1.3010299956639813
667 1.0
668 1.0
671 1.0
674 1.3010299956639813
675 1.3010299956639813
677 1.0
679 1.0
681 1.6989700043360187
682 1.6020599913279625
683 1.0
685 1.4771212547196624
686 1.6020599913279625
687 1.9030899869919435
688 1.845098040014257
689 1.0
690 1.6020599913279625
692 1.7781512503836436
693 1.845098040014257
694 1.9542425094393248
696 1.6989700043360187
701 1.6020599913279625
703 1.0
706 1.0
710 1.0
711 1.3010299956639813
715 1.3010299956639813
716 1.4771212547196624
717 1.0
718 1.3010299956639813
719 1.7781512503836436
720 1.4771212547196624
721 1.4771212547196624
723 1.0
724 1.4771212547196624
727 1.4771212547196624
732 1.0
737 1.3010299956639813
740 1.9030899869919435
743 1.0
746 1.0
749 1.845098040014257
752 1.0
760 1.3010299956639813
761 1.6020599913279625
764 1.0
765 1.3010299956639813
768 1.9030899869919435
771 2.3222192947339195
774 1.6989700043360187
779 1.0
783 1.3010299956639813
784 1.4771212547196624
785 1.0
786 1.3010299956639813
787 2.113943352306837
788 1.4771212547196624
790 1.7781512503836436
791 1.3010299956639813
792 1.3010299956639813
794 2.1760912590556813
797 1.4771212547196624
801 1.0
802 1.7781512503836436
803 1.7781512503836436
804 1.0
812 1.3010299956639813
813 1.0
815 1.3010299956639813
817 1.0
818 1.0
823 1.0
824 1.845098040014257
825 1.845098040014257
828 1.0
832 1.6989700043360187
833 1.6989700043360187
834 1.0
835 1.0
837 1.3010299956639813
839 1.6020599913279625
840 1.6020599913279625
841 1.4771212547196624
844 1.0
845 1.6989700043360187
846 1.3010299956639813
848 1.6020599913279625
850 1.6989700043360187
851 1.9030899869919435
852 1.0
854 1.4771212547196624
855 1.6020599913279625
859 1.0
861 2.4313637641589874
866 1.0
867 1.3010299956639813
868 2.0
869 2.0
870 1.3010299956639813
871 1.3010299956639813
872 1.3010299956639813
876 1.0
877 1.3010299956639813
878 1.4771212547196624
880 2.3010299956639813
887 1.3010299956639813
889 2.230448921378274
890 2.230448921378274
893 1.4771212547196624
895 1.7781512503836436
897 1.0
903 2.1760912590556813
910 1.3010299956639813
911 1.845098040014257
917 1.3010299956639813
922 1.3010299956639813
923 1.3010299956639813
924 2.0
926 1.0
927 1.4771212547196624
929 1.4771212547196624
938 1.0
940 1.0
947 1.0
950 1.7781512503836436
954 1.4771212547196624
961 1.9030899869919435
962 1.9542425094393248
964 2.079181246047625
965 1.4771212547196624
968 1.3010299956639813
969 1.0
979 1.0
981 1.0
989 1.0
990 1.6989700043360187
993 1.0
994 1.4771212547196624
995 1.4771212547196624
996 1.0
1002 1.6020599913279625
1005 1.0
1008 1.0
1019 1.0
1021 1.0
1025 1.6020599913279625
1027 1.0
1032 1.6989700043360187
1033 1.0
1035 1.0
1037 1.0
1038 1.6020599913279625
1039 1.0
1041 1.0
1043 1.3010299956639813
1044 1.0
1045 1.0
1047 1.4771212547196624
1048 1.7781512503836436
1050 1.4771212547196624
1051 2.4313637641589874
1055 2.0
1056 1.7781512503836436
1060 1.0
1062 1.0
1065 1.3010299956639813
1070 1.4771212547196624
1072 1.0
1073 1.6989700043360187
1080 1.3010299956639813
1081 1.4771212547196624
1083 1.0
1085 1.0
1086 1.3010299956639813
1089 1.0
1090 1.0
1094 1.7781512503836436
1095 1.0
1105 1.3010299956639813
1106 1.3010299956639813
1114 1.0
1117 1.4771212547196624
1118 1.4771212547196624
1119 1.0
1120 1.0
1121 1.4771212547196624
1123 1.0
1126 1.0
1129 1.4771212547196624
1130 1.4771212547196624
1140 1.0
1152 1.3010299956639813
1153 1.6020599913279625
1157 1.0
1159 1.0
1160 1.4771212547196624
1161 1.0
1164 1.3010299956639813
1165 1.0
1178 1.0
1179 1.3010299956639813
1185 1.0
1188 1.3010299956639813
1189 1.0
1192 1.0
1193 1.3010299956639813
1198 1.0
1201 1.0
1218 1.6989700043360187
1220 1.0
1228 1.3010299956639813
1232 1.4771212547196624
1233 1.0
1238 1.0
1243 1.4771212547196624
1245 1.4771212547196624
1249 1.0
1251 1.6020599913279625
1252 1.0
1255 1.3010299956639813
1257 1.0
1258 1.4771212547196624
1259 1.845098040014257
1263 1.0
1268 1.9030899869919435
1270 1.7781512503836436
1272 1.4771212547196624
1273 1.3010299956639813
1280 1.4771212547196624
1281 1.6020599913279625
1282 1.0
1284 1.3010299956639813
1285 1.845098040014257
1286 1.4771212547196624
1287 1.3010299956639813
1289 1.3010299956639813
1290 1.0
1292 1.0
1293 1.6020599913279625
1295 1.0
1300 1.0
1302 1.0
1303 1.4771212547196624
1304 1.845098040014257
1305 1.6989700043360187
1308 1.4771212547196624
1309 1.0
1310 1.0
1311 1.4771212547196624
1312 1.0
1313 2.079181246047625
1314 1.0
1315 1.6020599913279625
1317 1.845098040014257
1319 1.0
1320 1.7781512503836436
1321 1.7781512503836436
1322 1.0
1324 1.0
