18 1.4771212547196624
30 1.0
54 1.0
74 1.3010299956639813
82 1.4771212547196624
107 1.0
143 1.3010299956639813
163 1.0
253 1.0
256 1.4771212547196624
264 1.3010299956639813
266 1.3010299956639813
272 1.0
294 1.0
310 1.0
314 1.0
373 1.0
382 1.0
398 1.0
417 1.0
425 1.0
435 1.0
440 1.0
510 1.0
521 1.3010299956639813
543 1.3010299956639813
544 1.3010299956639813
560 1.0
567 1.0
575 1.0
593 1.0
596 1.0
599 1.0
624 1.0
645 1.0
648 1.3010299956639813
651 1.0
662 1.0
664 1.6020599913279625
698 1.0
708 1.0
773 1.0
782 1.0
839 1.0
840 1.0
871 1.0
906 1.3010299956639813
916 1.0
940 1.0
941 2.0
951 1.0
977 1.0
993 1.4771212547196624
1001 1.0
1059 1.0
1072 1.3010299956639813
1086 1.0
1087 1.9030899869919435
1109 1.0
1153 1.0
1163 1.0
1175 1.0
1188 1.0
1210 1.0
1314 1.0
