0 1.3010299956639813
14 1.0
20 1.0
21 1.3010299956639813
22 1.0
43 1.0
54 1.0
59 1.0
60 1.0
62 1.0
81 1.6989700043360187
86 1.6020599913279625
88 1.0
95 1.0
96 1.6020599913279625
98 1.3010299956639813
108 1.0
110 1.0
129 1.0
138 1.845098040014257
139 1.0
142 1.0
148 1.3010299956639813
149 1.0
154 1.0
191 1.0
195 1.3010299956639813
234 1.0
238 1.0
241 1.4771212547196624
245 2.079181246047625
247 1.0
251 1.0
261 1.0
264 1.0
267 1.0
276 1.0
284 1.0
288 1.0
291 1.4771212547196624
294 1.0
298 1.0
317 1.0
319 1.3010299956639813
327 1.0
329 1.0
337 1.6020599913279625
353 2.0413926851582254
354 1.0
358 1.3010299956639813
360 1.3010299956639813
364 1.9542425094393248
367 1.0
368 1.0
373 1.3010299956639813
375 1.0
378 1.4771212547196624
383 1.0
388 1.0
396 1.0
398 1.0
399 1.3010299956639813
415 1.3010299956639813
431 1.0
432 1.0
439 1.4771212547196624
455 1.0
471 1.7781512503836436
488 1.0
498 1.0
503 1.3010299956639813
507 1.0
518 1.3010299956639813
534 1.6020599913279625
535 1.0
554 1.0
556 1.4771212547196624
558 1.0
566 2.230448921378274
568 1.4771212547196624
569 1.4771212547196624
586 1.3010299956639813
591 1.4771212547196624
597 1.0
598 1.0
602 1.6020599913279625
603 1.6020599913279625
604 1.0
630 1.7781512503836436
637 2.079181246047625
645 1.0
650 1.3010299956639813
651 1.0
671 1.0
674 1.4771212547196624
675 1.4771212547196624
677 1.4771212547196624
678 1.0
682 1.0
687 1.0
688 1.3010299956639813
691 1.4771212547196624
692 2.113943352306837
698 1.4771212547196624
705 1.7781512503836436
728 1.0
732 1.0
751 2.4471580313422194
764 1.0
770 1.0
779 1.0
783 1.0
788 1.0
797 1.0
801 1.0
823 1.0
834 1.0
835 1.0
841 1.0
856 1.3010299956639813
889 1.0
890 1.0
917 1.0
918 1.0
932 1.0
950 1.3010299956639813
954 1.0
965 1.3010299956639813
969 1.0
986 1.3010299956639813
1005 1.0
1019 1.7781512503836436
1021 1.845098040014257
1032 1.0
1033 1.6989700043360187
1036 1.0
1041 1.0
1043 1.0
1048 1.6989700043360187
1054 1.3010299956639813
1059 1.845098040014257
1081 1.0
1092 2.0
1099 1.0
1127 1.0
1128 1.0
1129 1.6989700043360187
1130 1.6989700043360187
1143 1.0
1144 1.0
1145 1.0
1146 1.0
1147 1.4771212547196624
1148 1.4771212547196624
1155 1.0
1156 1.3010299956639813
1160 1.0
1168 1.0
1216 1.0
1218 1.0
