3 1.6020599913279625
28 1.0
58 1.0
65 1.0
71 1.4771212547196624
74 1.0
84 1.0
93 1.4771212547196624
101 1.3010299956639813
103 1.0
104 1.6989700043360187
107 1.6989700043360187
116 1.0
118 1.0
132 1.3010299956639813
141 1.0
148 1.6020599913279625
157 1.0
176 1.7781512503836436
185 1.0
191 1.3010299956639813
194 1.0
207 1.0
234 1.0
236 1.4771212547196624
237 1.4771212547196624
239 1.3010299956639813
245 1.0
270 1.0
273 1.3010299956639813
276 1.3010299956639813
305 1.0
307 1.0
314 1.0
317 1.3010299956639813
329 1.0
337 1.0
354 1.3010299956639813
364 1.0
371 1.0
373 1.0
376 1.0
377 1.3010299956639813
388 1.3010299956639813
404 1.0
430 1.0
443 1.0
566 1.7781512503836436
586 1.845098040014257
596 1.0
625 1.3010299956639813
637 1.0
640 1.3010299956639813
643 1.0
656 2.079181246047625
666 1.3010299956639813
669 1.7781512503836436
670 1.9542425094393248
671 1.7781512503836436
696 1.4771212547196624
697 1.6020599913279625
698 1.0
699 1.4771212547196624
700 1.3010299956639813
743 1.6020599913279625
765 1.6989700043360187
767 1.6020599913279625
783 1.3010299956639813
789 1.6020599913279625
797 1.3010299956639813
800 1.0
804 1.4771212547196624
824 1.0
825 1.0
872 1.4771212547196624
913 1.0
926 1.7781512503836436
933 1.0
941 1.3010299956639813
948 1.6989700043360187
958 1.3010299956639813
959 1.0
964 1.3010299956639813
965 1.0
975 1.0
976 1.0
981 1.3010299956639813
994 1.4771212547196624
1002 1.0
1054 1.0
1059 1.6989700043360187
1078 1.0
1091 1.3010299956639813
1139 1.0
1140 1.6020599913279625
1145 1.0
1146 1.0
1157 1.0
1165 1.0
1193 1.0
1204 1.0
1305 1.0
1314 1.0
