15 1.0
16 1.6020599913279625
20 1.0
21 1.0
37 1.0
38 1.3010299956639813
55 1.3010299956639813
80 1.3010299956639813
81 1.3010299956639813
83 1.0
85 1.0
92 1.0
94 1.0
96 1.0
101 1.0
107 1.3010299956639813
109 1.3010299956639813
110 1.0
122 1.0
135 1.0
138 1.4771212547196624
139 1.3010299956639813
145 1.845098040014257
146 1.0
148 1.3010299956639813
150 1.3010299956639813
162 1.0
175 1.0
176 1.3010299956639813
188 1.0
192 1.0
193 1.4771212547196624
196 1.0
198 1.0
202 1.3010299956639813
236 1.3010299956639813
241 1.4771212547196624
250 1.0
254 1.0
257 1.0
261 1.0
263 1.0
274 1.0
282 1.0
283 1.0
289 1.0
290 1.0
294 1.0
300 1.6989700043360187
303 1.3010299956639813
315 1.3010299956639813
317 1.0
324 1.3010299956639813
328 1.0
335 1.3010299956639813
342 1.0
346 1.3010299956639813
368 1.0
383 1.0
396 1.4771212547196624
398 1.4771212547196624
401 1.3010299956639813
407 1.0
416 1.4771212547196624
417 1.0
419 1.0
432 1.0
433 1.0
438 1.3010299956639813
457 1.0
473 1.0
477 1.3010299956639813
496 1.6020599913279625
497 1.0
498 1.0
499 1.0
505 1.0
518 1.0
528 1.0
535 1.4771212547196624
539 1.3010299956639813
540 1.0
550 1.0
566 1.3010299956639813
570 1.0
575 1.0
586 1.7781512503836436
589 1.0
591 1.3010299956639813
592 1.0
602 1.3010299956639813
603 1.3010299956639813
623 1.3010299956639813
625 1.0
630 1.0
651 1.0
680 1.0
682 1.4771212547196624
687 1.3010299956639813
689 1.6989700043360187
692 1.3010299956639813
694 1.3010299956639813
697 1.4771212547196624
699 1.0
704 1.0
711 1.0
717 1.6020599913279625
726 1.0
727 1.0
735 1.0
743 1.4771212547196624
748 1.3010299956639813
751 1.3010299956639813
758 1.0
761 1.0
765 1.4771212547196624
767 1.0
771 1.0
772 1.3010299956639813
779 1.0
787 1.3010299956639813
789 1.0
792 1.4771212547196624
795 1.4771212547196624
799 1.0
806 1.4771212547196624
826 1.0
829 1.3010299956639813
830 1.3010299956639813
832 1.0
833 1.0
845 1.0
846 1.0
847 1.0
849 1.0
850 1.0
860 1.3010299956639813
865 1.0
873 1.3010299956639813
880 1.0
885 1.3010299956639813
895 1.0
899 1.0
901 1.0
914 1.0
924 1.0
926 1.6989700043360187
929 1.0
935 1.3010299956639813
939 1.3010299956639813
948 1.4771212547196624
950 1.3010299956639813
957 1.0
963 1.6989700043360187
967 1.0
969 1.0
973 1.3010299956639813
974 1.3010299956639813
978 1.0
980 1.0
981 1.0
982 1.0
991 1.845098040014257
996 1.6020599913279625
999 1.0
1005 1.3010299956639813
1016 1.9030899869919435
1022 2.0
1028 1.3010299956639813
1048 1.3010299956639813
1049 1.0
1059 1.6020599913279625
1070 1.0
1074 1.0
1075 1.0
1086 1.3010299956639813
1088 1.0
1091 1.0
1093 1.0
1096 1.0
1104 1.3010299956639813
1105 1.0
1106 1.0
1110 1.0
1114 1.0
1115 1.0
1116 1.0
1117 1.6989700043360187
1118 1.6989700043360187
1127 1.0
1128 1.0
1129 1.7781512503836436
1130 1.7781512503836436
1131 1.3010299956639813
1132 1.3010299956639813
1137 1.0
1138 1.0
1140 1.4771212547196624
1141 1.0
1142 1.0
1147 1.3010299956639813
1148 1.3010299956639813
1150 1.9030899869919435
1153 1.3010299956639813
1155 1.845098040014257
1156 1.0
1158 1.0
1189 1.3010299956639813
1213 1.0
1217 1.3010299956639813
1218 1.0
1232 1.0
1234 1.3010299956639813
1238 1.0
1246 1.3010299956639813
1258 1.3010299956639813
1287 1.0
1289 1.0
1294 1.3010299956639813
1306 1.6989700043360187
1313 1.0
1322 1.0
