6 1.0
22 1.6020599913279625
39 1.6020599913279625
41 1.4771212547196624
58 1.4771212547196624
64 1.6020599913279625
92 1.3010299956639813
107 1.0
125 1.4771212547196624
127 1.4771212547196624
128 1.3010299956639813
132 1.4771212547196624
138 1.3010299956639813
142 1.6989700043360187
153 1.7781512503836436
176 1.3010299956639813
177 2.079181246047625
192 2.113943352306837
197 1.845098040014257
206 1.3010299956639813
220 1.6989700043360187
245 1.3010299956639813
270 1.845098040014257
273 1.7781512503836436
274 1.4771212547196624
297 1.4771212547196624
300 1.6989700043360187
304 1.6020599913279625
305 1.845098040014257
309 1.4771212547196624
311 1.3010299956639813
322 1.3010299956639813
323 1.6989700043360187
325 1.4771212547196624
333 1.4771212547196624
337 2.230448921378274
344 1.6989700043360187
345 1.0
346 1.6989700043360187
353 1.6989700043360187
354 1.4771212547196624
356 1.0
363 1.3010299956639813
364 2.380211241711606
365 1.0
367 2.0413926851582254
380 1.6020599913279625
381 1.6020599913279625
383 1.4771212547196624
384 1.6020599913279625
388 1.6020599913279625
399 1.4771212547196624
405 1.0
409 2.204119982655925
417 1.3010299956639813
430 1.0
440 1.0
441 1.0
442 1.6020599913279625
444 2.361727836017593
448 1.0
450 1.0
453 1.6989700043360187
459 1.4771212547196624
488 1.0
499 1.0
501 1.0
508 1.0
518 1.0
532 1.0
555 1.4771212547196624
580 1.6989700043360187
587 1.4771212547196624
614 1.4771212547196624
615 2.0
620 1.6020599913279625
630 1.845098040014257
634 1.0
635 1.6989700043360187
666 1.4771212547196624
688 1.7781512503836436
689 1.7781512503836436
698 1.3010299956639813
699 1.0
703 1.3010299956639813
705 1.4771212547196624
715 1.3010299956639813
721 1.6020599913279625
730 1.4771212547196624
743 1.6989700043360187
751 1.3010299956639813
765 1.3010299956639813
771 1.845098040014257
772 1.0
778 1.0
784 1.3010299956639813
787 1.0
789 1.3010299956639813
792 1.845098040014257
797 1.3010299956639813
799 1.0
800 1.0
802 1.6020599913279625
803 1.6020599913279625
804 1.7781512503836436
806 1.0
809 1.3010299956639813
824 2.0413926851582254
825 2.0413926851582254
832 1.7781512503836436
833 1.7781512503836436
836 1.0
838 1.3010299956639813
841 2.0
846 1.0
847 1.3010299956639813
848 1.4771212547196624
849 1.4771212547196624
852 1.0
854 1.3010299956639813
855 1.4771212547196624
859 1.4771212547196624
865 1.0
867 1.845098040014257
878 1.0
882 1.3010299956639813
884 1.0
886 1.0
887 1.0
892 1.0
894 1.6989700043360187
899 1.3010299956639813
906 1.6989700043360187
910 1.4771212547196624
912 1.3010299956639813
916 1.4771212547196624
917 1.845098040014257
920 1.0
924 1.0
925 1.0
926 1.6989700043360187
927 1.6020599913279625
930 1.0
934 1.4771212547196624
938 1.6989700043360187
942 2.1760912590556813
946 1.0
948 1.845098040014257
950 2.146128035678238
951 1.0
954 1.3010299956639813
956 1.0
958 1.0
959 1.4771212547196624
960 1.3010299956639813
961 1.4771212547196624
962 1.0
963 1.3010299956639813
964 1.6020599913279625
965 1.0
966 1.0
968 1.3010299956639813
969 1.3010299956639813
970 1.4771212547196624
974 1.4771212547196624
975 1.0
977 1.0
981 1.0
982 1.6020599913279625
983 1.6020599913279625
989 1.4771212547196624
990 1.4771212547196624
991 1.3010299956639813
993 1.3010299956639813
994 1.6989700043360187
995 1.3010299956639813
997 1.4771212547196624
998 1.0
999 1.6989700043360187
1000 1.6020599913279625
1002 1.845098040014257
1021 1.0
1026 2.146128035678238
1040 1.3010299956639813
1047 1.845098040014257
1048 1.6989700043360187
1065 1.6989700043360187
1066 1.0
1072 1.7781512503836436
1096 1.4771212547196624
1100 1.0
1105 1.6989700043360187
1106 1.6989700043360187
1111 1.0
1112 1.0
1143 1.3010299956639813
1144 1.3010299956639813
1155 1.0
1161 2.0
1185 1.3010299956639813
1188 1.4771212547196624
1193 1.4771212547196624
1217 1.3010299956639813
1234 1.6020599913279625
1236 1.6020599913279625
1239 1.3010299956639813
1243 1.3010299956639813
1256 1.3010299956639813
1268 1.0
1270 1.6989700043360187
1273 1.4771212547196624
1281 1.6020599913279625
1285 1.3010299956639813
1290 1.4771212547196624
1292 1.0
1294 1.845098040014257
1296 1.0
1302 1.6020599913279625
1304 1.4771212547196624
1309 1.9030899869919435
1311 1.3010299956639813
1316 1.4771212547196624
1318 2.146128035678238
1319 1.4771212547196624
1324 1.3010299956639813
