15 1.4771212547196624
32 1.0
39 1.0
73 1.0
93 1.0
94 1.0
174 1.0
176 1.0
190 1.0
221 1.0
228 1.3010299956639813
272 1.0
273 1.0
280 1.0
293 1.0
300 1.0
305 1.6989700043360187
351 1.0
375 1.0
376 1.0
386 1.6989700043360187
387 1.0
401 1.0
402 1.3010299956639813
421 1.3010299956639813
429 1.0
431 1.0
434 1.0
444 2.3222192947339195
453 1.4771212547196624
454 1.0
461 1.0
465 1.0
478 1.0
491 1.0
492 1.0
506 1.0
539 1.0
540 1.9542425094393248
543 1.3010299956639813
544 1.3010299956639813
550 1.6989700043360187
556 1.0
565 1.0
570 1.0
573 1.0
574 1.0
576 1.3010299956639813
597 1.0
598 1.0
602 1.0
603 1.0
608 1.0
611 1.6020599913279625
613 1.0
621 1.0
625 1.0
626 1.0
627 1.0
637 1.3010299956639813
639 1.0
645 1.4771212547196624
651 1.0
652 1.0
655 1.3010299956639813
657 1.4771212547196624
659 1.0
681 1.0
686 1.0
687 1.0
688 1.6020599913279625
692 1.0
694 1.0
695 1.0
701 1.0
704 1.0
708 1.0
710 1.0
713 1.845098040014257
723 1.0
731 1.7781512503836436
741 1.0
742 1.0
747 1.0
750 1.0
754 1.0
764 1.3010299956639813
767 1.4771212547196624
768 1.0
769 1.0
771 1.0
779 1.6020599913279625
783 1.0
809 1.0
812 1.3010299956639813
824 1.7781512503836436
825 1.7781512503836436
839 1.6989700043360187
840 1.6989700043360187
845 1.3010299956639813
850 1.0
855 1.0
870 1.3010299956639813
889 1.0
890 1.0
893 1.3010299956639813
896 1.0
902 1.0
904 1.0
906 1.4771212547196624
909 1.0
914 1.3010299956639813
929 1.0
937 1.3010299956639813
939 1.6020599913279625
948 1.6989700043360187
971 1.3010299956639813
985 1.3010299956639813
1002 1.0
1008 1.0
1010 1.0
1019 1.3010299956639813
1036 1.6989700043360187
1037 1.3010299956639813
1040 1.0
1060 1.0
1064 1.4771212547196624
1068 1.0
1078 1.0
1092 1.4771212547196624
1105 1.4771212547196624
1106 1.4771212547196624
1110 1.0
1121 1.0
1126 1.3010299956639813
1145 1.0
1146 1.0
1152 1.4771212547196624
1163 1.4771212547196624
1194 1.6020599913279625
1196 1.0
1200 1.0
1204 1.3010299956639813
1206 1.0
1209 1.0
1219 1.3010299956639813
1221 1.0
1248 1.0
1254 1.0
1310 1.0
1314 1.0
