7 1.0
9 1.0
11 1.0
13 1.6989700043360187
17 1.4771212547196624
25 1.0
31 1.0
32 1.4771212547196624
35 1.0
38 1.0
41 1.0
46 1.3010299956639813
47 1.0
48 1.3010299956639813
66 1.0
74 1.0
81 1.4771212547196624
84 1.6020599913279625
88 1.0
96 1.0
99 1.0
113 1.0
114 1.0
127 1.0
132 1.0
133 1.0
135 1.0
136 1.0
137 1.0
142 1.6020599913279625
148 1.6989700043360187
156 1.0
158 1.0
170 1.0
172 1.0
189 1.4771212547196624
195 1.6020599913279625
197 1.0
206 1.0
209 1.0
211 1.3010299956639813
214 1.0
220 1.3010299956639813
223 1.0
224 1.0
229 1.0
231 1.0
241 1.0
243 1.0
245 1.0
253 1.0
254 1.0
256 1.6020599913279625
259 1.3010299956639813
263 1.3010299956639813
268 1.0
272 1.7781512503836436
274 1.0
278 1.0
288 1.0
290 1.0
291 1.0
293 1.0
297 1.3010299956639813
302 1.845098040014257
310 1.0
313 1.3010299956639813
318 1.3010299956639813
323 1.6020599913279625
325 1.3010299956639813
329 1.0
337 1.0
341 1.0
346 1.4771212547196624
349 1.3010299956639813
363 1.0
364 1.4771212547196624
368 1.0
372 1.3010299956639813
374 1.3010299956639813
376 1.3010299956639813
380 1.4771212547196624
383 1.3010299956639813
384 1.0
389 1.0
390 1.0
396 1.3010299956639813
398 1.0
400 1.4771212547196624
408 1.0
411 1.0
414 1.0
415 1.4771212547196624
418 1.0
421 1.3010299956639813
423 1.0
429 1.3010299956639813
436 1.0
446 1.0
452 1.0
456 1.0
457 1.3010299956639813
458 1.0
462 1.0
474 1.0
491 1.0
497 1.6020599913279625
498 1.0
519 1.0
521 1.0
541 1.0
545 1.3010299956639813
549 1.0
553 1.6020599913279625
558 1.0
560 1.0
561 1.0
564 1.0
576 1.0
577 1.0
589 1.0
592 1.0
602 1.0
603 1.0
611 1.0
617 1.0
631 1.0
643 1.0
644 1.0
651 1.3010299956639813
682 1.4771212547196624
687 1.4771212547196624
689 1.4771212547196624
692 1.0
705 1.0
710 1.0
713 1.0
721 1.0
725 1.0
730 1.0
756 1.0
757 1.0
758 1.4771212547196624
768 1.0
770 1.0
773 1.0
779 1.3010299956639813
782 1.0
788 1.0
790 1.6020599913279625
796 1.0
820 1.0
823 1.0
824 1.0
825 1.0
837 1.3010299956639813
841 1.0
867 1.0
871 1.3010299956639813
882 1.0
895 1.0
896 1.0
897 1.0
898 1.0
903 1.0
907 1.0
912 1.0
922 2.4771212547196626
926 1.0
974 1.0
976 1.0
982 1.0
985 1.0
989 1.0
990 1.0
995 1.0
1007 1.0
1013 1.4771212547196624
1020 1.0
1032 1.0
1037 1.3010299956639813
1041 1.0
1047 1.6989700043360187
1048 1.0
1049 1.0
1050 1.3010299956639813
1052 1.0
1070 1.3010299956639813
1072 1.0
1074 1.0
1075 1.0
1078 1.0
1086 1.0
1090 1.0
1096 1.0
1099 1.0
1104 1.3010299956639813
1105 1.0
1106 1.0
1117 1.0
1118 1.0
1127 1.0
1128 1.0
1131 1.0
1132 1.0
1134 1.0
1149 1.0
1150 1.0
1152 1.0
1160 1.0
1162 1.0
1171 1.0
1172 1.0
1182 1.0
1194 1.0
1203 1.0
1206 1.3010299956639813
1214 1.0
1228 1.0
1231 1.0
1235 1.0
1238 1.3010299956639813
1239 1.0
1241 1.3010299956639813
1243 1.0
1249 1.0
1259 1.0
1265 1.3010299956639813
1266 1.0
1267 1.6020599913279625
1272 1.0
1274 1.0
1293 1.0
1295 1.3010299956639813
1298 1.0
1307 1.0
1310 1.0
1313 1.0
1321 1.3010299956639813
1324 1.0
