7 1.0
10 1.4771212547196624
11 1.3010299956639813
12 1.6989700043360187
13 1.3010299956639813
14 1.0
18 2.0413926851582254
22 1.0
26 1.0
29 1.3010299956639813
32 1.0
47 1.3010299956639813
54 2.113943352306837
58 1.0
64 1.3010299956639813
65 1.9030899869919435
68 1.0
73 1.6020599913279625
86 1.0
87 1.0
94 2.255272505103306
113 1.3010299956639813
114 1.3010299956639813
119 1.0
132 1.0
137 1.0
140 1.0
144 1.0
156 1.3010299956639813
157 1.0
186 1.0
190 1.0
193 2.1760912590556813
199 1.0
203 1.0
204 1.4771212547196624
228 1.3010299956639813
234 2.0413926851582254
237 1.0
239 1.3010299956639813
251 1.0
253 1.0
261 1.3010299956639813
264 1.0
265 1.3010299956639813
273 1.3010299956639813
276 1.0
277 1.3010299956639813
280 2.204119982655925
289 1.0
302 1.0
309 1.3010299956639813
310 1.3010299956639813
314 1.3010299956639813
337 1.3010299956639813
344 1.0
346 1.0
354 1.0
361 1.0
364 1.0
367 1.0
374 1.0
375 1.0
376 1.0
388 1.3010299956639813
392 1.4771212547196624
399 1.0
402 1.3010299956639813
408 1.3010299956639813
410 1.0
417 1.0
423 1.0
424 1.0
425 1.0
429 1.6989700043360187
436 1.0
442 1.4771212547196624
449 1.3010299956639813
452 2.3010299956639813
467 1.0
473 1.0
474 1.0
498 1.4771212547196624
504 1.0
506 1.0
535 1.3010299956639813
540 1.3010299956639813
541 1.0
543 1.3010299956639813
544 1.3010299956639813
573 1.0
574 1.0
575 1.6020599913279625
576 1.0
577 1.4771212547196624
578 1.0
588 1.9542425094393248
591 1.0
592 1.7781512503836436
604 1.0
611 1.3010299956639813
622 1.845098040014257
626 1.0
638 1.3010299956639813
643 2.113943352306837
645 1.0
652 2.0413926851582254
653 1.3010299956639813
657 1.4771212547196624
662 1.3010299956639813
664 1.3010299956639813
665 1.0
668 1.845098040014257
669 1.0
674 1.0
675 1.0
677 1.0
678 1.0
689 1.3010299956639813
690 1.6989700043360187
691 2.113943352306837
692 1.3010299956639813
694 1.845098040014257
696 2.230448921378274
698 1.0
701 1.3010299956639813
702 1.0
704 1.0
708 1.0
710 1.0
711 1.0
713 1.0
721 1.0
724 1.0
742 1.845098040014257
743 1.4771212547196624
749 1.845098040014257
750 1.6020599913279625
753 1.0
756 1.0
759 1.4771212547196624
760 1.3010299956639813
764 1.0
769 1.0
770 1.0
779 1.0
781 1.0
794 1.0
795 2.361727836017593
797 1.0
802 1.0
803 1.0
810 1.0
812 1.4771212547196624
813 1.3010299956639813
815 1.9030899869919435
824 1.4771212547196624
825 1.4771212547196624
839 1.0
840 1.0
841 1.0
845 1.6020599913279625
851 1.6989700043360187
859 1.3010299956639813
866 1.3010299956639813
868 1.845098040014257
869 1.845098040014257
870 1.0
889 1.4771212547196624
890 1.4771212547196624
893 1.845098040014257
895 1.4771212547196624
899 1.0
901 1.6020599913279625
906 1.0
922 1.4771212547196624
927 1.0
929 1.0
931 1.7781512503836436
935 1.0
941 1.0
948 1.0
950 2.0413926851582254
957 1.3010299956639813
983 1.0
988 1.4771212547196624
994 1.3010299956639813
1002 1.4771212547196624
1003 1.0
1008 1.4771212547196624
1014 1.9542425094393248
1017 1.3010299956639813
1022 1.3010299956639813
1028 1.3010299956639813
1030 1.0
1032 1.0
1036 1.6020599913279625
1037 1.3010299956639813
1038 1.3010299956639813
1042 1.3010299956639813
1043 1.0
1045 1.0
1054 1.0
1061 1.3010299956639813
1065 1.4771212547196624
1067 1.0
1071 1.845098040014257
1072 1.3010299956639813
1079 1.3010299956639813
1082 1.3010299956639813
1084 1.3010299956639813
1086 1.4771212547196624
1088 1.3010299956639813
1091 1.0
1093 1.6020599913279625
1096 1.0
1113 2.0413926851582254
1115 1.7781512503836436
1116 1.7781512503836436
1119 1.3010299956639813
1121 1.0
1122 1.3010299956639813
1124 1.0
1129 1.4771212547196624
1130 1.4771212547196624
1141 1.0
1142 1.0
1143 1.0
1144 1.0
1152 1.0
1160 1.0
1162 1.0
1163 1.0
1164 1.0
1167 1.4771212547196624
1168 1.0
1170 1.3010299956639813
1171 1.4771212547196624
1172 1.3010299956639813
1174 1.0
1175 1.0
1179 1.0
1180 1.3010299956639813
1181 1.3010299956639813
1188 1.3010299956639813
1192 1.0
1193 1.0
1196 1.3010299956639813
1199 1.0
1201 1.4771212547196624
1204 1.3010299956639813
1205 1.0
1206 1.0
1210 1.3010299956639813
1211 1.6989700043360187
1213 1.4771212547196624
1217 1.0
1218 1.0
1220 1.3010299956639813
1224 1.0
1225 1.0
1229 1.3010299956639813
1232 1.0
1235 1.0
1236 1.0
1237 1.0
1261 1.0
1266 1.0
1279 1.0
1283 1.0
1304 1.0
1307 1.3010299956639813
