7 1.0
11 1.0
17 1.0
20 1.0
30 1.0
54 1.0
58 1.0
64 1.0
69 1.3010299956639813
72 1.4771212547196624
75 1.0
77 1.0
89 1.0
93 1.3010299956639813
97 1.0
103 1.0
104 1.0
108 1.0
138 1.0
158 1.3010299956639813
165 1.0
171 1.3010299956639813
173 1.0
189 1.0
191 1.0
193 1.0
197 1.0
198 1.0
199 1.3010299956639813
227 1.0
231 1.6989700043360187
237 1.0
242 1.0
247 1.0
258 1.4771212547196624
263 1.0
264 1.0
266 1.3010299956639813
270 1.0
276 1.0
281 1.0
295 1.0
305 1.0
312 1.0
313 1.0
319 1.3010299956639813
322 1.0
326 1.0
327 1.0
334 1.0
348 1.3010299956639813
349 1.0
364 1.3010299956639813
367 1.0
379 1.0
388 1.0
399 1.0
407 1.6989700043360187
415 1.0
422 1.0
435 1.6020599913279625
444 1.0
453 1.0
459 1.0
497 1.0
506 1.0
520 1.0
524 1.0
534 1.4771212547196624
555 1.0
578 1.0
579 1.3010299956639813
580 1.4771212547196624
593 1.0
594 1.3010299956639813
595 1.0
601 1.0
607 1.3010299956639813
615 1.0
620 1.0
640 1.0
643 1.0
644 1.0
665 1.0
669 1.3010299956639813
672 1.3010299956639813
688 1.0
694 1.3010299956639813
697 1.6020599913279625
717 1.0
721 1.0
737 1.6020599913279625
739 1.6020599913279625
749 1.0
751 1.0
764 1.0
774 1.0
776 1.3010299956639813
779 1.0
814 1.0
820 1.0
841 1.0
851 1.3010299956639813
855 1.0
864 1.7781512503836436
867 1.0
870 1.0
885 1.3010299956639813
900 1.3010299956639813
905 1.6989700043360187
907 1.0
918 1.3010299956639813
926 1.0
964 1.3010299956639813
970 1.0
991 1.0
996 1.0
1001 1.0
1005 1.0
1009 1.4771212547196624
1011 1.3010299956639813
1012 1.3010299956639813
1013 1.0
1015 1.4771212547196624
1016 1.4771212547196624
1018 1.4771212547196624
1019 1.3010299956639813
1020 1.0
1026 1.0
1035 1.7781512503836436
1038 1.0
1048 1.0
1054 1.845098040014257
1055 1.0
1057 1.4771212547196624
1058 1.4771212547196624
1069 1.7781512503836436
1072 1.0
1078 1.0
1098 1.4771212547196624
1103 1.0
1123 1.0
1127 1.3010299956639813
1128 1.3010299956639813
1129 1.4771212547196624
1130 1.4771212547196624
1133 1.0
1134 1.0
1137 1.3010299956639813
1138 1.3010299956639813
1139 2.146128035678238
1140 2.1760912590556813
1141 1.4771212547196624
1142 1.4771212547196624
1145 1.3010299956639813
1146 1.3010299956639813
1147 1.3010299956639813
1148 1.3010299956639813
1149 1.4771212547196624
1150 1.4771212547196624
1156 1.0
1159 1.0
1164 1.3010299956639813
1189 1.3010299956639813
1198 1.0
1215 1.3010299956639813
1220 1.0
1222 1.0
1227 1.3010299956639813
1229 1.3010299956639813
1234 1.4771212547196624
1236 1.3010299956639813
1242 1.3010299956639813
1246 1.0
1247 1.0
1248 1.0
1258 1.0
1269 1.0
1270 1.0
1277 1.3010299956639813
1285 1.0
1286 1.0
1288 1.3010299956639813
1294 1.3010299956639813
1302 1.0
1305 1.0
1309 1.3010299956639813
1312 1.0
1313 1.0
1318 1.0
