24 1.0
32 1.0
34 1.0
79 1.3010299956639813
83 1.0
84 1.0
113 1.0
114 1.0
118 1.0
209 1.0
216 1.0
260 1.0
314 1.0
353 1.0
394 1.0
411 1.0
420 1.0
424 1.0
464 1.0
476 1.0
481 1.3010299956639813
487 1.6020599913279625
494 1.3010299956639813
498 1.3010299956639813
517 1.0
524 1.0
577 1.0
589 1.0
592 1.0
716 1.0
723 1.0
743 1.0
785 1.0
794 1.0
797 1.3010299956639813
830 1.0
832 1.0
833 1.0
837 1.0
885 1.0
897 1.0
904 1.0
929 1.0
941 1.4771212547196624
943 1.0
944 1.0
949 1.0
974 1.3010299956639813
982 1.0
1007 1.0
1028 1.0
1038 1.0
1117 1.0
1118 1.0
1185 1.0
1261 1.0
1313 1.4771212547196624
