83 1.0
100 2.146128035678238
237 1.6020599913279625
238 1.0
245 1.6020599913279625
247 1.0
319 1.7781512503836436
330 1.3010299956639813
362 1.4771212547196624
399 1.0
443 1.7781512503836436
573 1.0
574 1.0
576 1.3010299956639813
640 1.6020599913279625
656 1.6020599913279625
665 1.0
669 1.9030899869919435
670 1.9542425094393248
677 1.0
715 1.6989700043360187
772 1.0
793 1.3010299956639813
802 1.6020599913279625
803 1.6020599913279625
809 1.0
814 1.6020599913279625
821 1.0
824 1.3010299956639813
825 1.3010299956639813
888 1.0
973 1.0
1078 1.0
1086 1.0
1139 1.7781512503836436
1140 1.9030899869919435
1206 1.0
1235 1.7781512503836436
1261 1.0
1283 1.0
1287 1.9542425094393248
1290 1.3010299956639813
1291 1.3010299956639813
