9 1.4771212547196624
15 1.0
20 1.3010299956639813
24 1.0
25 1.0
42 1.3010299956639813
45 2.0
47 1.3010299956639813
54 1.0
56 1.0
58 1.0
59 1.0
60 1.0
62 1.6020599913279625
65 1.3010299956639813
69 1.0
72 1.0
73 1.0
74 1.3010299956639813
79 1.3010299956639813
80 1.0
85 1.3010299956639813
86 1.4771212547196624
88 1.4771212547196624
95 1.0
96 1.4771212547196624
99 1.4771212547196624
103 1.0
106 1.6989700043360187
107 2.0413926851582254
108 1.0
110 1.7781512503836436
113 1.0
114 1.0
116 1.845098040014257
119 1.3010299956639813
125 1.0
126 1.3010299956639813
127 1.0
133 1.0
139 1.7781512503836436
142 1.0
143 1.6020599913279625
145 1.3010299956639813
146 1.0
148 1.0
152 1.3010299956639813
154 1.0
157 1.0
166 1.0
185 1.4771212547196624
189 1.3010299956639813
191 1.4771212547196624
194 1.4771212547196624
200 1.6020599913279625
201 1.6020599913279625
212 1.3010299956639813
230 1.6989700043360187
233 1.0
237 1.0
244 1.845098040014257
245 1.0
258 1.3010299956639813
261 1.3010299956639813
269 1.3010299956639813
270 1.3010299956639813
273 1.4771212547196624
274 2.278753600952829
275 1.4771212547196624
276 1.0
277 1.0
279 1.6020599913279625
280 1.4771212547196624
281 1.4771212547196624
283 1.4771212547196624
284 1.3010299956639813
288 1.4771212547196624
289 1.0
290 1.0
296 1.4771212547196624
297 1.0
298 1.4771212547196624
300 1.0
301 1.0
304 1.0
306 2.0413926851582254
314 1.0
315 1.845098040014257
318 1.0
320 1.3010299956639813
324 1.3010299956639813
325 1.3010299956639813
326 1.3010299956639813
327 1.0
329 1.0
331 1.0
336 1.3010299956639813
337 2.0413926851582254
343 1.0
344 1.0
349 1.0
350 1.0
353 1.9542425094393248
354 2.204119982655925
355 1.0
363 1.0
364 1.7781512503836436
367 1.4771212547196624
371 1.0
374 1.3010299956639813
396 1.845098040014257
397 1.0
398 1.0
400 1.3010299956639813
407 1.0
412 1.0
413 1.3010299956639813
422 1.0
423 1.3010299956639813
428 1.3010299956639813
439 1.0
443 1.6020599913279625
447 1.0
449 1.0
450 1.3010299956639813
460 1.7781512503836436
465 1.6020599913279625
468 1.0
470 1.3010299956639813
471 1.4771212547196624
482 1.4771212547196624
483 1.0
489 1.0
491 1.0
494 1.4771212547196624
497 1.0
499 1.3010299956639813
511 1.0
513 1.4771212547196624
514 1.0
516 1.3010299956639813
518 1.0
520 1.3010299956639813
523 1.6989700043360187
528 1.6020599913279625
564 1.0
565 1.0
566 1.4771212547196624
567 1.0
576 1.0
577 1.3010299956639813
580 1.0
584 1.0
585 1.0
586 1.6020599913279625
587 1.0
595 1.4771212547196624
596 1.3010299956639813
599 1.3010299956639813
602 1.0
603 1.0
607 1.3010299956639813
609 1.4771212547196624
615 1.845098040014257
619 1.3010299956639813
623 1.0
624 1.0
630 1.6020599913279625
635 1.0
636 1.6020599913279625
639 1.7781512503836436
641 1.0
643 1.6989700043360187
645 1.9542425094393248
648 1.9030899869919435
651 1.3010299956639813
653 1.3010299956639813
654 1.845098040014257
666 1.6020599913279625
687 1.7781512503836436
690 1.4771212547196624
694 1.4771212547196624
697 1.0
701 1.0
714 1.0
715 1.3010299956639813
717 1.0
724 1.0
725 1.0
728 1.4771212547196624
740 1.3010299956639813
741 1.0
752 1.4771212547196624
761 1.3010299956639813
764 1.0
770 1.0
771 1.845098040014257
774 1.4771212547196624
789 1.0
790 1.0
792 1.6020599913279625
794 1.4771212547196624
795 1.0
797 1.0
798 1.0
802 1.0
803 1.0
805 1.0
807 1.0
811 1.0
812 1.0
815 1.0
819 1.0
820 1.0
823 1.3010299956639813
827 1.0
834 1.0
835 1.0
837 1.0
839 1.6020599913279625
840 1.6020599913279625
841 1.6020599913279625
845 1.6020599913279625
846 1.0
848 1.6020599913279625
851 1.4771212547196624
852 1.0
855 1.0
863 1.0
868 1.845098040014257
869 1.845098040014257
872 1.3010299956639813
875 1.3010299956639813
877 1.0
878 1.0
879 1.6989700043360187
881 1.6989700043360187
889 1.6989700043360187
890 1.6989700043360187
893 1.845098040014257
901 1.0
903 1.0
906 1.3010299956639813
908 1.3010299956639813
910 1.3010299956639813
911 1.6020599913279625
912 1.0
917 1.6020599913279625
924 1.0
925 1.0
926 1.4771212547196624
927 1.4771212547196624
933 1.0
938 1.0
939 1.3010299956639813
941 1.0
952 1.0
954 1.845098040014257
959 1.0
960 1.0
961 1.4771212547196624
962 1.6989700043360187
963 1.3010299956639813
964 1.6989700043360187
965 1.3010299956639813
979 1.0
984 1.3010299956639813
993 1.0
994 1.0
995 1.3010299956639813
1005 1.6020599913279625
1008 1.3010299956639813
1013 1.3010299956639813
1027 1.0
1042 1.3010299956639813
1047 1.0
1048 1.3010299956639813
1050 1.3010299956639813
1054 1.3010299956639813
1055 1.0
1059 1.0
1065 1.0
1074 1.0
1075 1.0
1077 1.0
1095 1.3010299956639813
1096 1.4771212547196624
1121 1.0
1129 1.0
1130 1.0
1139 1.0
1140 1.0
1149 1.0
1150 1.0
1151 1.6020599913279625
1152 1.0
1153 1.0
1154 1.3010299956639813
1155 1.6020599913279625
1161 1.6989700043360187
1164 1.0
1165 1.6989700043360187
1173 1.3010299956639813
1174 1.4771212547196624
1182 1.3010299956639813
1194 1.0
1198 1.0
1225 1.3010299956639813
1227 1.0
1228 1.3010299956639813
1233 1.7781512503836436
1238 1.3010299956639813
1243 1.3010299956639813
1255 1.0
1266 1.3010299956639813
1271 1.0
1276 1.4771212547196624
1280 1.3010299956639813
1294 1.4771212547196624
1295 1.0
1302 1.6989700043360187
1305 1.9030899869919435
1309 1.3010299956639813
1311 1.4771212547196624
1315 1.4771212547196624
1318 1.4771212547196624
1320 1.3010299956639813
1321 1.4771212547196624
1322 1.0
1323 1.3010299956639813
1324 1.0
