2 1.6989700043360187
5 1.0
6 1.0
7 1.6989700043360187
11 1.0
12 1.0
13 1.0
14 1.0
17 1.4771212547196624
18 1.0
21 1.0
25 1.3010299956639813
30 1.0
33 1.0
38 1.3010299956639813
41 1.0
44 1.3010299956639813
45 1.3010299956639813
47 1.3010299956639813
50 1.0
53 1.0
55 1.0
58 1.0
62 1.4771212547196624
65 1.3010299956639813
68 1.0
69 1.9030899869919435
70 1.0
71 1.0
74 1.6989700043360187
75 1.3010299956639813
80 1.3010299956639813
93 1.0
94 1.3010299956639813
97 1.3010299956639813
101 1.4771212547196624
103 1.0
104 1.0
106 1.0
108 1.0
109 1.0
113 1.0
114 1.0
119 1.0
126 1.0
127 1.0
130 1.9542425094393248
132 1.3010299956639813
133 1.3010299956639813
138 1.0
139 1.0
140 1.3010299956639813
145 1.4771212547196624
148 1.3010299956639813
149 1.0
154 1.0
155 1.0
157 1.3010299956639813
161 1.3010299956639813
162 1.3010299956639813
163 1.0
167 1.3010299956639813
173 1.0
179 1.4771212547196624
180 1.3010299956639813
184 1.0
185 1.0
189 1.6020599913279625
193 1.0
197 1.0
207 1.0
211 1.4771212547196624
230 1.3010299956639813
231 1.0
234 1.0
237 1.0
245 1.0
258 1.0
262 1.4771212547196624
263 1.0
269 1.0
270 1.4771212547196624
275 1.0
276 1.4771212547196624
279 1.0
281 1.0
282 1.0
284 1.3010299956639813
287 1.0
289 1.3010299956639813
290 1.6989700043360187
294 1.3010299956639813
296 1.4771212547196624
298 1.0
302 1.0
303 1.0
304 1.0
306 1.0
319 1.6020599913279625
322 1.0
324 1.0
325 1.3010299956639813
326 1.0
327 1.9030899869919435
328 1.0
330 1.0
334 1.3010299956639813
341 1.0
346 1.0
348 1.0
349 1.3010299956639813
353 1.0
357 1.0
360 1.4771212547196624
362 1.0
364 1.6989700043360187
368 1.0
375 1.0
377 1.0
379 1.3010299956639813
380 1.3010299956639813
381 1.3010299956639813
384 1.3010299956639813
387 1.0
388 1.0
389 1.0
394 1.0
395 1.0
396 1.4771212547196624
397 1.0
400 1.4771212547196624
405 1.0
410 1.4771212547196624
413 1.0
418 1.4771212547196624
430 1.0
438 1.4771212547196624
439 1.3010299956639813
443 1.0
444 1.4771212547196624
445 1.7781512503836436
451 1.0
454 1.0
459 1.0
471 1.0
472 1.0
488 1.0
497 1.6020599913279625
503 1.6989700043360187
506 1.6020599913279625
508 1.0
520 1.0
524 1.0
534 1.3010299956639813
537 1.0
547 1.0
567 1.0
571 1.0
582 1.3010299956639813
583 1.3010299956639813
586 1.7781512503836436
596 1.7781512503836436
609 1.0
633 1.3010299956639813
640 1.3010299956639813
656 1.3010299956639813
664 1.0
669 1.3010299956639813
676 1.3010299956639813
678 1.3010299956639813
680 1.4771212547196624
682 1.845098040014257
687 1.0
689 1.0
690 1.3010299956639813
694 1.0
696 1.4771212547196624
697 1.0
698 1.3010299956639813
701 1.0
703 1.0
704 1.6989700043360187
705 1.0
706 1.0
711 1.0
715 1.0
721 1.3010299956639813
724 1.4771212547196624
725 1.0
727 1.0
731 1.0
733 1.3010299956639813
739 1.0
741 1.0
742 1.3010299956639813
748 1.0
749 1.0
764 1.0
769 1.3010299956639813
793 1.0
796 1.0
830 1.0
831 1.3010299956639813
841 1.0
848 1.0
856 1.0
858 1.3010299956639813
862 1.6020599913279625
866 1.0
868 1.3010299956639813
869 1.3010299956639813
872 1.0
875 1.3010299956639813
883 1.0
889 1.0
890 1.0
901 1.3010299956639813
927 1.0
932 1.0
939 1.0
943 1.0
944 1.0
1005 1.0
1014 1.0
1016 1.0
1019 1.0
1020 1.0
1021 1.0
1027 1.0
1028 1.0
1035 1.0
1040 1.0
1049 1.0
1051 1.6020599913279625
1052 1.0
1054 1.6020599913279625
1055 1.4771212547196624
1062 1.0
1064 1.0
1074 1.7781512503836436
1075 1.7781512503836436
1081 1.3010299956639813
1097 1.6020599913279625
1098 1.3010299956639813
1099 1.3010299956639813
1110 1.0
1114 1.6989700043360187
1115 1.0
1116 1.0
1127 1.6020599913279625
1128 1.6020599913279625
1129 1.7781512503836436
1130 1.7781512503836436
1135 1.0
1136 1.0
1139 1.6020599913279625
1140 1.6989700043360187
1141 1.3010299956639813
1142 1.3010299956639813
1145 1.0
1146 1.0
1147 1.6020599913279625
1148 1.6020599913279625
1149 1.0
1150 1.3010299956639813
1151 1.6989700043360187
1152 1.3010299956639813
1159 1.3010299956639813
1160 1.3010299956639813
1162 1.4771212547196624
1165 1.6989700043360187
1173 1.4771212547196624
1176 1.845098040014257
1177 1.3010299956639813
1179 1.6020599913279625
1181 1.0
1182 1.4771212547196624
1183 1.0
1184 1.0
1189 1.4771212547196624
1193 1.0
1197 1.0
1198 1.9542425094393248
1213 1.3010299956639813
1217 1.0
1227 1.0
1228 1.845098040014257
1231 1.6020599913279625
1234 1.4771212547196624
1235 1.6989700043360187
1236 1.3010299956639813
1238 1.0
1239 1.3010299956639813
1241 1.6020599913279625
1244 1.0
1247 1.4771212547196624
1259 1.0
1265 1.845098040014257
1266 2.079181246047625
1268 1.0
1272 1.0
1276 1.7781512503836436
1277 1.845098040014257
1293 1.0
1302 1.0
1312 1.0
1321 1.3010299956639813
