5 1.4771212547196624
8 1.0
22 1.3010299956639813
23 1.0
35 1.0
43 1.6989700043360187
64 1.3010299956639813
93 1.6020599913279625
187 1.0
192 1.3010299956639813
204 1.0
294 1.0
311 1.3010299956639813
316 1.3010299956639813
344 1.0
379 1.0
388 1.3010299956639813
423 1.0
429 1.3010299956639813
509 1.0
510 1.0
615 1.0
625 1.4771212547196624
630 1.4771212547196624
644 1.3010299956639813
686 1.0
723 1.0
769 1.3010299956639813
771 1.3010299956639813
775 1.0
781 1.0
784 1.0
787 1.0
789 1.0
791 1.3010299956639813
798 1.0
799 1.0
804 1.3010299956639813
817 1.0
818 1.0
832 1.0
833 1.0
846 1.0
847 1.3010299956639813
849 1.0
859 1.0
861 1.4771212547196624
867 1.0
878 1.0
884 1.0
887 1.0
888 1.0
891 1.0
894 1.0
899 1.3010299956639813
919 1.3010299956639813
924 1.0
940 1.0
943 1.7781512503836436
944 1.7781512503836436
945 1.0
947 1.0
950 1.6020599913279625
952 1.3010299956639813
962 1.0
966 1.0
969 1.0
975 1.0
993 1.4771212547196624
994 1.0
996 1.3010299956639813
997 1.4771212547196624
1002 1.0
1129 1.4771212547196624
1130 1.4771212547196624
1151 1.3010299956639813
1161 1.0
1162 1.7781512503836436
1163 1.0
1168 1.0
1181 1.0
1267 1.3010299956639813
1269 1.0
1281 1.0
1296 1.0
