5 1.0
7 1.0
21 1.4771212547196624
22 1.0
32 1.3010299956639813
45 1.4771212547196624
56 1.0
57 1.4771212547196624
65 1.0
69 1.0
71 1.0
74 1.3010299956639813
76 1.3010299956639813
79 1.0
94 1.0
108 1.6020599913279625
116 1.0
119 1.0
123 1.0
124 1.0
127 1.0
128 1.0
132 1.0
134 1.0
137 1.0
152 1.4771212547196624
157 1.6020599913279625
159 1.3010299956639813
163 1.0
171 1.0
182 1.3010299956639813
185 1.3010299956639813
191 1.6020599913279625
193 1.6020599913279625
194 1.3010299956639813
207 1.3010299956639813
216 1.3010299956639813
226 1.4771212547196624
228 1.0
231 1.0
237 1.0
270 1.0
276 1.6020599913279625
289 1.6020599913279625
292 1.0
313 1.3010299956639813
315 1.3010299956639813
316 1.0
319 1.0
325 1.0
330 1.6989700043360187
351 1.3010299956639813
364 1.0
384 1.3010299956639813
388 1.0
400 1.9030899869919435
417 1.0
422 1.0
429 1.0
434 1.0
437 1.0
442 1.0
444 1.0
445 1.0
448 1.0
449 1.6020599913279625
455 1.0
465 1.0
468 1.0
469 1.0
472 1.0
473 1.0
486 1.0
489 1.0
491 1.0
493 1.0
497 1.0
503 1.0
519 1.0
525 1.0
535 1.0
540 1.0
547 1.0
554 1.0
555 1.845098040014257
568 1.0
569 1.0
570 1.0
575 1.0
578 1.7781512503836436
584 1.3010299956639813
585 1.3010299956639813
589 1.0
592 1.0
622 1.4771212547196624
639 1.4771212547196624
642 1.7781512503836436
643 1.3010299956639813
645 1.0
650 1.0
652 1.0
653 1.0
682 1.0
684 1.3010299956639813
690 1.0
696 1.3010299956639813
697 1.0
698 1.0
710 1.0
711 1.0
724 1.3010299956639813
735 1.0
739 1.3010299956639813
741 1.0
742 1.3010299956639813
747 1.0
754 1.0
756 1.3010299956639813
769 1.0
774 1.0
788 1.3010299956639813
802 1.0
803 1.0
812 1.0
814 1.0
820 1.0
826 1.3010299956639813
837 1.7781512503836436
851 1.0
856 1.4771212547196624
861 1.3010299956639813
862 1.0
889 1.0
890 1.0
903 1.0
905 1.6020599913279625
914 1.0
926 1.3010299956639813
932 1.3010299956639813
949 1.0
950 1.3010299956639813
1005 1.6989700043360187
1006 1.0
1011 1.0
1012 1.0
1013 1.0
1015 1.3010299956639813
1016 1.3010299956639813
1019 1.3010299956639813
1020 1.4771212547196624
1047 1.0
1049 1.6020599913279625
1050 1.0
1054 1.0
1057 1.0
1058 1.0
1066 1.0
1077 1.0
1079 1.0
1085 1.0
1088 1.0
1089 1.0
1104 1.4771212547196624
1114 1.0
1115 1.0
1116 1.0
1119 1.6020599913279625
1123 1.0
1126 1.0
1129 1.3010299956639813
1130 1.3010299956639813
1139 1.7781512503836436
1140 1.7781512503836436
1143 1.0
1144 1.0
1151 1.0
1162 1.4771212547196624
1167 1.0
1169 1.3010299956639813
1173 1.3010299956639813
1182 1.9030899869919435
1192 1.0
1196 1.4771212547196624
1197 1.0
1199 1.0
1204 1.3010299956639813
1211 1.4771212547196624
1212 1.3010299956639813
1221 1.3010299956639813
1222 1.0
1225 1.0
1230 1.3010299956639813
1231 1.0
1232 1.0
1235 1.0
1237 1.0
1238 1.3010299956639813
1240 1.0
1242 1.3010299956639813
1243 1.0
1252 1.0
1266 1.3010299956639813
1275 1.0
1277 1.0
1280 1.0
1286 1.0
1288 1.3010299956639813
1289 1.0
1303 1.3010299956639813
1316 1.3010299956639813
