69 1.0
74 1.3010299956639813
94 1.0
107 1.3010299956639813
116 1.0
152 1.0
163 1.0
213 1.0
230 1.3010299956639813
236 1.0
254 1.0
270 1.4771212547196624
278 1.0
293 1.0
296 1.0
314 1.0
344 1.0
351 1.3010299956639813
359 1.0
376 1.0
388 1.0
445 1.0
537 1.0
559 1.0
588 1.0
589 1.0
610 1.0
652 1.0
694 1.4771212547196624
724 1.3010299956639813
731 1.3010299956639813
782 1.0
896 1.0
906 1.0
941 1.3010299956639813
1005 1.0
1035 1.0
1036 1.0
1060 1.0
1062 1.0
1070 1.0
1072 1.0
1073 1.0
1083 1.0
1098 1.3010299956639813
1119 1.0
1121 1.0
1124 1.0
1151 1.4771212547196624
1173 1.3010299956639813
1224 1.0
1227 1.0
1228 1.4771212547196624
1230 1.0
1231 1.6020599913279625
1235 1.6020599913279625
1241 1.3010299956639813
1266 1.6020599913279625
1277 2.0
