1 1.0
15 1.0
107 1.7781512503836436
138 1.0
185 1.0
190 1.0
200 1.0
201 1.0
208 1.3010299956639813
274 1.0
281 1.0
296 1.3010299956639813
301 1.4771212547196624
302 1.0
314 1.3010299956639813
367 1.0
408 1.3010299956639813
420 1.3010299956639813
424 1.0
540 1.3010299956639813
570 1.4771212547196624
571 1.4771212547196624
573 1.0
574 1.0
630 1.0
812 1.0
826 1.0
841 1.4771212547196624
845 1.0
934 1.0
963 1.3010299956639813
993 1.4771212547196624
996 1.3010299956639813
999 1.3010299956639813
1020 1.0
1059 1.0
1073 1.3010299956639813
1088 1.0
1129 1.0
1130 1.0
1283 2.57978359661681
1304 1.3010299956639813
