0 1.0
2 1.3010299956639813
5 1.3010299956639813
15 1.3010299956639813
21 1.0
34 1.0
58 1.0
69 1.0
77 1.0
79 1.0
117 1.0
118 1.0
125 1.0
148 1.0
157 1.0
171 1.0
174 1.0
176 1.0
178 1.0
192 1.4771212547196624
195 1.0
198 1.3010299956639813
211 1.0
222 1.3010299956639813
247 1.0
253 1.0
285 1.0
293 1.0
300 1.4771212547196624
302 1.0
310 1.0
317 1.0
319 1.9542425094393248
323 1.4771212547196624
334 1.0
344 1.6989700043360187
349 1.0
362 1.3010299956639813
364 1.0
381 1.0
383 1.0
386 1.4771212547196624
387 1.4771212547196624
399 1.6989700043360187
401 1.3010299956639813
404 1.0
415 1.3010299956639813
417 1.3010299956639813
422 1.0
433 1.845098040014257
434 1.3010299956639813
437 1.0
440 1.0
444 1.3010299956639813
445 1.0
448 1.0
450 1.0
459 1.3010299956639813
467 1.0
474 1.6020599913279625
479 1.0
494 1.0
500 1.3010299956639813
501 1.0
503 1.0
521 1.0
524 1.3010299956639813
531 1.0
534 1.4771212547196624
540 1.0
548 1.0
555 1.0
575 1.0
596 1.0
624 1.0
630 1.845098040014257
633 1.0
635 1.0
644 1.0
645 1.0
657 1.0
658 1.3010299956639813
664 1.0
666 1.0
669 1.4771212547196624
670 1.0
674 1.0
675 1.0
676 1.0
677 1.0
682 1.0
686 1.0
687 1.0
689 1.4771212547196624
694 1.0
696 1.0
700 1.0
718 1.0
724 1.0
739 1.0
749 1.0
771 1.4771212547196624
783 1.4771212547196624
787 1.0
792 1.0
800 1.0
804 1.3010299956639813
841 1.0
843 1.0
845 1.3010299956639813
850 1.0
859 1.3010299956639813
867 1.0
868 1.0
869 1.0
871 1.0
901 1.0
914 1.4771212547196624
915 1.0
918 1.0
930 1.0
942 1.0
948 1.0
950 1.0
969 1.0
983 1.0
1008 1.3010299956639813
1019 1.3010299956639813
1024 1.0
1039 1.0
1049 1.0
1066 1.0
1071 1.0
1080 1.0
1089 1.3010299956639813
1090 1.0
1103 1.0
1114 1.0
1127 1.0
1128 1.0
1129 1.0
1130 1.0
1133 1.0
1134 1.0
1143 1.0
1144 1.0
1159 1.0
1160 1.0
1165 1.0
1185 1.0
1189 1.0
1204 1.0
1214 1.0
1234 1.3010299956639813
1239 1.0
1241 1.0
1243 1.0
1266 1.0
1277 1.3010299956639813
1281 1.0
1285 1.6020599913279625
1289 1.9030899869919435
1290 1.3010299956639813
1294 1.3010299956639813
1304 1.3010299956639813
1305 1.0
1309 1.3010299956639813
1313 1.3010299956639813
1318 1.0
1320 1.0
1322 1.3010299956639813
