5 1.0
19 1.0
28 1.0
31 1.0
32 1.4771212547196624
37 1.0
39 1.0
48 1.0
56 1.0
58 1.0
61 1.0
86 1.0
91 1.3010299956639813
117 1.0
120 1.0
121 1.0
133 1.845098040014257
136 1.0
206 1.0
208 1.0
219 1.0
220 1.0
221 1.3010299956639813
222 1.0
223 1.0
226 1.0
238 1.0
241 1.0
244 1.3010299956639813
249 1.0
271 1.0
272 1.0
274 1.3010299956639813
278 1.0
285 1.0
307 1.4771212547196624
314 1.0
316 1.0
317 1.0
323 1.0
353 1.3010299956639813
360 1.7781512503836436
364 1.3010299956639813
378 1.0
390 1.0
393 1.0
394 1.0
400 1.0
402 1.4771212547196624
409 1.4771212547196624
425 1.0
429 1.4771212547196624
437 1.0
444 1.0
446 1.0
453 1.3010299956639813
454 1.0
463 1.0
467 1.0
476 1.0
480 1.4771212547196624
487 1.0
493 1.0
494 1.3010299956639813
495 1.3010299956639813
497 1.0
503 1.3010299956639813
506 1.0
510 1.0
521 1.0
527 1.3010299956639813
532 1.4771212547196624
542 1.0
543 1.0
544 1.0
550 1.4771212547196624
552 1.0
566 1.0
572 1.0
589 1.3010299956639813
615 1.0
622 1.0
624 1.0
625 1.0
630 1.0
634 1.0
656 1.0
659 1.0
679 1.0
685 1.0
686 1.3010299956639813
693 1.3010299956639813
695 1.0
702 1.0
707 1.0
718 1.0
719 1.0
723 1.0
742 1.0
745 1.0
784 1.0
785 1.0
802 1.3010299956639813
803 1.3010299956639813
807 1.0
821 1.0
827 1.3010299956639813
832 1.0
833 1.0
839 1.0
840 1.0
859 1.0
866 1.0
867 1.3010299956639813
871 1.0
872 1.0
884 1.0
885 1.0
895 1.0
896 1.0
901 1.0
923 1.0
926 1.3010299956639813
927 1.0
933 1.0
934 1.0
942 1.0
957 1.0
963 1.0
969 1.3010299956639813
972 1.0
976 1.0
977 1.0
979 1.0
981 1.3010299956639813
991 1.3010299956639813
1000 1.0
1001 1.0
1002 1.0
1013 1.0
1019 1.0
1029 1.0
1032 1.6020599913279625
1034 1.3010299956639813
1038 1.0
1039 1.3010299956639813
1040 1.0
1050 1.0
1055 2.681241237375587
1062 1.0
1065 1.0
1073 1.0
1078 1.0
1085 1.3010299956639813
1096 1.3010299956639813
1109 1.3010299956639813
1117 1.3010299956639813
1118 1.3010299956639813
1154 1.6020599913279625
1159 1.0
1183 1.0
1205 1.0
1238 1.0
1264 1.0
1269 1.6989700043360187
1270 1.0
1281 1.3010299956639813
1284 1.0
1285 1.0
1291 1.0
1302 1.4771212547196624
1314 1.0
1317 1.0
1324 1.0
