46 1.4771212547196624
62 1.0
95 1.0
107 1.0
136 1.0
157 1.0
238 1.0
243 1.0
259 1.0
327 1.3010299956639813
364 1.0
373 1.0
444 1.3010299956639813
455 1.0
464 1.0
466 1.0
521 1.0
541 1.0
547 1.0
571 1.3010299956639813
580 1.0
659 1.0
679 1.0
685 1.0
706 1.3010299956639813
724 1.0
730 1.0
731 1.0
744 1.3010299956639813
770 1.0
885 1.0
963 1.0
983 1.0
1045 1.0
1052 1.0
1063 1.0
1185 1.0
1193 1.3010299956639813
1235 1.0
1250 1.3010299956639813
1251 1.0
1265 1.0
1277 1.0
1278 1.0
1286 1.0
1289 1.3010299956639813
