0 1.0
3 1.0
14 1.0
24 1.0
25 1.0
34 1.0
37 1.0
41 1.0
47 1.0
50 1.0
53 1.0
54 1.0
59 1.0
60 1.0
69 1.3010299956639813
70 1.4771212547196624
73 1.0
75 1.0
77 1.3010299956639813
84 1.4771212547196624
97 1.3010299956639813
108 1.0
113 1.0
114 1.0
118 1.0
136 1.0
165 1.0
174 1.0
208 1.0
209 1.6020599913279625
211 1.3010299956639813
216 1.4771212547196624
217 1.0
220 1.0
223 1.0
237 1.0
243 1.0
244 1.0
247 1.3010299956639813
251 1.4771212547196624
256 1.3010299956639813
265 1.0
273 1.0
274 1.0
281 1.0
288 1.0
297 1.4771212547196624
306 1.3010299956639813
310 1.4771212547196624
314 1.3010299956639813
334 1.0
340 1.0
351 1.0
364 1.4771212547196624
373 1.4771212547196624
376 1.0
379 1.0
384 1.0
386 1.3010299956639813
387 1.3010299956639813
393 1.0
398 1.4771212547196624
400 1.0
402 1.4771212547196624
408 1.0
418 1.3010299956639813
425 1.0
440 1.4771212547196624
444 1.6989700043360187
447 1.0
455 1.4771212547196624
457 1.0
463 1.6020599913279625
475 1.0
478 1.0
482 1.6020599913279625
485 1.0
488 1.0
503 1.0
506 1.4771212547196624
522 1.0
531 1.0
532 1.0
535 1.0
541 1.0
543 1.3010299956639813
544 1.3010299956639813
545 1.0
548 1.0
553 1.0
558 1.3010299956639813
564 1.0
566 1.9030899869919435
572 1.0
573 1.3010299956639813
574 1.3010299956639813
584 1.6020599913279625
585 1.6020599913279625
586 1.0
592 1.0
599 1.0
600 1.0
601 1.0
602 1.0
603 1.0
605 1.0
606 1.0
608 1.0
611 1.3010299956639813
613 1.3010299956639813
614 1.0
626 1.3010299956639813
627 1.0
633 1.0
639 1.0
651 1.4771212547196624
659 1.3010299956639813
664 1.0
665 1.0
667 1.0
674 1.3010299956639813
675 1.3010299956639813
677 1.0
678 1.3010299956639813
682 1.0
686 1.3010299956639813
689 1.3010299956639813
694 1.0
698 1.0
700 1.0
703 1.3010299956639813
704 1.0
706 1.4771212547196624
707 1.3010299956639813
708 1.0
713 1.3010299956639813
721 1.0
722 1.0
723 1.6989700043360187
724 1.0
731 1.0
735 1.3010299956639813
738 1.0
742 1.7781512503836436
747 1.3010299956639813
754 1.6020599913279625
781 1.0
788 1.0
790 1.4771212547196624
805 1.0
812 1.0
815 1.0
832 1.0
833 1.0
841 1.4771212547196624
846 1.0
847 1.0
851 1.0
862 1.0
885 1.0
893 1.0
902 1.4771212547196624
906 1.0
915 1.0
918 1.0
922 1.0
929 1.0
930 1.0
939 1.0
948 1.0
959 1.0
982 1.0
1002 1.4771212547196624
1006 1.0
1007 1.0
1019 1.6989700043360187
1028 1.0
1032 1.0
1033 1.0
1038 1.0
1039 1.0
1040 1.0
1061 1.845098040014257
1065 1.3010299956639813
1072 1.0
1073 1.0
1079 1.3010299956639813
1092 1.6989700043360187
1096 1.3010299956639813
1105 1.0
1106 1.0
1111 1.0
1112 1.0
1117 1.0
1118 1.0
1147 1.0
1148 1.0
1149 1.3010299956639813
1150 1.3010299956639813
1156 1.6989700043360187
1177 1.3010299956639813
1185 1.0
1194 1.3010299956639813
1219 1.0
1221 1.3010299956639813
1227 1.3010299956639813
1237 1.0
1239 1.0
1243 1.3010299956639813
1257 1.0
1259 1.0
1261 1.6020599913279625
1263 1.3010299956639813
1265 1.0
1281 1.0
1289 1.3010299956639813
1290 1.0
1294 1.0
1296 1.3010299956639813
1298 1.0
1302 1.0
1304 1.3010299956639813
1313 1.0
1314 1.4771212547196624
1318 1.4771212547196624
