39 1.0
46 1.0
47 1.0
61 1.0
113 1.0
114 1.0
118 1.0
121 1.0
195 1.0
208 1.0
232 1.0
233 1.0
234 1.0
240 1.0
253 1.0
256 1.0
271 1.0
273 1.0
297 1.0
309 1.3010299956639813
314 1.0
350 1.0
352 1.0
409 1.0
421 1.3010299956639813
424 1.0
427 1.0
431 1.0
434 1.0
437 1.3010299956639813
449 1.3010299956639813
462 1.0
522 1.0
540 1.0
545 1.3010299956639813
558 1.0
561 1.0
566 1.0
570 1.0
584 1.0
585 1.0
611 1.0
613 1.6020599913279625
624 1.0
626 1.0
652 1.3010299956639813
688 1.0
689 1.0
691 1.0
704 1.0
715 1.0
748 1.0
750 1.3010299956639813
754 1.0
758 1.4771212547196624
760 1.0
761 1.0
769 1.0
794 1.0
801 1.0
812 1.0
815 1.0
839 1.0
840 1.0
850 1.0
871 1.0
989 1.3010299956639813
998 1.0
1008 1.0
1034 1.4771212547196624
1050 1.0
1065 1.0
1068 1.0
1071 1.0
1079 1.0
1080 1.0
1086 1.0
1102 1.0
1110 1.0
1126 1.0
1145 1.0
1146 1.0
1170 1.0
1177 1.0
1194 1.0
1199 1.0
1210 1.3010299956639813
1212 1.3010299956639813
1222 1.0
1225 1.0
1268 1.0
1317 1.0
