226 1.0
277 1.0
307 1.0
310 1.0
449 1.0
677 1.0
682 1.0
688 1.6020599913279625
690 1.9030899869919435
696 1.0
700 1.6989700043360187
752 1.0
802 1.3010299956639813
803 1.3010299956639813
806 1.3010299956639813
824 1.4771212547196624
825 1.4771212547196624
847 1.4771212547196624
855 1.0
868 1.845098040014257
869 1.845098040014257
889 1.3010299956639813
890 1.3010299956639813
895 1.0
897 1.0
931 1.0
943 1.845098040014257
944 1.845098040014257
989 1.0
1281 1.0
1294 1.3010299956639813
1302 1.0
1304 1.0
1313 1.0
