62 1.3010299956639813
163 1.0
177 1.4771212547196624
190 1.4771212547196624
256 1.0
265 1.0
272 1.3010299956639813
305 1.3010299956639813
337 1.6020599913279625
347 1.0
355 1.0
378 1.0
537 1.0
539 1.0
566 1.0
608 1.3010299956639813
616 1.3010299956639813
618 1.3010299956639813
625 1.0
640 1.3010299956639813
669 1.0
765 1.0
766 1.3010299956639813
772 1.0
776 1.0
778 1.3010299956639813
784 1.0
792 1.3010299956639813
799 1.3010299956639813
806 1.0
811 1.0
816 1.4771212547196624
817 1.0
818 1.0
824 1.0
825 1.0
838 1.0
849 1.0
853 1.0
854 1.0
855 1.0
857 1.0
868 1.4771212547196624
869 1.4771212547196624
882 1.3010299956639813
884 1.4771212547196624
886 1.3010299956639813
888 1.0
892 1.0
897 1.0
899 1.4771212547196624
910 1.0
912 1.0
913 1.3010299956639813
926 1.0
929 1.0
933 1.0
937 1.0
938 1.0
940 1.0
949 1.0
951 1.3010299956639813
952 1.6989700043360187
958 1.3010299956639813
959 1.4771212547196624
964 1.3010299956639813
965 1.0
966 1.3010299956639813
972 1.6989700043360187
977 1.0
984 1.7781512503836436
985 1.0
989 1.0
994 1.3010299956639813
997 1.6020599913279625
998 1.3010299956639813
1000 1.3010299956639813
1002 1.3010299956639813
1009 1.4771212547196624
1022 1.0
1152 1.0
1216 1.0
1270 1.0
