9 1.0
12 1.0
15 1.0
31 1.0
32 1.3010299956639813
53 1.0
96 1.3010299956639813
100 1.0
102 1.0
121 1.0
127 1.0
135 1.0
159 1.0
197 1.0
234 1.0
258 1.0
265 1.3010299956639813
267 1.0
268 1.3010299956639813
275 1.0
281 1.0
289 1.0
301 1.0
307 1.0
310 1.0
314 1.0
344 1.0
349 1.0
350 1.3010299956639813
353 1.3010299956639813
361 1.0
367 1.0
369 1.0
383 1.0
398 1.3010299956639813
400 1.0
411 1.0
412 1.0
424 1.0
449 1.0
477 1.3010299956639813
482 1.0
497 1.0
498 1.845098040014257
499 1.0
505 1.0
567 1.0
575 1.3010299956639813
577 1.4771212547196624
584 1.4771212547196624
585 1.4771212547196624
588 1.3010299956639813
604 1.0
628 1.0
657 1.3010299956639813
682 1.0
687 1.3010299956639813
690 1.0
702 1.0
715 1.3010299956639813
730 1.0
743 1.0
748 1.0
750 1.0
756 1.0
761 1.0
765 1.0
790 1.0
794 1.6020599913279625
795 1.845098040014257
796 1.0
802 1.4771212547196624
803 1.4771212547196624
823 1.0
855 1.0
868 1.4771212547196624
869 1.4771212547196624
889 1.0
890 1.0
893 1.3010299956639813
896 1.0
902 1.0
939 1.0
941 1.4771212547196624
996 1.0
1028 1.0
1035 1.0
1054 1.0
1055 1.0
1065 1.0
1074 1.0
1075 1.0
1095 1.0
1098 1.0
1147 1.0
1148 1.0
1173 1.0
1193 1.3010299956639813
1204 1.0
1221 1.0
1231 1.3010299956639813
1233 1.0
1234 1.0
1235 1.0
