0 1.7781512503836436
5 1.6020599913279625
6 1.0
7 1.0
9 1.3010299956639813
11 1.6989700043360187
12 1.0
13 1.6989700043360187
15 1.4771212547196624
17 1.9030899869919435
20 1.3010299956639813
26 1.0
30 1.4771212547196624
33 1.0
36 1.4771212547196624
38 1.4771212547196624
39 1.3010299956639813
41 1.0
45 2.1760912590556813
46 1.3010299956639813
47 2.0
51 1.3010299956639813
54 1.6020599913279625
55 1.0
56 1.6020599913279625
57 1.0
58 1.7781512503836436
62 1.3010299956639813
64 1.0
69 1.0
70 1.3010299956639813
74 1.6020599913279625
75 1.3010299956639813
78 1.0
81 1.0
84 1.6020599913279625
86 1.0
88 1.845098040014257
89 1.0
90 1.4771212547196624
93 1.0
94 1.6020599913279625
95 1.0
98 1.3010299956639813
99 1.0
100 1.0
101 1.3010299956639813
107 2.0413926851582254
108 1.0
110 1.0
112 1.0
113 1.3010299956639813
114 1.3010299956639813
117 1.0
118 1.0
119 1.3010299956639813
121 1.3010299956639813
126 1.0
127 1.4771212547196624
130 1.3010299956639813
132 2.0
136 1.0
139 1.7781512503836436
140 1.3010299956639813
142 1.3010299956639813
143 1.0
144 1.0
145 1.3010299956639813
146 1.845098040014257
148 1.0
149 1.4771212547196624
150 1.0
152 1.7781512503836436
154 1.6020599913279625
157 2.0413926851582254
158 1.4771212547196624
161 1.3010299956639813
163 1.7781512503836436
165 1.6989700043360187
166 1.4771212547196624
168 2.0413926851582254
170 1.6989700043360187
171 1.4771212547196624
173 1.0
176 2.204119982655925
177 1.7781512503836436
179 1.3010299956639813
180 1.6989700043360187
181 1.3010299956639813
183 1.3010299956639813
184 1.0
185 1.0
187 1.4771212547196624
188 1.0
189 2.278753600952829
190 1.9542425094393248
191 1.4771212547196624
192 1.4771212547196624
193 2.7075701760979363
194 1.0
195 1.0
198 1.3010299956639813
199 1.6989700043360187
200 1.3010299956639813
201 1.3010299956639813
202 1.0
204 2.0413926851582254
207 1.3010299956639813
209 1.0
210 1.4771212547196624
211 1.0
216 1.0
217 1.0
220 1.0
221 1.0
222 1.0
227 1.7781512503836436
228 1.0
230 1.9030899869919435
231 1.4771212547196624
234 1.3010299956639813
235 1.0
236 1.4771212547196624
237 1.845098040014257
238 1.0
239 1.7781512503836436
241 1.6020599913279625
242 1.845098040014257
243 1.3010299956639813
244 1.3010299956639813
245 1.6020599913279625
247 2.146128035678238
250 1.0
251 1.0
253 1.0
254 1.4771212547196624
256 1.9030899869919435
257 1.9542425094393248
263 1.845098040014257
264 1.3010299956639813
265 1.3010299956639813
266 1.6020599913279625
267 1.0
270 1.3010299956639813
271 1.0
272 1.6989700043360187
273 1.7781512503836436
274 1.0
276 1.4771212547196624
277 1.6989700043360187
279 1.0
280 1.7781512503836436
284 1.7781512503836436
288 1.0
290 2.079181246047625
291 1.6020599913279625
294 1.3010299956639813
295 1.4771212547196624
296 1.7781512503836436
299 1.0
300 1.6020599913279625
301 1.6020599913279625
303 1.0
304 1.0
305 1.0
306 1.0
307 1.0
309 1.0
310 1.7781512503836436
313 1.4771212547196624
314 1.0
317 1.0
318 1.0
319 1.3010299956639813
322 1.0
324 1.0
325 1.3010299956639813
326 1.0
327 1.0
329 1.3010299956639813
333 1.3010299956639813
334 1.6020599913279625
335 1.4771212547196624
337 1.3010299956639813
339 1.0
340 1.0
341 1.4771212547196624
343 1.0
344 1.3010299956639813
346 1.3010299956639813
348 1.0
349 1.3010299956639813
350 1.0
352 1.0
354 1.0
355 1.0
357 1.3010299956639813
359 1.0
361 1.6020599913279625
363 1.6020599913279625
367 1.0
368 1.0
369 1.3010299956639813
372 1.0
373 1.0
375 1.6989700043360187
376 1.4771212547196624
378 1.4771212547196624
379 1.6020599913279625
380 1.0
381 1.3010299956639813
382 1.7781512503836436
383 1.6989700043360187
384 1.4771212547196624
386 1.6989700043360187
388 1.4771212547196624
389 1.0
390 1.0
391 1.6020599913279625
394 1.0
395 1.3010299956639813
398 1.9030899869919435
399 1.3010299956639813
400 1.9030899869919435
401 1.4771212547196624
406 1.3010299956639813
407 1.3010299956639813
408 1.3010299956639813
410 1.0
411 1.4771212547196624
415 1.0
417 1.3010299956639813
424 1.0
427 1.0
429 1.0
430 1.0
432 1.0
433 1.0
435 1.3010299956639813
437 1.0
442 1.3010299956639813
443 1.7781512503836436
444 1.3010299956639813
446 1.0
447 1.0
449 1.845098040014257
450 1.6020599913279625
452 1.3010299956639813
461 1.0
463 1.3010299956639813
471 1.0
473 1.4771212547196624
475 1.0
487 1.3010299956639813
488 1.0
496 2.255272505103306
497 2.4313637641589874
499 1.9542425094393248
500 1.7781512503836436
501 1.7781512503836436
502 1.0
503 1.0
505 1.6020599913279625
506 1.0
511 1.6020599913279625
514 1.0
516 1.0
517 1.3010299956639813
518 1.845098040014257
523 1.3010299956639813
527 1.0
529 1.0
535 1.9542425094393248
537 1.4771212547196624
539 1.845098040014257
540 1.845098040014257
542 1.0
543 2.0413926851582254
544 2.0413926851582254
545 1.0
546 1.0
550 1.3010299956639813
552 1.0
553 1.3010299956639813
554 1.0
555 1.0
556 1.0
562 1.3010299956639813
563 1.3010299956639813
566 1.9542425094393248
567 1.3010299956639813
568 1.9030899869919435
569 1.9030899869919435
570 1.9542425094393248
571 1.0
572 1.0
573 2.0413926851582254
574 2.0413926851582254
575 1.0
576 1.6020599913279625
577 1.0
578 1.7781512503836436
580 1.0
582 1.0
583 1.0
586 1.6020599913279625
587 1.0
588 1.6020599913279625
591 1.4771212547196624
593 1.9030899869919435
595 1.4771212547196624
596 1.0
597 1.6989700043360187
598 1.6989700043360187
601 1.0
602 1.9030899869919435
603 1.9030899869919435
605 1.9542425094393248
606 1.9542425094393248
608 2.204119982655925
609 1.4771212547196624
610 1.4771212547196624
611 1.6989700043360187
613 1.0
614 1.3010299956639813
618 1.3010299956639813
620 1.0
622 1.3010299956639813
626 1.0
630 1.0
631 1.0
634 1.0
635 1.0
637 1.0
640 1.845098040014257
648 1.845098040014257
650 1.7781512503836436
651 2.0
656 1.4771212547196624
657 1.0
658 1.3010299956639813
659 1.0
669 1.7781512503836436
671 1.0
673 1.0
674 1.845098040014257
675 1.845098040014257
676 1.6020599913279625
677 1.7781512503836436
678 1.9030899869919435
679 1.3010299956639813
680 1.0
681 1.3010299956639813
682 1.6989700043360187
684 1.7781512503836436
685 1.0
686 1.6020599913279625
687 2.079181246047625
689 2.0
691 1.9542425094393248
692 1.0
693 1.0
694 1.7781512503836436
695 1.6020599913279625
696 1.0
697 1.3010299956639813
698 1.4771212547196624
699 1.4771212547196624
700 1.3010299956639813
702 1.0
703 1.6989700043360187
704 1.4771212547196624
708 1.0
710 1.3010299956639813
711 1.3010299956639813
713 1.0
714 1.3010299956639813
715 1.845098040014257
716 1.0
717 1.7781512503836436
721 1.7781512503836436
723 1.4771212547196624
724 1.6020599913279625
725 1.6989700043360187
726 1.4771212547196624
728 1.0
730 1.0
731 2.1760912590556813
734 1.4771212547196624
735 1.6989700043360187
740 1.6020599913279625
741 1.0
742 1.4771212547196624
747 1.0
751 2.0413926851582254
762 1.0
764 1.4771212547196624
765 1.4771212547196624
768 1.6020599913279625
769 1.845098040014257
770 1.3010299956639813
771 1.845098040014257
776 1.3010299956639813
778 1.3010299956639813
779 1.3010299956639813
780 1.0
781 1.0
783 1.0
784 1.0
787 1.4771212547196624
788 1.3010299956639813
790 1.0
793 1.3010299956639813
795 1.6989700043360187
799 1.0
802 1.0
803 1.0
809 1.0
812 1.0
816 1.0
819 1.7781512503836436
820 1.0
821 1.0
824 1.0
825 1.0
827 1.4771212547196624
829 1.9030899869919435
830 1.0
831 1.3010299956639813
837 1.0
838 1.3010299956639813
839 1.4771212547196624
840 1.4771212547196624
842 1.0
843 1.3010299956639813
849 1.3010299956639813
850 1.6020599913279625
851 1.0
856 1.0
861 1.0
862 1.3010299956639813
863 1.0
866 1.0
867 2.0413926851582254
868 1.3010299956639813
869 1.3010299956639813
870 1.0
871 1.3010299956639813
872 2.113943352306837
874 1.0
876 1.0
879 1.0
880 1.3010299956639813
884 1.3010299956639813
889 1.3010299956639813
890 1.3010299956639813
891 1.6020599913279625
895 1.0
896 1.0
897 2.3222192947339195
900 1.0
901 1.0
903 1.4771212547196624
904 1.0
908 1.0
913 1.6020599913279625
918 1.6989700043360187
923 1.7781512503836436
927 1.4771212547196624
931 1.0
934 1.3010299956639813
935 1.6020599913279625
939 1.845098040014257
946 1.0
947 1.0
948 1.845098040014257
956 1.0
958 1.6020599913279625
959 1.845098040014257
960 1.0
962 1.0
963 1.3010299956639813
964 1.3010299956639813
967 1.4771212547196624
971 1.0
974 1.0
975 1.0
976 1.0
977 1.0
986 1.0
987 1.0
989 1.6020599913279625
990 1.0
991 1.0
994 1.4771212547196624
996 1.0
1001 2.079181246047625
1004 1.0
1008 1.0
1009 1.6020599913279625
1013 1.7781512503836436
1016 1.3010299956639813
1018 1.0
1019 1.7781512503836436
1021 1.0
1024 1.0
1026 1.0
1027 1.0
1028 1.6020599913279625
1029 1.4771212547196624
1030 1.4771212547196624
1032 1.3010299956639813
1033 1.6989700043360187
1034 1.0
1036 2.146128035678238
1037 1.0
1038 1.0
1043 1.0
1046 1.0
1047 1.6020599913279625
1048 1.3010299956639813
1050 1.0
1054 1.845098040014257
1055 2.0413926851582254
1059 1.6020599913279625
1061 1.3010299956639813
1062 1.0
1065 1.4771212547196624
1066 1.7781512503836436
1070 1.0
1071 1.0
1073 1.6020599913279625
1074 1.0
1075 1.0
1078 1.0
1080 1.3010299956639813
1081 1.6989700043360187
1083 1.0
1085 1.0
1086 1.6989700043360187
1089 1.6020599913279625
1090 1.0
1091 1.6989700043360187
1092 1.845098040014257
1093 1.0
1095 1.7781512503836436
1097 1.4771212547196624
1098 1.3010299956639813
1100 1.4771212547196624
1104 2.0
1105 1.6020599913279625
1106 1.6020599913279625
1107 1.0
1109 1.0
1111 1.7781512503836436
1112 1.7781512503836436
1117 1.0
1118 1.0
1119 1.6020599913279625
1121 1.0
1124 1.0
1129 2.113943352306837
1130 2.113943352306837
1137 1.0
1138 1.0
1140 1.7781512503836436
1141 1.9030899869919435
1142 1.9030899869919435
1143 1.0
1144 1.0
1147 1.0
1148 1.0
1150 1.3010299956639813
1151 1.6020599913279625
1152 2.230448921378274
1153 1.6020599913279625
1155 1.4771212547196624
1157 1.0
1158 1.0
1160 1.0
1163 1.0
1165 1.6020599913279625
1167 1.0
1169 1.0
1170 1.0
1171 1.0
1173 1.3010299956639813
1175 1.4771212547196624
1176 1.0
1177 1.4771212547196624
1183 1.0
1184 1.4771212547196624
1188 1.0
1190 1.3010299956639813
1194 1.3010299956639813
1196 1.3010299956639813
1198 1.6989700043360187
1199 1.3010299956639813
1204 1.0
1211 1.0
1213 1.3010299956639813
1216 1.3010299956639813
1217 1.6989700043360187
1218 1.6020599913279625
1219 1.0
1223 1.6020599913279625
1225 1.3010299956639813
1227 1.0
1228 1.6020599913279625
1229 1.0
1230 1.0
1231 1.3010299956639813
1232 1.0
1234 1.7781512503836436
1235 1.6020599913279625
1236 1.0
1238 1.3010299956639813
1239 1.9030899869919435
1243 1.0
1246 1.6020599913279625
1250 1.0
1253 1.3010299956639813
1255 1.0
1258 1.7781512503836436
1259 1.3010299956639813
1260 1.845098040014257
1264 1.0
1265 1.0
1266 1.6989700043360187
1268 1.0
1272 1.0
1273 1.0
1274 1.9030899869919435
1276 1.6020599913279625
1277 1.6020599913279625
1279 1.4771212547196624
1285 1.4771212547196624
1298 1.0
1299 1.0
1302 1.4771212547196624
1303 1.0
1304 1.9542425094393248
1309 1.0
1314 1.6989700043360187
1321 1.3010299956639813
1322 1.3010299956639813
1323 1.0
1324 1.0
