47 1.3010299956639813
48 1.3010299956639813
55 1.3010299956639813
66 1.0
83 1.0
93 1.0
107 1.0
118 1.0
145 1.0
148 1.0
149 1.0
157 1.0
197 1.0
214 1.0
230 1.0
232 1.4771212547196624
254 1.0
261 1.0
276 1.0
302 1.0
306 1.0
319 1.6020599913279625
329 1.0
333 1.0
350 1.0
353 1.0
354 1.0
364 1.4771212547196624
367 1.0
368 1.0
392 1.0
408 1.0
430 1.0
463 1.0
586 1.0
640 1.6020599913279625
645 1.0
656 1.0
661 1.0
694 1.0
711 1.3010299956639813
727 1.0
767 1.0
771 1.0
774 1.0
777 1.0
783 1.0
816 1.0
817 1.0
818 1.0
838 1.0
843 1.3010299956639813
849 1.3010299956639813
865 1.0
866 1.0
870 1.3010299956639813
893 1.0
906 1.0
921 1.0
926 1.3010299956639813
929 1.0
933 1.3010299956639813
947 1.0
996 1.0
1000 1.0
1003 1.0
1006 1.0
1022 1.0
1051 1.0
1059 1.0
1070 1.0
1072 1.4771212547196624
1089 1.0
1097 1.3010299956639813
1121 1.6989700043360187
1125 1.4771212547196624
1129 1.0
1130 1.0
1161 1.3010299956639813
1182 1.0
1206 1.0
1251 1.0
1264 1.0
1265 1.6020599913279625
1270 1.3010299956639813
1277 1.4771212547196624
1281 1.0
1285 1.3010299956639813
1294 1.6020599913279625
1304 1.3010299956639813
1311 1.0
1313 1.0
1318 1.0
1324 2.255272505103306
