12 1.0
32 1.4771212547196624
33 1.0
63 1.0
66 1.0
76 1.0
93 1.0
94 1.0
102 1.0
113 1.0
114 1.0
127 1.3010299956639813
135 1.0
212 1.0
214 1.0
232 1.0
273 1.0
289 1.3010299956639813
314 1.0
337 1.0
367 1.3010299956639813
398 1.0
408 1.0
424 1.3010299956639813
463 1.0
491 1.0
501 1.0
558 1.4771212547196624
577 1.0
586 1.0
619 1.0
665 1.0
674 1.0
675 1.0
695 1.0
696 1.3010299956639813
710 1.0
725 1.0
743 1.6020599913279625
769 1.0
771 1.0
780 1.0
784 1.0
794 1.0
802 1.3010299956639813
803 1.3010299956639813
814 1.3010299956639813
824 1.0
825 1.0
832 1.4771212547196624
833 1.4771212547196624
837 1.0
850 1.0
861 1.0
880 1.0
901 1.0
910 1.0
955 1.3010299956639813
962 1.0
964 1.0
1000 1.0
1006 1.9030899869919435
1020 1.0
1031 1.0
1127 1.0
1128 1.0
1189 1.0
1195 1.0
1238 1.3010299956639813
