0 1.3010299956639813
3 1.4771212547196624
6 1.0
11 1.0
14 1.4771212547196624
17 1.0
21 1.3010299956639813
37 1.0
45 1.6020599913279625
47 1.4771212547196624
48 1.0
58 1.3010299956639813
59 1.4771212547196624
60 1.4771212547196624
67 1.0
77 1.4771212547196624
79 1.7781512503836436
84 1.3010299956639813
85 1.0
88 1.0
90 1.4771212547196624
97 1.0
99 1.0
101 1.0
102 1.0
108 1.3010299956639813
109 1.0
115 1.0
123 1.0
124 1.0
128 1.0
130 1.0
131 1.6020599913279625
132 1.3010299956639813
142 1.0
148 1.0
149 1.0
161 1.3010299956639813
165 1.0
176 1.0
180 1.0
183 1.3010299956639813
189 1.6020599913279625
191 1.0
192 1.4771212547196624
197 1.3010299956639813
209 1.0
210 1.0
215 1.0
216 1.0
222 1.6020599913279625
225 1.0
228 1.0
231 1.0
236 1.0
237 1.3010299956639813
242 1.0
245 1.0
247 1.0
263 1.3010299956639813
267 1.3010299956639813
268 1.0
269 1.0
270 1.0
272 1.0
274 1.3010299956639813
276 1.0
277 1.0
280 1.3010299956639813
284 1.0
285 1.6020599913279625
287 1.0
288 1.7781512503836436
300 1.0
304 1.0
305 1.0
309 1.3010299956639813
314 1.0
318 1.0
319 1.3010299956639813
322 1.0
323 1.0
327 1.6020599913279625
328 1.4771212547196624
330 1.0
336 1.0
337 1.6020599913279625
341 1.0
360 1.0
362 1.3010299956639813
364 1.0
367 1.6020599913279625
375 1.0
380 1.6989700043360187
388 1.0
395 1.0
396 1.0
397 1.0
401 1.0
403 1.4771212547196624
407 1.0
408 1.0
409 1.0
411 1.6020599913279625
412 1.0
415 1.4771212547196624
418 1.0
427 1.3010299956639813
428 1.0
429 1.0
430 1.0
436 1.0
440 1.3010299956639813
446 1.0
447 1.0
448 1.0
449 1.0
456 1.3010299956639813
463 1.0
472 1.0
474 1.0
475 1.0
477 1.0
479 1.4771212547196624
485 1.0
487 1.0
498 1.9030899869919435
500 1.6020599913279625
501 1.3010299956639813
505 1.3010299956639813
506 1.4771212547196624
521 1.0
524 1.0
531 1.0
537 1.3010299956639813
555 1.3010299956639813
557 1.0
558 1.0
564 1.3010299956639813
566 1.0
567 1.9030899869919435
568 1.0
569 1.0
572 1.3010299956639813
575 1.3010299956639813
578 1.0
589 1.0
591 1.0
600 1.0
620 1.0
627 1.0
629 1.0
630 1.6989700043360187
631 1.0
632 1.0
635 1.3010299956639813
641 1.3010299956639813
651 1.0
664 1.0
666 1.6989700043360187
669 1.4771212547196624
676 1.4771212547196624
677 1.0
680 1.0
682 1.3010299956639813
685 1.3010299956639813
689 1.0
695 1.0
700 1.0
705 1.0
707 1.0
716 1.3010299956639813
724 1.0
728 1.0
729 1.0
731 1.3010299956639813
732 1.0
733 1.6989700043360187
741 1.0
751 1.0
768 1.0
771 1.3010299956639813
772 1.0
776 1.0
780 1.0
781 1.0
783 1.0
787 1.6020599913279625
788 1.0
790 1.0
792 1.3010299956639813
812 1.0
814 1.3010299956639813
819 1.0
823 1.3010299956639813
824 1.0
825 1.0
827 1.0
838 1.3010299956639813
841 1.4771212547196624
844 1.0
847 1.6020599913279625
855 1.4771212547196624
856 1.0
864 1.3010299956639813
867 2.113943352306837
872 1.0
878 1.3010299956639813
879 1.3010299956639813
883 1.3010299956639813
889 1.0
890 1.0
898 1.0
901 1.0
902 1.0
910 1.0
914 1.0
917 1.3010299956639813
923 1.0
927 1.3010299956639813
930 1.0
932 1.6020599913279625
935 1.0
936 1.0
943 1.3010299956639813
944 1.3010299956639813
948 1.0
969 1.4771212547196624
970 1.0
978 1.3010299956639813
979 1.4771212547196624
982 1.0
983 1.0
990 1.3010299956639813
996 1.3010299956639813
1001 2.204119982655925
1005 1.3010299956639813
1009 1.0
1015 1.0
1016 2.079181246047625
1019 1.0
1026 1.3010299956639813
1027 1.6989700043360187
1028 1.0
1029 1.0
1047 1.0
1049 1.0
1055 1.0
1057 1.0
1058 1.0
1061 1.0
1064 1.0
1072 1.0
1080 1.0
1081 1.3010299956639813
1086 1.0
1095 1.3010299956639813
1097 1.0
1100 1.0
1101 1.3010299956639813
1114 1.4771212547196624
1117 1.3010299956639813
1118 1.3010299956639813
1123 1.0
1127 1.0
1128 1.0
1129 1.845098040014257
1130 1.845098040014257
1139 1.6020599913279625
1140 1.9030899869919435
1149 1.3010299956639813
1150 2.113943352306837
1155 1.0
1159 1.0
1160 1.3010299956639813
1183 1.3010299956639813
1192 1.3010299956639813
1198 1.0
1218 1.0
1222 1.4771212547196624
1227 1.4771212547196624
1234 1.0
1241 1.0
1244 1.0
1249 1.3010299956639813
1251 1.0
1252 1.0
1256 1.0
1265 1.3010299956639813
1270 1.0
1272 1.0
1274 1.0
1277 1.4771212547196624
1279 1.0
1285 1.845098040014257
1286 1.0
1290 1.0
1293 1.0
1294 1.0
1296 1.0
1297 1.0
1298 1.0
1299 1.0
1302 1.0
1304 1.0
1305 1.0
1310 1.0
1311 1.4771212547196624
1314 1.6989700043360187
1315 1.0
1316 1.0
1317 1.0
1318 1.0
1320 1.0
1323 1.0
