65 1.0
74 1.0
107 1.6020599913279625
132 1.0
157 1.0
207 1.0
230 1.3010299956639813
253 1.0
270 1.4771212547196624
273 1.3010299956639813
274 1.0
301 1.0
314 1.0
329 1.0
350 1.0
409 1.0
435 1.0
445 1.6020599913279625
470 1.0
476 1.0
532 1.0
570 1.0
571 1.6989700043360187
595 1.3010299956639813
596 1.0
608 1.3010299956639813
609 1.4771212547196624
648 1.3010299956639813
651 1.0
687 1.0
714 1.0
718 1.0
756 1.0
769 1.6989700043360187
776 1.0
791 1.0
805 1.3010299956639813
808 1.0
819 1.0
836 1.3010299956639813
850 1.0
855 1.0
886 1.0
889 1.0
890 1.0
897 1.3010299956639813
921 1.0
929 1.3010299956639813
941 1.4771212547196624
943 1.0
944 1.0
949 1.0
951 1.3010299956639813
966 1.0
968 1.0
973 1.0
977 1.0
993 1.0
1050 1.0
1151 1.3010299956639813
1227 1.0
1228 1.0
1266 1.0
1276 1.0
