3 2.0
27 1.4771212547196624
34 2.361727836017593
37 1.6020599913279625
40 1.4771212547196624
48 1.845098040014257
49 1.7781512503836436
50 1.3010299956639813
59 1.845098040014257
60 1.845098040014257
79 1.6020599913279625
84 2.0
90 1.9542425094393248
91 1.9542425094393248
99 1.845098040014257
115 1.6989700043360187
118 1.845098040014257
120 1.6020599913279625
122 1.6989700043360187
123 1.4771212547196624
124 1.4771212547196624
136 2.113943352306837
147 1.6020599913279625
156 1.0
158 1.3010299956639813
159 1.4771212547196624
171 1.6020599913279625
172 1.9030899869919435
173 1.3010299956639813
175 1.0
182 1.845098040014257
183 2.1760912590556813
196 1.0
202 1.4771212547196624
205 1.9030899869919435
206 1.845098040014257
209 2.146128035678238
210 1.6989700043360187
211 2.079181246047625
213 1.3010299956639813
214 1.845098040014257
215 1.0
216 1.7781512503836436
217 2.361727836017593
218 2.0
219 1.9030899869919435
220 2.1760912590556813
222 2.079181246047625
223 1.9030899869919435
224 2.079181246047625
225 1.845098040014257
226 1.7781512503836436
228 1.0
229 1.9030899869919435
230 1.0
231 1.6989700043360187
233 1.3010299956639813
235 1.4771212547196624
238 1.4771212547196624
240 1.3010299956639813
241 1.0
243 1.4771212547196624
244 1.6020599913279625
246 1.4771212547196624
248 1.6989700043360187
249 1.9542425094393248
253 1.0
256 1.3010299956639813
259 1.4771212547196624
260 1.845098040014257
271 2.079181246047625
273 1.0
278 1.9542425094393248
308 1.3010299956639813
313 1.3010299956639813
323 1.0
332 1.6020599913279625
390 1.6989700043360187
393 1.4771212547196624
394 1.845098040014257
403 2.113943352306837
409 1.845098040014257
412 2.1760912590556813
414 1.4771212547196624
417 1.0
425 1.9542425094393248
427 2.1760912590556813
428 1.9030899869919435
433 1.0
436 1.9030899869919435
437 1.6020599913279625
440 2.079181246047625
444 1.0
446 2.0413926851582254
447 1.845098040014257
448 1.4771212547196624
451 1.9030899869919435
454 1.0
455 1.9542425094393248
457 2.146128035678238
459 1.4771212547196624
461 1.6989700043360187
462 2.0413926851582254
463 2.342422680822206
465 1.4771212547196624
466 1.7781512503836436
469 1.4771212547196624
470 1.3010299956639813
472 1.0
476 1.7781512503836436
478 1.9542425094393248
479 1.6020599913279625
480 1.3010299956639813
481 1.6989700043360187
482 1.7781512503836436
483 1.0
484 2.113943352306837
486 1.9542425094393248
487 1.6989700043360187
490 1.6020599913279625
491 1.0
493 2.146128035678238
494 1.9542425094393248
500 1.0
506 1.6989700043360187
509 2.0
510 2.079181246047625
515 1.0
519 1.0
521 1.9542425094393248
524 2.079181246047625
527 1.7781512503836436
528 1.6020599913279625
530 1.0
531 1.0
532 1.0
533 1.9542425094393248
536 1.3010299956639813
538 2.1760912590556813
540 1.0
542 2.146128035678238
545 1.0
546 1.9542425094393248
547 1.6989700043360187
548 2.113943352306837
549 1.9030899869919435
551 1.9542425094393248
552 1.845098040014257
553 1.3010299956639813
560 1.3010299956639813
572 1.9542425094393248
581 1.3010299956639813
590 1.4771212547196624
599 1.7781512503836436
600 1.4771212547196624
601 2.079181246047625
631 1.845098040014257
632 1.6020599913279625
649 1.4771212547196624
658 1.0
679 1.6989700043360187
681 1.9542425094393248
683 1.7781512503836436
685 1.6989700043360187
686 1.9542425094393248
690 1.0
693 1.9542425094393248
710 1.6989700043360187
713 1.0
714 1.6020599913279625
716 1.9542425094393248
718 1.9030899869919435
719 1.845098040014257
720 1.845098040014257
722 1.3010299956639813
734 1.9030899869919435
768 1.6989700043360187
782 1.7781512503836436
785 1.6989700043360187
786 1.845098040014257
788 1.6020599913279625
790 1.7781512503836436
827 1.6020599913279625
904 1.0
943 1.0
944 1.0
986 1.0
991 1.0
1060 1.0
1079 1.0
1086 1.0
1141 1.0
1142 1.0
1149 1.0
1150 1.0
1151 1.0
1161 1.6020599913279625
1162 1.0
1190 1.6989700043360187
1196 1.0
1235 1.4771212547196624
1238 1.0
1243 1.6020599913279625
1245 2.0
1249 1.7781512503836436
1250 1.4771212547196624
1252 1.0
1254 1.6020599913279625
1255 1.0
1256 1.4771212547196624
1257 1.6989700043360187
1259 2.113943352306837
1263 1.845098040014257
1264 1.3010299956639813
1267 1.3010299956639813
1268 1.0
1269 1.3010299956639813
1270 2.0
1271 1.4771212547196624
1272 1.4771212547196624
1277 1.3010299956639813
1281 1.845098040014257
1284 1.7781512503836436
1285 2.204119982655925
1286 2.0
1289 1.3010299956639813
1290 1.0
1293 2.3010299956639813
1294 1.845098040014257
1295 1.6020599913279625
1297 1.0
1298 2.4771212547196626
1299 1.0
1300 1.6020599913279625
1301 1.845098040014257
1303 1.3010299956639813
1304 1.4771212547196624
1305 1.0
1306 1.3010299956639813
1307 1.7781512503836436
1308 1.6989700043360187
1309 1.4771212547196624
1310 1.9542425094393248
1311 1.6989700043360187
1313 1.9030899869919435
1315 1.0
1316 1.6989700043360187
1317 1.6989700043360187
1318 1.0
1319 1.4771212547196624
1320 1.4771212547196624
1321 2.204119982655925
1322 1.3010299956639813
1324 1.7781512503836436
