16 1.0
24 1.3010299956639813
34 1.0
59 1.0
60 1.0
75 1.0
82 1.0
84 1.3010299956639813
125 1.0
136 1.0
172 1.6020599913279625
174 1.0
182 1.0
209 1.6020599913279625
211 1.6989700043360187
215 1.0
222 1.0
223 1.0
224 1.0
233 1.0
241 1.0
265 1.0
297 1.0
300 1.0
302 1.0
329 1.0
393 1.0
394 1.0
421 1.0
424 1.0
436 1.0
442 1.0
449 1.0
452 1.9030899869919435
453 1.0
482 1.0
487 1.0
499 1.0
528 1.0
547 1.0
566 1.0
577 1.3010299956639813
580 1.0
608 1.0
611 1.0
637 1.0
682 1.0
688 1.3010299956639813
692 1.0
694 1.6989700043360187
723 1.3010299956639813
738 1.3010299956639813
739 1.0
749 1.0
761 1.0
765 1.0
768 1.0
771 1.0
796 1.0
813 1.0
821 1.0
824 1.3010299956639813
825 1.3010299956639813
889 1.4771212547196624
890 1.4771212547196624
931 1.0
941 1.0
943 1.3010299956639813
944 1.3010299956639813
948 1.3010299956639813
950 1.3010299956639813
957 1.4771212547196624
963 1.0
964 1.0
982 1.0
996 1.0
1002 1.0
1003 1.0
1008 1.0
1032 1.3010299956639813
1042 1.0
1048 1.0
1102 1.3010299956639813
1105 1.0
1106 1.0
1172 1.0
1191 1.0
1193 1.3010299956639813
1210 1.3010299956639813
1250 1.0
1292 1.0
1293 1.3010299956639813
1303 1.0
