3 1.3010299956639813
17 1.0
30 1.0
34 1.6989700043360187
37 1.0
38 1.0
48 1.3010299956639813
59 1.3010299956639813
60 1.3010299956639813
66 1.0
77 1.3010299956639813
79 1.3010299956639813
84 1.4771212547196624
93 1.3010299956639813
97 1.3010299956639813
107 1.0
115 1.4771212547196624
122 1.0
125 1.0
136 1.4771212547196624
138 1.0
139 1.3010299956639813
145 1.3010299956639813
151 1.6020599913279625
174 1.0
185 1.0
188 1.0
189 1.0
191 1.0
199 1.0
208 1.0
221 1.0
227 1.0
231 1.0
234 1.3010299956639813
236 1.0
241 1.6020599913279625
257 1.0
264 1.3010299956639813
272 1.0
277 1.0
281 1.4771212547196624
284 1.3010299956639813
302 1.3010299956639813
305 1.0
307 1.0
314 1.0
350 1.0
361 1.3010299956639813
367 1.0
388 1.6989700043360187
395 1.0
396 1.3010299956639813
398 1.3010299956639813
400 1.7781512503836436
408 1.0
442 1.0
447 1.0
449 1.0
488 1.0
498 1.0
522 1.0
528 1.3010299956639813
534 1.0
539 1.0
541 1.0
550 1.0
556 1.3010299956639813
558 1.4771212547196624
565 1.0
566 1.7781512503836436
567 1.0
571 1.0
572 1.0
578 1.3010299956639813
580 1.3010299956639813
581 1.0
587 1.0
591 1.0
592 1.0
601 1.0
602 1.0
603 1.0
608 1.0
615 1.0
617 1.0
625 1.3010299956639813
629 1.0
630 1.3010299956639813
631 1.0
639 1.3010299956639813
643 1.0
648 1.0
650 1.3010299956639813
654 1.0
656 1.0
657 1.0
669 1.0
670 1.0
677 1.3010299956639813
681 1.0
682 1.0
684 1.0
687 1.0
688 1.0
689 1.0
692 1.0
693 1.0
694 1.0
697 1.0
702 1.3010299956639813
714 1.0
737 1.3010299956639813
740 1.3010299956639813
748 1.0
758 1.0
759 1.3010299956639813
766 1.3010299956639813
771 2.113943352306837
776 1.0
780 1.0
781 1.0
792 1.3010299956639813
799 1.3010299956639813
800 1.0
806 1.0
809 1.0
812 1.0
817 1.3010299956639813
818 1.3010299956639813
821 1.0
830 1.0
843 1.3010299956639813
844 1.0
845 1.0
847 1.0
848 1.0
849 1.3010299956639813
854 1.0
855 1.0
856 1.0
858 1.0
862 1.0
864 1.0
865 1.0
867 1.0
873 1.0
878 1.0
879 1.0
882 1.0
884 1.0
886 1.0
893 1.0
897 1.4771212547196624
910 1.0
917 1.3010299956639813
921 1.0
924 1.0
927 1.3010299956639813
936 1.0
938 1.0
939 1.3010299956639813
940 1.4771212547196624
942 1.4771212547196624
943 1.3010299956639813
944 1.3010299956639813
948 1.0
950 1.3010299956639813
951 1.0
952 1.0
959 1.3010299956639813
963 1.0
966 1.0
968 1.3010299956639813
971 1.0
974 1.0
975 1.845098040014257
978 1.0
980 1.0
984 1.0
989 1.0
990 1.0
991 1.0
993 1.0
995 1.0
996 1.0
1000 1.0
1002 1.3010299956639813
1007 1.0
1016 1.0
1018 1.0
1026 1.0
1029 1.0
1031 1.0
1034 1.3010299956639813
1041 1.0
1047 1.3010299956639813
1056 1.0
1061 1.0
1062 1.0
1063 1.0
1069 1.0
1074 1.0
1075 1.0
1092 1.3010299956639813
1121 1.9030899869919435
1122 1.0
1123 1.0
1125 1.0
1127 1.0
1128 1.0
1129 1.845098040014257
1130 1.845098040014257
1131 1.0
1132 1.0
1137 1.0
1138 1.0
1139 1.0
1140 1.6989700043360187
1141 1.3010299956639813
1142 1.3010299956639813
1143 1.6020599913279625
1144 1.6020599913279625
1147 1.0
1148 1.0
1150 1.0
1156 1.4771212547196624
1159 1.0
1164 1.0
1188 1.3010299956639813
1190 1.3010299956639813
1194 1.0
1195 1.3010299956639813
1242 1.0
1250 1.0
1264 1.0
1289 1.3010299956639813
1309 1.6020599913279625
1311 1.0
1314 1.0
1324 1.0
