6 1.0
15 1.3010299956639813
51 1.0
69 1.0
127 1.3010299956639813
142 1.4771212547196624
162 1.0
189 1.0
190 1.0
208 1.0
213 1.0
216 1.0
223 1.0
224 1.0
243 1.0
248 1.0
253 1.0
260 1.3010299956639813
273 1.0
278 1.0
309 1.0
313 1.0
333 1.0
370 1.0
376 1.0
398 1.0
420 1.0
449 1.0
450 1.0
462 1.0
474 1.0
495 1.3010299956639813
523 1.0
533 1.0
535 1.0
539 1.0
541 1.0
542 1.0
552 1.0
553 1.0
562 1.0
563 1.0
573 1.0
574 1.0
576 1.0
591 1.0
599 1.0
645 1.0
659 1.0
664 1.0
677 1.0
679 1.3010299956639813
682 1.0
684 1.0
692 1.4771212547196624
702 1.0
704 1.0
717 1.0
740 1.0
741 1.0
748 1.0
755 1.0
761 1.0
765 1.0
790 1.0
795 1.0
802 1.0
803 1.0
807 1.0
815 1.0
826 1.0
845 1.0
870 1.0
897 1.3010299956639813
915 1.0
1019 1.3010299956639813
1021 1.0
1049 1.0
1065 1.0
1074 1.0
1075 1.0
1078 1.0
1091 1.0
1095 1.0
1096 1.0
1143 1.0
1144 1.0
1147 1.0
1148 1.0
1152 1.0
1198 1.0
1226 1.0
1228 1.3010299956639813
1232 1.0
1266 1.0
1283 1.0
1312 1.0
