0 1.3010299956639813
3 1.4771212547196624
6 2.278753600952829
12 1.3010299956639813
14 1.0
15 1.4771212547196624
18 1.0
23 1.6020599913279625
32 1.0
34 1.0
39 1.3010299956639813
40 1.0
42 1.0
44 1.0
50 1.3010299956639813
56 1.0
58 1.0
59 1.0
60 1.0
64 1.0
65 1.0
71 1.0
73 1.0
75 1.3010299956639813
84 1.0
90 1.0
92 1.0
93 1.6020599913279625
94 1.3010299956639813
99 1.4771212547196624
103 1.0
105 1.0
107 1.3010299956639813
113 1.3010299956639813
114 1.3010299956639813
116 1.4771212547196624
119 1.0
120 1.6020599913279625
150 1.0
152 1.6989700043360187
160 1.0
161 1.0
163 1.0
168 1.0
169 1.0
173 1.0
174 1.6020599913279625
175 1.0
179 1.3010299956639813
186 1.0
187 1.0
188 1.0
192 1.0
193 1.0
198 1.0
202 1.4771212547196624
204 1.0
209 1.4771212547196624
219 1.0
220 1.0
221 1.0
222 1.0
229 1.0
230 1.0
231 1.0
232 1.3010299956639813
246 1.0
247 1.0
252 1.0
253 1.6989700043360187
261 1.3010299956639813
269 1.4771212547196624
271 1.0
272 1.0
273 1.4771212547196624
275 1.0
276 1.3010299956639813
277 1.0
278 1.0
279 1.0
283 1.0
289 1.3010299956639813
292 1.0
293 1.0
301 1.0
302 1.3010299956639813
303 1.0
305 1.0
306 1.0
307 1.0
309 1.0
310 1.7781512503836436
312 2.113943352306837
314 1.0
319 1.0
329 1.0
330 1.9542425094393248
335 1.0
338 1.0
346 1.0
349 1.0
355 1.0
357 1.3010299956639813
367 1.0
373 1.3010299956639813
374 1.3010299956639813
376 1.0
379 1.0
385 1.9030899869919435
386 1.0
387 2.0
388 1.9030899869919435
390 1.0
393 1.0
394 1.0
398 1.3010299956639813
401 1.9542425094393248
408 1.6989700043360187
410 1.0
417 1.7781512503836436
418 2.079181246047625
420 1.0
429 1.3010299956639813
430 1.0
431 1.0
433 1.0
436 1.0
437 1.0
442 1.3010299956639813
447 1.0
450 1.6020599913279625
453 1.6020599913279625
454 1.845098040014257
461 1.0
465 1.0
466 1.3010299956639813
471 1.0
472 1.845098040014257
476 1.3010299956639813
477 1.0
478 1.6020599913279625
480 1.0
481 1.4771212547196624
482 1.3010299956639813
489 1.3010299956639813
491 1.0
493 1.3010299956639813
495 1.3010299956639813
498 1.3010299956639813
500 1.0
503 2.146128035678238
504 1.0
505 1.3010299956639813
506 2.0413926851582254
509 1.4771212547196624
510 1.3010299956639813
515 1.0
517 1.7781512503836436
518 1.4771212547196624
519 1.0
524 1.3010299956639813
528 1.0
529 1.0
532 1.0
533 1.0
537 1.6020599913279625
538 1.0
539 1.0
540 1.845098040014257
543 1.3010299956639813
544 1.3010299956639813
545 1.4771212547196624
546 1.0
550 1.0
557 1.0
560 1.0
562 1.0
563 1.0
566 1.3010299956639813
573 1.0
574 1.0
575 1.845098040014257
576 1.0
581 1.0
588 1.7781512503836436
589 1.3010299956639813
591 1.3010299956639813
592 1.0
595 1.0
602 1.0
603 1.0
608 1.4771212547196624
611 1.0
617 1.0
622 1.4771212547196624
624 1.6020599913279625
626 1.0
627 1.3010299956639813
632 1.0
641 1.0
643 1.0
644 1.3010299956639813
645 1.4771212547196624
647 1.0
650 1.4771212547196624
653 1.6020599913279625
659 1.6020599913279625
662 1.3010299956639813
676 1.6989700043360187
677 1.6020599913279625
678 1.0
681 1.3010299956639813
682 1.6020599913279625
683 1.0
684 1.3010299956639813
687 1.4771212547196624
688 1.3010299956639813
689 1.3010299956639813
691 1.0
692 1.0
694 1.6989700043360187
695 1.0
699 1.0
702 1.0
704 1.4771212547196624
706 2.113943352306837
707 1.6020599913279625
709 1.0
711 1.7781512503836436
715 2.0413926851582254
716 1.0
720 1.3010299956639813
721 1.9030899869919435
724 1.6020599913279625
726 1.0
736 1.0
738 1.0
739 1.4771212547196624
740 1.3010299956639813
741 1.0
742 1.3010299956639813
746 1.3010299956639813
750 1.0
751 1.0
754 1.4771212547196624
755 1.4771212547196624
756 1.3010299956639813
758 1.4771212547196624
763 1.4771212547196624
764 1.0
769 1.0
770 1.0
771 1.0
773 1.0
774 1.0
779 1.4771212547196624
781 1.845098040014257
782 1.0
788 1.4771212547196624
790 1.3010299956639813
793 1.0
795 1.4771212547196624
796 1.6020599913279625
807 1.0
814 1.3010299956639813
815 1.0
820 1.0
832 1.845098040014257
833 1.845098040014257
839 1.6989700043360187
840 1.6989700043360187
844 1.0
845 1.845098040014257
851 1.845098040014257
859 1.0
860 1.0
870 1.3010299956639813
880 1.0
893 1.6020599913279625
895 1.4771212547196624
896 1.0
901 1.0
904 1.0
912 1.0
915 1.0
918 1.3010299956639813
922 1.0
924 1.3010299956639813
929 1.4771212547196624
930 1.0
935 1.6020599913279625
939 1.9542425094393248
941 1.3010299956639813
948 1.6989700043360187
954 1.0
963 1.0
970 1.6020599913279625
973 1.4771212547196624
983 1.0
987 1.0
989 1.3010299956639813
996 1.0
999 1.6020599913279625
1002 1.845098040014257
1004 1.3010299956639813
1008 1.0
1013 1.0
1016 1.0
1019 1.3010299956639813
1020 1.3010299956639813
1029 1.9030899869919435
1030 1.0
1032 1.6020599913279625
1034 1.0
1041 1.6020599913279625
1042 1.0
1043 1.0
1045 1.0
1046 2.0413926851582254
1061 1.845098040014257
1062 1.6020599913279625
1065 1.0
1070 1.0
1071 1.0
1072 1.4771212547196624
1073 1.6989700043360187
1078 1.3010299956639813
1079 1.3010299956639813
1080 1.6989700043360187
1083 1.0
1085 1.3010299956639813
1088 1.0
1090 1.4771212547196624
1092 1.0
1093 1.0
1094 1.0
1103 1.0
1109 1.3010299956639813
1113 1.0
1114 1.6020599913279625
1119 1.4771212547196624
1121 1.3010299956639813
1127 1.845098040014257
1128 1.845098040014257
1129 1.3010299956639813
1130 1.3010299956639813
1131 1.0
1132 1.0
1135 1.0
1136 1.0
1139 1.0
1140 1.0
1141 1.3010299956639813
1142 1.3010299956639813
1145 1.0
1146 1.0
1147 1.6020599913279625
1148 1.6020599913279625
1149 1.0
1150 1.3010299956639813
1153 1.0
1154 1.0
1160 1.0
1168 1.0
1169 1.4771212547196624
1173 1.9542425094393248
1179 1.0
1181 1.0
1191 1.0
1194 1.4771212547196624
1199 1.0
1200 1.3010299956639813
1202 1.4771212547196624
1209 1.0
1211 1.0
1213 1.0
1217 1.0
1219 1.0
1222 1.0
1224 1.0
1226 1.4771212547196624
1228 1.0
1234 1.0
1235 1.0
1238 1.0
1243 1.0
1245 1.4771212547196624
1248 1.0
1260 1.0
1261 1.0
1271 1.0
1272 1.0
1279 1.0
1285 1.3010299956639813
1286 1.0
1293 1.0
1294 1.0
1302 1.845098040014257
1304 1.845098040014257
1307 1.0
1313 1.4771212547196624
1314 1.0
1318 1.0
1320 1.0
1321 1.3010299956639813
1322 1.0
1323 1.0
