174 1.0
208 1.3010299956639813
252 1.3010299956639813
265 2.380211241711606
386 1.0
398 1.0
528 1.0
615 1.3010299956639813
625 1.7781512503836436
634 1.0
659 1.0
702 1.0
765 1.0
767 1.0
771 1.3010299956639813
784 1.0
789 1.3010299956639813
797 1.7781512503836436
804 1.0
817 1.3010299956639813
818 1.3010299956639813
824 1.0
825 1.0
834 1.0
835 1.0
839 1.0
840 1.0
847 1.4771212547196624
882 1.0
889 1.0
890 1.0
911 1.0
914 1.3010299956639813
919 1.3010299956639813
923 1.0
933 1.0
935 1.0
943 1.4771212547196624
944 1.4771212547196624
946 1.0
947 1.0
953 1.4771212547196624
963 1.0
975 1.0
988 1.0
989 1.3010299956639813
993 1.0
996 1.9030899869919435
1002 1.0
1021 1.0
1087 1.0
1110 1.0
1195 1.0
