22 1.6020599913279625
39 1.0
54 1.0
198 1.7781512503836436
300 1.3010299956639813
305 1.0
309 1.6020599913279625
329 1.3010299956639813
401 1.0
496 1.0
541 1.0
587 1.4771212547196624
688 1.0
698 1.0
757 1.0
758 1.3010299956639813
778 1.4771212547196624
805 1.3010299956639813
816 1.6020599913279625
849 1.0
886 1.4771212547196624
897 1.0
906 1.0
952 1.6989700043360187
959 1.3010299956639813
967 1.0
973 1.0
983 1.0
984 1.845098040014257
994 1.3010299956639813
996 1.0
998 1.6989700043360187
1045 1.0
1085 1.0
