19 1.0
58 1.0
71 1.0
107 1.0
118 1.0
149 1.3010299956639813
208 1.0
209 1.0
220 1.0
403 1.0
409 1.3010299956639813
412 1.3010299956639813
418 1.0
449 1.0
455 1.0
487 1.0
495 1.0
496 1.0
498 1.0
510 1.0
521 1.0
545 1.3010299956639813
550 1.0
566 1.0
593 1.0
615 1.0
642 1.0
652 1.0
681 1.0
705 1.0
708 1.0
710 1.0
715 1.0
719 1.0
756 1.0
769 1.0
791 1.0
829 1.0
929 1.0
955 1.3010299956639813
1070 1.0
1086 1.0
1127 1.0
1128 1.0
1238 1.6989700043360187
1263 1.0
1289 1.0
1293 1.0
1297 1.0
1317 1.0
1322 1.0
