3 1.0
13 1.0
15 1.4771212547196624
34 1.3010299956639813
37 1.0
62 1.0
84 1.3010299956639813
118 1.0
138 1.0
216 1.0
222 1.0
229 1.0
255 1.0
258 1.0
297 1.0
337 1.0
357 1.0
361 1.0
367 1.3010299956639813
390 1.0
394 1.0
403 1.3010299956639813
409 1.0
437 1.0
448 1.3010299956639813
456 1.0
459 1.0
462 1.0
472 1.0
474 1.3010299956639813
476 1.0
481 1.3010299956639813
487 1.0
506 1.6020599913279625
528 1.0
532 1.3010299956639813
586 1.6020599913279625
589 1.0
607 1.0
613 1.0
615 1.0
623 1.0
633 1.0
636 1.3010299956639813
679 1.3010299956639813
690 1.3010299956639813
693 1.0
703 1.0
712 1.0
716 1.0
720 1.0
723 1.0
729 1.0
772 1.0
787 1.0
795 1.0
800 1.0
837 1.0
844 1.3010299956639813
847 1.0
848 1.0
850 1.0
878 1.0
883 1.0
889 1.0
890 1.0
895 1.0
903 1.0
926 1.3010299956639813
964 1.0
968 1.0
972 1.0
979 1.4771212547196624
988 1.0
997 1.0
1048 1.0
1065 1.0
1073 1.0
1088 1.0
1092 1.0
1161 1.0
1173 1.0
1259 1.0
1263 1.0
1273 1.0
1289 1.0
1309 1.6020599913279625
1311 1.0
1318 1.3010299956639813
