62 1.0
230 1.0
290 1.0
429 1.6020599913279625
513 1.0
617 1.7781512503836436
677 1.6989700043360187
688 1.4771212547196624
690 1.3010299956639813
696 1.6989700043360187
700 1.4771212547196624
701 1.3010299956639813
771 1.0
792 1.0
794 1.0
802 1.6020599913279625
803 1.6020599913279625
805 1.0
821 1.3010299956639813
824 1.6020599913279625
825 1.6020599913279625
839 1.7781512503836436
840 1.7781512503836436
868 1.6989700043360187
869 1.6989700043360187
889 1.4771212547196624
890 1.4771212547196624
1037 1.0
1124 1.0
1155 1.0
1188 1.0
1316 1.0
