3 1.4771212547196624
11 1.0
12 1.0
13 1.0
18 1.0
21 1.0
34 1.0
45 1.0
46 1.0
47 1.0
54 1.0
56 1.3010299956639813
57 1.0
70 1.0
78 1.0
84 1.0
90 1.3010299956639813
91 1.3010299956639813
118 1.0
123 1.0
124 1.0
130 1.3010299956639813
136 1.0
139 1.0
146 1.0
159 1.0
192 1.0
217 1.3010299956639813
219 1.0
220 1.0
222 1.3010299956639813
235 1.0
244 1.0
267 1.0
309 1.0
316 1.0
389 1.0
393 1.0
394 1.4771212547196624
396 1.0
403 1.0
409 1.6989700043360187
412 1.0
414 1.6020599913279625
436 1.0
440 1.0
444 1.0
446 1.4771212547196624
447 1.0
455 1.0
462 1.0
478 1.0
482 1.0
493 1.0
506 1.0
509 1.0
517 1.3010299956639813
521 1.0
543 1.0
544 1.0
546 1.0
550 1.0
589 1.0
592 1.0
599 1.0
600 1.0
601 1.0
611 1.0
639 1.0
659 1.0
680 1.0
681 1.3010299956639813
683 1.0
692 1.0
693 1.3010299956639813
694 1.0
710 1.0
711 1.0
720 1.0
725 1.3010299956639813
726 1.0
759 1.0
770 1.0
788 1.0
802 1.0
803 1.0
824 1.3010299956639813
825 1.3010299956639813
839 1.0
840 1.0
860 1.0
897 1.6989700043360187
909 1.0
926 1.3010299956639813
964 1.0
1013 1.0
1038 1.0
1047 1.3010299956639813
1062 1.0
1086 1.0
1111 1.0
1112 1.0
1153 1.0
1161 1.0
1167 1.3010299956639813
1177 1.0
1178 1.0
1183 1.4771212547196624
1245 1.6020599913279625
1249 1.0
1259 1.4771212547196624
1263 1.0
1269 1.3010299956639813
1284 1.0
1286 1.0
1293 1.0
1317 1.4771212547196624
1321 1.4771212547196624
