4 1.0
13 1.0
33 1.0
41 1.0
46 1.0
73 1.0
74 1.3010299956639813
104 1.0
110 1.0
132 1.0
152 1.3010299956639813
155 1.0
157 1.4771212547196624
158 1.0
163 1.0
171 1.3010299956639813
185 1.3010299956639813
207 1.3010299956639813
216 1.0
217 1.4771212547196624
225 1.0
244 1.3010299956639813
252 1.3010299956639813
254 1.0
255 1.3010299956639813
256 1.0
259 1.3010299956639813
270 1.0
285 1.0
298 1.0
313 1.0
332 1.0
333 1.4771212547196624
351 1.3010299956639813
367 1.0
370 1.3010299956639813
390 1.3010299956639813
394 1.0
402 1.0
403 1.0
422 1.0
428 1.0
437 1.0
445 1.0
448 1.0
460 1.0
462 1.0
464 1.0
469 1.0
470 1.0
486 1.0
489 1.0
491 1.0
502 1.0
506 1.0
514 1.0
527 1.0
556 1.0
565 1.0
572 1.0
596 1.0
599 1.0
647 1.0
650 1.0
661 1.0
690 1.0
699 1.0
706 1.0
715 1.0
724 1.3010299956639813
730 1.3010299956639813
731 1.0
740 1.0
758 1.0
776 1.0
790 1.3010299956639813
821 1.0
851 1.0
879 1.0
895 1.0
896 1.0
906 1.0
918 1.0
924 1.0
926 1.3010299956639813
931 1.0
933 1.3010299956639813
949 1.0
964 1.0
974 1.0
1005 1.0
1034 1.0
1083 1.0
1103 1.0
1108 1.0
1139 1.0
1140 1.0
1149 1.0
1150 1.0
1151 1.0
1153 1.0
1185 1.6020599913279625
1192 1.0
1200 1.3010299956639813
1238 1.0
1268 1.3010299956639813
1277 1.0
1295 1.0
1297 1.0
1302 1.0
1303 1.0
1313 1.0
