34 1.0
40 1.0
58 1.9542425094393248
69 1.4771212547196624
84 1.0
99 1.0
107 1.0
176 1.3010299956639813
179 1.6989700043360187
186 1.4771212547196624
187 1.4771212547196624
193 2.278753600952829
209 1.3010299956639813
211 1.4771212547196624
220 1.3010299956639813
222 1.3010299956639813
225 1.0
238 1.0
247 1.0
255 1.0
278 1.0
323 1.0
388 1.0
390 1.4771212547196624
393 1.4771212547196624
394 1.6989700043360187
409 1.6989700043360187
412 1.0
425 1.6989700043360187
427 1.9542425094393248
436 1.3010299956639813
437 1.4771212547196624
440 1.9030899869919435
446 1.9030899869919435
447 1.7781512503836436
448 1.0
455 1.7781512503836436
456 1.0
461 1.0
469 1.0
470 1.0
472 1.845098040014257
476 1.4771212547196624
480 1.3010299956639813
481 1.4771212547196624
482 1.0
487 1.3010299956639813
493 1.3010299956639813
496 1.0
498 1.845098040014257
500 1.0
501 1.845098040014257
505 1.0
506 2.0413926851582254
520 1.3010299956639813
526 1.6989700043360187
532 1.3010299956639813
533 1.6989700043360187
535 1.3010299956639813
561 1.0
564 1.3010299956639813
566 1.845098040014257
568 1.6989700043360187
569 1.6989700043360187
576 1.0
581 1.0
588 1.0
590 1.0
591 1.0
597 1.4771212547196624
598 1.4771212547196624
599 1.0
608 1.0
622 1.3010299956639813
637 1.0
660 1.0
669 1.0
676 1.0
678 1.0
681 1.0
684 1.0
691 1.0
692 1.3010299956639813
694 1.0
695 1.0
707 1.3010299956639813
710 1.0
711 1.0
714 1.0
715 1.7781512503836436
722 1.3010299956639813
723 1.6989700043360187
751 1.0
761 1.3010299956639813
768 1.3010299956639813
786 1.0
788 1.3010299956639813
829 2.1760912590556813
845 1.6020599913279625
901 1.3010299956639813
914 1.3010299956639813
963 1.0
1004 1.0
1056 1.0
1080 1.0
1141 1.0
1142 1.0
1152 1.3010299956639813
1161 1.0
1190 1.3010299956639813
1218 1.845098040014257
1222 1.3010299956639813
1234 1.3010299956639813
1236 1.0
1251 1.0
1252 1.4771212547196624
1254 1.845098040014257
1255 1.0
1256 1.3010299956639813
1257 1.0
1260 1.9030899869919435
1264 1.0
1268 1.3010299956639813
1270 1.0
1272 1.4771212547196624
1279 1.0
1280 1.0
1285 1.845098040014257
1287 1.0
1289 1.6989700043360187
1292 1.4771212547196624
1294 1.6020599913279625
1298 1.3010299956639813
1299 1.3010299956639813
1302 1.0
1305 1.845098040014257
1307 1.3010299956639813
1308 1.0
1309 1.4771212547196624
1311 1.6020599913279625
1313 1.0
1316 1.0
1318 1.845098040014257
1319 1.3010299956639813
1320 1.6020599913279625
1322 1.4771212547196624
1323 1.0
