3 1.4771212547196624
5 1.0
10 1.3010299956639813
18 1.0
21 1.3010299956639813
34 1.0
43 1.0
90 1.0
91 1.0
99 1.0
123 1.3010299956639813
124 1.3010299956639813
132 1.0
206 1.0
216 1.0
219 1.0
222 1.0
321 1.4771212547196624
335 1.0
343 1.0
393 1.3010299956639813
394 1.0
398 1.0
409 1.0
410 1.3010299956639813
414 1.3010299956639813
416 1.0
427 1.0
440 1.0
455 1.0
463 1.0
473 1.845098040014257
493 1.3010299956639813
501 1.3010299956639813
506 1.0
516 1.0
517 1.0
524 1.0
572 1.0
586 2.113943352306837
588 1.0
601 1.0
615 1.6020599913279625
619 1.4771212547196624
634 1.0
637 1.3010299956639813
670 1.6020599913279625
686 1.0
710 1.3010299956639813
720 1.3010299956639813
743 1.0
786 1.0
788 1.3010299956639813
790 1.0
795 1.3010299956639813
830 1.0
846 1.0
847 1.0
853 1.0
866 1.0
881 1.0
889 1.0
890 1.0
925 1.0
932 1.4771212547196624
938 1.6020599913279625
994 1.0
1002 1.0
1016 1.4771212547196624
1042 1.0
1047 1.0
1072 1.0
1127 1.0
1128 1.0
1129 1.9542425094393248
1130 1.9542425094393248
1139 1.3010299956639813
1140 1.4771212547196624
1145 1.3010299956639813
1146 1.3010299956639813
1150 1.4771212547196624
1162 1.0
1177 1.3010299956639813
1178 1.0
1179 1.0
1182 1.0
1259 1.6020599913279625
1263 1.0
1281 1.0
1294 1.0
1316 1.0
