16 1.0
21 1.0
37 1.3010299956639813
73 1.4771212547196624
90 1.4771212547196624
97 1.4771212547196624
99 1.0
136 1.0
354 1.7781512503836436
355 1.0
446 1.0
483 1.0
487 1.3010299956639813
555 1.6020599913279625
589 1.0
617 1.0
635 1.0
640 1.0
644 1.0
657 1.3010299956639813
666 1.0
700 1.3010299956639813
701 1.0
731 2.0413926851582254
738 1.0
771 1.4771212547196624
781 1.0
787 2.255272505103306
793 1.0
796 1.0
800 1.7781512503836436
837 2.0
847 2.146128035678238
850 1.3010299956639813
877 1.0
884 1.3010299956639813
904 1.0
916 1.3010299956639813
941 1.6020599913279625
943 2.204119982655925
944 2.204119982655925
947 1.6989700043360187
949 1.0
963 1.0
964 1.0
965 1.7781512503836436
998 2.0
1000 1.0
1016 1.0
1052 1.0
1068 1.3010299956639813
1091 1.0
1117 1.6989700043360187
1118 1.6989700043360187
1127 1.3010299956639813
1128 1.3010299956639813
1129 1.6989700043360187
1130 1.6989700043360187
1131 1.0
1132 1.0
1133 1.0
1134 1.0
1137 1.0
1138 1.0
1140 1.3010299956639813
1150 1.0
1221 2.0413926851582254
1222 1.0
1243 1.0
1245 1.0
1264 1.0
1293 1.3010299956639813
1305 1.0
1309 1.6020599913279625
1313 1.3010299956639813
