93 1.0
100 1.9030899869919435
230 1.0
268 1.6020599913279625
349 1.6989700043360187
380 1.0
418 1.0
442 1.0
534 1.3010299956639813
651 1.0
676 1.0
740 1.3010299956639813
770 1.0
915 1.0
932 1.0
984 1.0
1005 1.7781512503836436
1006 1.0
1011 1.0
1012 1.0
1015 1.0
1016 1.3010299956639813
1057 1.0
1058 1.0
1068 1.0
1114 1.845098040014257
1129 1.3010299956639813
1130 1.3010299956639813
1135 1.0
1136 1.0
1137 1.0
1138 1.0
1149 1.4771212547196624
1150 1.6020599913279625
1156 1.0
1198 1.0
1213 1.3010299956639813
1227 1.0
1228 1.0
1235 1.0
