0 1.4771212547196624
4 1.4771212547196624
5 1.0
7 1.0
8 1.0
9 1.6020599913279625
15 1.9030899869919435
16 1.0
17 1.0
20 1.6020599913279625
25 1.0
29 1.0
41 1.6020599913279625
42 1.0
44 1.3010299956639813
45 1.0
47 1.4771212547196624
55 1.3010299956639813
58 2.079181246047625
63 1.4771212547196624
64 1.0
68 1.0
75 1.6989700043360187
77 1.4771212547196624
81 2.079181246047625
86 1.6989700043360187
87 1.4771212547196624
88 1.6020599913279625
95 1.4771212547196624
103 1.0
104 1.0
105 1.3010299956639813
106 1.0
107 1.3010299956639813
108 1.4771212547196624
112 1.0
113 1.0
114 1.0
127 1.845098040014257
130 1.845098040014257
133 1.3010299956639813
135 1.0
139 1.6020599913279625
140 1.6020599913279625
142 1.845098040014257
143 1.0
146 1.6020599913279625
150 1.3010299956639813
151 1.0
155 1.6020599913279625
160 1.3010299956639813
167 1.4771212547196624
169 1.0
176 1.0
178 1.0
180 1.6989700043360187
185 1.6020599913279625
188 1.3010299956639813
189 2.113943352306837
191 1.6020599913279625
195 1.4771212547196624
200 2.0
201 1.9542425094393248
207 1.0
236 1.9030899869919435
245 1.0
250 1.0
251 1.9030899869919435
254 1.4771212547196624
255 1.0
258 1.6989700043360187
262 1.3010299956639813
263 1.0
265 2.361727836017593
267 1.4771212547196624
268 2.230448921378274
270 1.0
276 1.0
277 2.079181246047625
279 1.9030899869919435
281 1.9030899869919435
282 1.0
284 1.7781512503836436
286 1.3010299956639813
288 1.6020599913279625
292 1.0
295 1.0
296 1.0
298 1.3010299956639813
303 1.3010299956639813
314 1.0
315 1.7781512503836436
317 1.4771212547196624
319 1.0
320 1.0
322 2.146128035678238
325 1.6020599913279625
326 1.6020599913279625
331 1.0
337 2.3010299956639813
338 1.0
341 1.3010299956639813
344 1.6989700043360187
346 1.4771212547196624
348 1.0
349 1.9030899869919435
353 2.146128035678238
364 2.462397997898956
367 1.845098040014257
368 1.4771212547196624
371 1.3010299956639813
372 1.0
375 1.0
388 1.6020599913279625
389 1.3010299956639813
391 2.255272505103306
396 1.3010299956639813
400 2.146128035678238
406 2.0
410 1.0
411 1.6020599913279625
415 1.3010299956639813
416 1.0
423 1.9030899869919435
429 1.3010299956639813
435 1.0
441 1.0
473 1.845098040014257
489 1.0
497 1.4771212547196624
498 1.845098040014257
499 2.0
501 1.3010299956639813
511 1.7781512503836436
512 1.0
513 1.845098040014257
514 1.3010299956639813
518 2.079181246047625
525 1.0
554 1.6989700043360187
558 1.6020599913279625
575 1.0
586 1.0
588 1.7781512503836436
591 1.3010299956639813
592 1.4771212547196624
595 1.4771212547196624
599 1.0
602 1.0
603 1.0
605 1.0
606 1.0
609 1.0
612 1.0
613 1.3010299956639813
614 1.9030899869919435
620 1.6020599913279625
629 1.0
630 1.3010299956639813
634 1.0
636 1.7781512503836436
638 1.3010299956639813
658 1.0
666 1.0
672 1.0
673 1.0
676 1.6989700043360187
682 1.4771212547196624
687 1.6020599913279625
689 1.6020599913279625
692 1.9542425094393248
694 1.9030899869919435
697 2.3979400086720375
703 2.204119982655925
704 1.9030899869919435
711 1.3010299956639813
712 1.4771212547196624
715 1.3010299956639813
723 1.6989700043360187
724 1.845098040014257
725 1.0
727 1.0
729 1.9030899869919435
730 1.3010299956639813
731 1.0
732 1.6020599913279625
740 1.6989700043360187
742 1.0
748 1.0
749 1.0
753 1.0
760 1.0
761 1.3010299956639813
764 1.4771212547196624
771 1.845098040014257
772 1.0
778 1.0
783 2.079181246047625
787 2.146128035678238
790 1.0
794 2.146128035678238
795 1.0
809 1.0
815 1.6989700043360187
820 1.845098040014257
830 1.4771212547196624
834 1.4771212547196624
835 1.4771212547196624
838 1.845098040014257
841 2.0
845 1.845098040014257
848 1.6020599913279625
850 1.3010299956639813
851 1.7781512503836436
856 1.3010299956639813
863 1.6020599913279625
866 1.3010299956639813
871 1.9030899869919435
872 1.3010299956639813
881 1.3010299956639813
893 1.6020599913279625
895 1.4771212547196624
898 1.4771212547196624
901 1.6020599913279625
903 2.079181246047625
911 1.6989700043360187
917 1.6989700043360187
927 1.6020599913279625
929 1.0
932 1.0
962 1.4771212547196624
965 1.3010299956639813
969 1.3010299956639813
971 1.0
978 1.0
982 1.3010299956639813
983 1.0
990 1.6989700043360187
991 1.845098040014257
993 1.0
1005 1.6020599913279625
1019 1.6989700043360187
1026 1.4771212547196624
1027 1.0
1047 1.0
1048 2.4771212547196626
1054 1.0
1055 1.6989700043360187
1065 1.3010299956639813
1066 1.6989700043360187
1091 1.3010299956639813
1093 1.3010299956639813
1095 1.9030899869919435
1096 2.0413926851582254
1097 1.845098040014257
1099 1.3010299956639813
1100 1.0
1114 1.4771212547196624
1115 1.0
1116 1.0
1117 1.3010299956639813
1118 1.3010299956639813
1127 1.7781512503836436
1128 1.7781512503836436
1129 1.845098040014257
1130 1.845098040014257
1139 1.0
1140 1.6989700043360187
1152 1.6020599913279625
1153 1.6020599913279625
1155 1.3010299956639813
1158 1.0
1162 1.3010299956639813
1164 1.3010299956639813
1165 1.0
1168 1.3010299956639813
1171 1.0
1172 1.3010299956639813
1176 1.4771212547196624
1178 1.9542425094393248
1183 1.0
1184 1.3010299956639813
1185 1.6020599913279625
1198 1.845098040014257
1204 1.3010299956639813
1218 1.0
1219 1.0
1221 1.0
1234 1.3010299956639813
1239 1.6020599913279625
1268 1.6020599913279625
1287 1.3010299956639813
1305 1.0
