5 1.0
10 1.0
20 1.3010299956639813
22 1.845098040014257
27 1.0
32 1.3010299956639813
34 1.0
37 1.0
39 1.0
40 1.6020599913279625
44 1.0
46 1.0
48 1.6989700043360187
49 1.0
52 1.0
54 1.3010299956639813
58 1.0
59 2.0413926851582254
60 2.0413926851582254
62 1.845098040014257
69 1.0
75 1.0
77 1.4771212547196624
79 1.6020599913279625
82 1.0
90 1.3010299956639813
93 1.0
94 1.6020599913279625
95 1.3010299956639813
99 1.0
100 1.7781512503836436
101 1.6020599913279625
102 1.0
103 1.6989700043360187
104 1.9542425094393248
108 1.6020599913279625
118 1.0
120 1.0
121 1.4771212547196624
123 1.3010299956639813
124 1.3010299956639813
125 1.6989700043360187
127 1.3010299956639813
132 1.3010299956639813
134 1.4771212547196624
137 1.3010299956639813
139 1.4771212547196624
145 1.3010299956639813
148 1.3010299956639813
157 1.3010299956639813
159 1.4771212547196624
160 1.0
162 1.0
167 1.3010299956639813
169 1.0
173 1.0
176 1.0
178 1.4771212547196624
179 1.3010299956639813
185 1.0
189 1.845098040014257
190 1.3010299956639813
191 1.6020599913279625
192 1.3010299956639813
193 2.146128035678238
194 1.0
197 1.0
198 1.6020599913279625
207 1.6020599913279625
209 1.4771212547196624
210 1.0
211 1.0
217 1.0
219 1.0
220 1.0
222 1.4771212547196624
226 1.0
227 1.0
229 1.3010299956639813
230 1.3010299956639813
231 1.0
236 1.6989700043360187
237 1.0
238 1.0
239 1.0
242 1.0
244 1.3010299956639813
245 1.4771212547196624
247 1.0
251 1.4771212547196624
252 1.6020599913279625
255 1.0
256 1.0
258 1.3010299956639813
260 1.3010299956639813
263 1.4771212547196624
265 1.0
270 1.3010299956639813
271 1.3010299956639813
272 1.0
274 1.4771212547196624
276 1.7781512503836436
278 1.0
279 1.3010299956639813
288 1.9030899869919435
289 1.0
291 1.0
292 1.4771212547196624
293 1.0
294 1.845098040014257
300 2.0413926851582254
302 1.0
306 1.3010299956639813
311 1.0
314 1.0
317 1.845098040014257
318 1.3010299956639813
320 1.0
322 1.6989700043360187
323 1.6020599913279625
333 1.0
334 1.6989700043360187
335 1.4771212547196624
337 1.6020599913279625
339 1.0
340 1.0
341 1.0
344 1.0
346 1.0
350 1.7781512503836436
354 1.0
359 1.0
362 1.6989700043360187
364 1.3010299956639813
367 1.6020599913279625
368 1.3010299956639813
373 1.3010299956639813
374 1.6020599913279625
375 1.3010299956639813
377 1.3010299956639813
378 1.3010299956639813
384 1.0
388 1.6020599913279625
393 1.0
394 1.3010299956639813
396 1.0
399 1.0
400 1.0
401 1.4771212547196624
406 1.0
408 1.0
409 1.0
412 1.3010299956639813
417 1.0
423 1.4771212547196624
425 1.3010299956639813
426 1.0
429 1.0
430 1.3010299956639813
435 1.0
442 1.3010299956639813
443 1.6989700043360187
446 1.3010299956639813
452 1.3010299956639813
457 1.0
459 2.255272505103306
461 1.0
462 1.0
468 1.0
470 1.0
471 1.0
472 1.0
478 1.0
479 2.230448921378274
481 1.0
483 1.0
485 1.3010299956639813
486 1.0
488 1.3010299956639813
489 1.0
491 1.0
493 1.6020599913279625
496 1.0
497 1.3010299956639813
501 1.3010299956639813
503 1.3010299956639813
504 1.0
505 1.0
506 1.9542425094393248
507 1.3010299956639813
508 1.0
510 1.6020599913279625
514 1.3010299956639813
523 1.3010299956639813
525 1.3010299956639813
527 1.0
530 1.6020599913279625
531 1.0
532 1.6020599913279625
534 1.6989700043360187
538 1.3010299956639813
542 1.3010299956639813
545 1.4771212547196624
546 1.0
549 1.0
551 1.0
554 1.3010299956639813
559 1.6020599913279625
560 1.0
566 1.6020599913279625
567 1.7781512503836436
568 1.0
569 1.0
570 1.0
575 1.0
580 1.0
584 1.0
585 1.0
586 1.0
588 1.3010299956639813
591 1.3010299956639813
599 1.6989700043360187
604 1.0
610 1.3010299956639813
615 1.0
619 1.0
622 1.0
625 1.0
630 1.6020599913279625
633 1.0
634 1.3010299956639813
635 1.0
638 1.0
640 1.0
644 2.0
645 1.3010299956639813
650 1.0
659 1.0
668 1.4771212547196624
673 1.4771212547196624
678 1.3010299956639813
680 1.0
684 1.6989700043360187
686 1.0
687 2.079181246047625
690 1.0
692 2.079181246047625
693 1.0
697 1.3010299956639813
698 1.4771212547196624
699 1.3010299956639813
703 1.0
705 1.4771212547196624
707 1.3010299956639813
712 1.0
714 1.3010299956639813
715 1.4771212547196624
717 1.4771212547196624
719 1.3010299956639813
722 1.0
723 1.3010299956639813
724 1.0
727 1.4771212547196624
728 1.0
729 1.3010299956639813
740 1.3010299956639813
741 1.4771212547196624
742 1.0
747 1.0
749 1.0
751 1.3010299956639813
758 1.0
760 1.3010299956639813
763 1.3010299956639813
764 1.6989700043360187
770 1.0
771 1.6020599913279625
772 1.0
773 1.3010299956639813
781 1.845098040014257
786 1.0
787 1.4771212547196624
788 1.4771212547196624
790 1.4771212547196624
793 1.0
798 1.0
800 1.0
802 1.3010299956639813
803 1.3010299956639813
804 1.6020599913279625
805 1.0
811 1.0
813 1.3010299956639813
814 1.6020599913279625
816 1.0
819 1.4771212547196624
826 1.0
843 1.0
845 1.0
846 1.0
847 1.0
848 1.4771212547196624
849 1.3010299956639813
850 1.0
856 1.0
859 1.0
866 1.3010299956639813
867 1.0
868 1.0
869 1.0
872 1.4771212547196624
878 1.4771212547196624
881 1.0
887 1.3010299956639813
889 1.0
890 1.0
893 1.0
896 1.0
897 1.4771212547196624
898 1.0
902 1.0
906 1.0
911 1.0
914 1.0
915 1.3010299956639813
918 1.0
921 1.0
924 1.4771212547196624
926 1.0
927 1.6020599913279625
928 1.0
932 1.7781512503836436
938 1.3010299956639813
946 1.0
950 1.845098040014257
956 1.0
959 1.6020599913279625
960 1.4771212547196624
961 1.845098040014257
978 1.0
981 1.0
982 1.6989700043360187
984 1.3010299956639813
990 1.0
993 1.6020599913279625
995 1.3010299956639813
996 1.0
997 1.0
998 1.3010299956639813
1005 2.0
1011 1.3010299956639813
1012 1.3010299956639813
1014 1.0
1015 1.6020599913279625
1016 1.6020599913279625
1020 1.4771212547196624
1025 1.7781512503836436
1027 1.0
1034 1.0
1035 1.0
1037 1.0
1038 1.0
1047 1.0
1048 1.0
1049 1.0
1052 1.0
1055 1.7781512503836436
1056 1.0
1057 1.4771212547196624
1058 1.4771212547196624
1064 1.0
1065 1.0
1068 1.0
1070 1.0
1073 1.0
1074 1.4771212547196624
1075 1.4771212547196624
1078 1.0
1080 1.3010299956639813
1083 1.0
1085 1.0
1086 1.3010299956639813
1090 1.0
1095 1.6020599913279625
1098 1.0
1099 1.4771212547196624
1103 1.0
1104 1.7781512503836436
1111 1.0
1112 1.0
1113 1.0
1114 2.0413926851582254
1115 1.6989700043360187
1116 1.6989700043360187
1117 1.4771212547196624
1118 1.4771212547196624
1123 1.3010299956639813
1126 1.4771212547196624
1127 1.3010299956639813
1128 1.3010299956639813
1129 1.6020599913279625
1130 1.6020599913279625
1131 1.0
1132 1.0
1133 1.3010299956639813
1134 1.3010299956639813
1137 1.3010299956639813
1138 1.3010299956639813
1139 2.4313637641589874
1140 2.5185139398778875
1141 1.0
1142 1.0
1143 1.4771212547196624
1144 1.4771212547196624
1147 1.9542425094393248
1148 1.9542425094393248
1149 2.3010299956639813
1150 2.3222192947339195
1151 1.0
1153 1.3010299956639813
1156 1.9542425094393248
1157 1.6989700043360187
1159 1.6020599913279625
1160 1.0
1161 2.146128035678238
1162 1.0
1164 1.3010299956639813
1165 1.0
1168 1.3010299956639813
1173 1.4771212547196624
1179 1.3010299956639813
1181 1.3010299956639813
1182 1.3010299956639813
1185 1.0
1188 1.0
1193 1.0
1198 1.3010299956639813
1203 1.0
1213 1.0
1214 1.3010299956639813
1216 1.0
1217 1.6989700043360187
1221 1.3010299956639813
1222 1.3010299956639813
1225 1.0
1227 1.0
1228 1.3010299956639813
1232 1.0
1235 1.3010299956639813
1238 1.0
1241 1.3010299956639813
1242 1.0
1243 1.0
1258 1.6020599913279625
1260 1.4771212547196624
1263 1.0
1264 1.0
1266 1.0
1267 1.4771212547196624
1268 2.4771212547196626
1270 1.6989700043360187
1272 1.0
1273 1.0
1276 1.0
1277 2.0413926851582254
1280 1.0
1281 1.0
1285 1.4771212547196624
1286 1.6020599913279625
1290 1.3010299956639813
1295 1.3010299956639813
1300 1.3010299956639813
1304 1.6020599913279625
1312 1.3010299956639813
1313 1.0
1317 1.0
1318 1.0
1321 1.0
1324 1.0
