16 1.0
102 1.0
142 1.7781512503836436
157 1.3010299956639813
185 1.0
234 1.6020599913279625
244 1.3010299956639813
247 1.0
251 1.3010299956639813
296 1.4771212547196624
297 1.0
302 1.0
317 1.6020599913279625
319 1.7781512503836436
326 1.0
329 1.0
364 1.6989700043360187
367 1.0
424 1.0
438 1.3010299956639813
444 1.0
463 1.0
472 1.0
473 1.3010299956639813
524 1.0
529 1.0
539 1.0
541 1.0
565 2.1760912590556813
566 1.0
665 1.0
681 1.3010299956639813
703 1.0
774 1.9542425094393248
808 1.0
824 1.3010299956639813
825 1.3010299956639813
826 1.0
842 1.3010299956639813
866 2.113943352306837
876 1.0
903 1.0
926 1.0
939 1.0
988 1.3010299956639813
989 1.0
1062 1.0
1129 2.3222192947339195
1130 2.3222192947339195
1137 1.0
1138 1.0
1141 1.3010299956639813
1142 1.3010299956639813
1143 2.4313637641589874
1144 2.4313637641589874
1170 1.0
1192 2.0
