2 1.3010299956639813
8 1.0
14 1.0
17 1.9030899869919435
23 1.0
24 1.0
38 1.0
39 1.0
41 1.6020599913279625
45 1.4771212547196624
51 1.3010299956639813
53 1.4771212547196624
55 1.0
59 1.0
60 1.0
62 1.4771212547196624
67 1.4771212547196624
69 1.3010299956639813
74 1.6989700043360187
81 1.0
84 1.0
86 1.3010299956639813
89 1.4771212547196624
90 1.3010299956639813
93 1.0
94 1.0
96 1.3010299956639813
100 1.7781512503836436
102 1.0
107 1.0
109 1.3010299956639813
113 1.3010299956639813
114 1.3010299956639813
118 1.0
119 1.0
131 1.3010299956639813
132 1.4771212547196624
137 1.0
138 1.0
139 1.0
142 1.0
144 1.7781512503836436
152 1.3010299956639813
157 1.6020599913279625
163 1.4771212547196624
165 1.3010299956639813
166 1.0
174 1.0
179 1.0
181 1.0
185 1.3010299956639813
193 1.7781512503836436
200 1.0
201 1.0
202 1.0
205 1.0
212 1.0
219 1.0
229 1.0
230 1.0
233 1.0
236 1.0
249 1.0
256 1.0
267 1.3010299956639813
268 1.3010299956639813
270 1.3010299956639813
272 1.0
274 1.4771212547196624
279 1.0
280 1.0
281 1.6020599913279625
287 1.6989700043360187
288 1.3010299956639813
293 1.0
301 1.3010299956639813
304 1.0
307 1.0
312 1.0
318 1.3010299956639813
319 1.3010299956639813
323 1.7781512503836436
326 1.6020599913279625
327 1.9542425094393248
337 1.3010299956639813
341 1.4771212547196624
344 1.0
351 1.6020599913279625
353 1.0
354 1.0
360 1.0
363 1.0
364 1.4771212547196624
365 1.0
367 1.0
372 1.0
375 1.0
380 1.845098040014257
388 1.3010299956639813
395 1.0
396 1.0
397 1.3010299956639813
400 1.7781512503836436
401 1.0
408 1.6989700043360187
410 1.0
417 1.0
430 1.4771212547196624
431 1.3010299956639813
433 1.0
439 1.0
442 1.3010299956639813
443 1.4771212547196624
445 1.3010299956639813
449 1.0
450 1.0
454 1.0
459 1.6020599913279625
467 1.0
471 1.0
473 1.0
477 1.0
479 1.3010299956639813
482 1.0
488 1.6020599913279625
493 1.0
494 1.3010299956639813
495 1.0
496 1.0
497 1.0
501 1.3010299956639813
506 1.0
510 1.0
511 1.0
514 1.0
523 1.0
527 1.0
534 1.7781512503836436
537 1.4771212547196624
539 1.0
540 1.4771212547196624
541 1.0
556 1.3010299956639813
559 1.3010299956639813
571 1.0
578 1.3010299956639813
582 1.0
583 1.0
587 1.3010299956639813
589 1.0
595 1.0
596 1.0
597 1.0
598 1.0
608 1.0
610 1.0
614 1.7781512503836436
615 1.0
617 1.0
622 1.6020599913279625
629 1.0
630 1.0
640 1.4771212547196624
642 1.0
644 1.3010299956639813
650 1.3010299956639813
656 1.0
657 1.3010299956639813
659 1.0
664 1.3010299956639813
669 1.6020599913279625
680 1.3010299956639813
682 1.4771212547196624
687 1.4771212547196624
690 1.0
691 1.0
694 1.4771212547196624
698 1.0
699 1.0
701 1.0
703 1.6989700043360187
705 1.0
706 1.0
708 1.0
712 1.0
715 1.0
717 1.0
720 1.0
723 1.3010299956639813
731 1.0
732 1.3010299956639813
736 1.0
737 1.3010299956639813
741 1.4771212547196624
742 1.3010299956639813
748 1.0
751 1.3010299956639813
757 1.0
759 1.0
771 1.3010299956639813
780 1.0
781 1.0
787 1.0
794 1.6020599913279625
795 1.4771212547196624
796 1.0
797 1.3010299956639813
800 1.0
802 1.0
803 1.0
810 1.0
812 1.3010299956639813
815 1.0
821 1.6020599913279625
823 1.3010299956639813
824 1.0
825 1.0
827 1.0
837 1.3010299956639813
838 1.0
839 1.0
840 1.0
856 1.0
864 1.0
867 1.0
868 1.4771212547196624
869 1.4771212547196624
871 1.3010299956639813
874 1.0
879 1.3010299956639813
883 1.4771212547196624
887 1.0
889 1.4771212547196624
890 1.4771212547196624
893 1.0
895 1.0
896 1.0
898 1.0
903 1.3010299956639813
909 1.0
910 1.0
911 1.0
914 1.3010299956639813
917 1.4771212547196624
928 1.0
930 1.0
932 1.3010299956639813
935 1.0
939 1.4771212547196624
941 1.0
942 1.0
943 1.3010299956639813
944 1.3010299956639813
968 1.4771212547196624
976 1.0
979 1.0
989 1.0
1000 1.0
1004 1.3010299956639813
1005 1.0
1010 1.4771212547196624
1011 1.0
1012 1.0
1014 1.0
1015 1.0
1016 1.3010299956639813
1020 1.0
1021 1.3010299956639813
1022 1.0
1026 1.4771212547196624
1027 1.0
1028 1.4771212547196624
1034 1.0
1037 1.4771212547196624
1044 1.0
1045 1.0
1048 1.6989700043360187
1050 1.0
1054 1.4771212547196624
1057 1.0
1058 1.0
1062 1.7781512503836436
1063 1.0
1064 1.0
1066 1.7781512503836436
1072 1.6020599913279625
1074 1.3010299956639813
1075 1.3010299956639813
1077 1.0
1083 1.4771212547196624
1088 1.3010299956639813
1090 1.0
1091 1.0
1093 1.3010299956639813
1095 1.0
1097 1.0
1099 1.0
1101 1.3010299956639813
1111 1.0
1112 1.0
1113 1.0
1114 1.3010299956639813
1115 1.0
1116 1.0
1117 1.0
1118 1.0
1124 1.0
1127 1.0
1128 1.0
1129 2.3010299956639813
1130 2.3010299956639813
1135 1.0
1136 1.0
1139 1.0
1140 2.079181246047625
1141 1.3010299956639813
1142 1.3010299956639813
1143 1.3010299956639813
1144 1.3010299956639813
1149 1.6020599913279625
1150 1.6989700043360187
1151 1.0
1153 1.3010299956639813
1160 1.3010299956639813
1161 1.0
1165 1.3010299956639813
1169 1.0
1171 1.0
1180 1.0
1182 1.6989700043360187
1184 1.6989700043360187
1187 1.0
1189 1.9542425094393248
1194 1.0
1198 1.0
1221 1.0
1226 1.0
1227 1.0
1228 1.0
1230 1.3010299956639813
1233 1.0
1234 1.0
1235 1.4771212547196624
1236 1.0
1238 1.0
1239 1.0
1241 1.4771212547196624
1247 1.0
1254 1.0
1261 1.6020599913279625
1265 1.0
1266 1.0
1268 1.6989700043360187
1270 1.0
1275 1.4771212547196624
1276 1.3010299956639813
1277 1.4771212547196624
1278 1.0
1279 1.7781512503836436
1280 1.6020599913279625
1285 1.6020599913279625
1289 1.4771212547196624
1290 1.0
1300 1.0
1301 1.0
1302 1.0
1304 1.0
1309 1.0
1311 1.0
1313 1.3010299956639813
1318 1.3010299956639813
1324 1.0
