38 1.3010299956639813
61 1.0
70 1.0
80 1.0
97 1.0
134 1.0
173 1.3010299956639813
207 1.0
223 1.0
228 1.0
249 1.0
271 1.3010299956639813
277 1.0
285 1.0
288 1.3010299956639813
305 1.0
365 1.4771212547196624
410 1.0
424 1.0
437 1.3010299956639813
446 1.0
449 1.3010299956639813
462 1.0
469 1.0
490 1.0
533 1.0
537 1.0
539 1.0
546 1.0
581 1.0
584 1.3010299956639813
585 1.3010299956639813
601 1.0
616 1.0
620 1.0
631 1.0
670 1.0
685 1.0
710 1.0
734 1.0
765 1.0
790 1.0
855 1.3010299956639813
872 1.0
933 1.0
1006 1.0
1023 1.6020599913279625
1105 1.0
1106 1.0
1108 1.3010299956639813
1151 1.0
1243 1.0
