61 1.0
91 1.0
103 1.4771212547196624
132 1.0
145 1.4771212547196624
157 1.0
158 1.0
163 1.0
182 1.0
184 1.0
185 1.0
192 1.0
207 1.3010299956639813
229 1.0
236 1.0
241 1.3010299956639813
244 1.0
259 1.0
261 1.0
274 1.6020599913279625
287 1.3010299956639813
302 1.3010299956639813
307 1.6020599913279625
308 1.0
310 1.0
315 1.0
324 1.0
335 1.0
346 1.4771212547196624
352 1.6020599913279625
354 1.0
382 1.6020599913279625
391 1.0
398 2.0
417 1.0
429 1.0
433 1.0
455 1.0
460 1.0
461 1.0
560 1.0
589 1.9542425094393248
591 1.3010299956639813
592 1.9542425094393248
596 1.3010299956639813
599 1.0
601 1.0
623 1.0
628 1.3010299956639813
630 1.9030899869919435
631 1.0
656 1.3010299956639813
677 1.0
679 1.3010299956639813
693 1.0
703 1.0
761 1.4771212547196624
766 1.0
769 1.0
771 1.0
772 1.7781512503836436
778 1.4771212547196624
786 1.0
788 1.0
790 1.6020599913279625
800 1.4771212547196624
802 1.0
803 1.0
806 1.3010299956639813
814 1.4771212547196624
829 1.0
830 1.6020599913279625
839 1.0
840 1.0
849 1.7781512503836436
851 1.0
857 1.6020599913279625
882 1.0
884 1.0
889 1.0
890 1.0
893 1.3010299956639813
897 1.4771212547196624
899 1.0
912 1.0
916 1.9030899869919435
919 1.3010299956639813
924 1.4771212547196624
925 1.0
929 1.0
930 1.4771212547196624
935 1.0
952 1.0
957 1.3010299956639813
959 1.0
966 1.6020599913279625
971 1.0
977 1.0
982 1.6989700043360187
984 1.3010299956639813
998 1.3010299956639813
1016 1.0
1019 1.0
1045 1.0
1064 1.0
1068 1.4771212547196624
1083 1.0
1104 1.3010299956639813
1105 1.0
1106 1.0
1125 1.3010299956639813
1129 1.3010299956639813
1130 1.3010299956639813
1150 1.0
1196 1.0
1226 1.0
1229 1.3010299956639813
1241 1.0
1243 1.3010299956639813
1259 1.3010299956639813
1263 1.0
1268 1.0
1293 1.845098040014257
1298 1.0
1313 1.0
1321 1.6020599913279625
