6 1.0
16 1.0
27 1.0
28 1.0
49 1.4771212547196624
65 1.4771212547196624
68 1.3010299956639813
74 1.6989700043360187
100 1.6020599913279625
110 1.0
111 1.6020599913279625
115 1.0
120 1.3010299956639813
121 1.6020599913279625
128 1.0
135 1.0
158 1.4771212547196624
171 1.0
174 1.0
182 1.0
202 1.0
207 1.4771212547196624
209 1.6020599913279625
211 1.0
213 1.0
214 1.0
216 1.3010299956639813
217 1.3010299956639813
218 1.6989700043360187
219 1.0
220 1.0
222 1.0
224 1.3010299956639813
229 1.3010299956639813
231 1.4771212547196624
232 1.0
235 1.0
237 1.0
238 1.3010299956639813
239 1.3010299956639813
246 1.3010299956639813
248 1.0
253 1.0
256 1.0
260 1.0
261 1.3010299956639813
264 1.0
271 1.0
276 1.4771212547196624
278 1.4771212547196624
289 1.4771212547196624
293 1.0
313 1.0
319 1.0
321 1.0
324 1.0
329 1.0
330 1.4771212547196624
342 1.0
370 1.0
387 1.0
408 1.0
417 1.0
429 1.0
452 1.3010299956639813
453 1.0
457 1.0
470 1.0
482 1.0
486 1.3010299956639813
499 1.0
506 1.0
509 1.6989700043360187
517 1.3010299956639813
522 1.0
527 1.0
531 1.0
537 1.7781512503836436
541 1.0
568 1.0
569 1.0
570 1.0
571 1.4771212547196624
572 1.0
575 1.0
576 1.6020599913279625
579 1.0
586 1.0
589 1.0
590 1.0
593 1.0
601 1.0
613 1.0
615 1.845098040014257
616 1.4771212547196624
618 1.6989700043360187
622 1.0
624 1.0
651 1.0
661 1.0
665 1.0
679 1.3010299956639813
681 1.4771212547196624
685 1.3010299956639813
703 1.0
704 1.0
714 1.3010299956639813
716 1.3010299956639813
719 1.3010299956639813
731 1.0
733 1.3010299956639813
734 1.3010299956639813
736 1.0
740 1.4771212547196624
745 1.0
748 1.0
756 1.0
769 1.3010299956639813
772 1.0
779 1.0
783 1.0
785 1.0
788 1.3010299956639813
790 1.0
791 1.0
807 1.3010299956639813
812 1.3010299956639813
819 1.0
831 1.3010299956639813
839 1.0
840 1.0
842 1.0
847 1.0
848 1.6020599913279625
853 1.4771212547196624
870 1.3010299956639813
871 1.0
887 1.0
888 1.4771212547196624
892 1.0
904 1.0
912 1.3010299956639813
920 1.0
934 1.3010299956639813
935 1.4771212547196624
948 1.0
963 1.0
984 1.6020599913279625
985 1.0
1002 1.3010299956639813
1008 1.3010299956639813
1020 1.4771212547196624
1028 1.7781512503836436
1065 1.3010299956639813
1070 1.0
1072 1.3010299956639813
1081 1.0
1083 1.4771212547196624
1084 1.0
1086 1.3010299956639813
1092 1.3010299956639813
1096 1.0
1127 1.0
1128 1.0
1143 1.0
1144 1.0
1153 1.0
1186 1.0
1202 1.845098040014257
1205 1.0
1233 1.0
1234 1.0
1237 1.6020599913279625
1252 1.0
1263 1.0
1271 1.0
1273 1.0
1277 1.3010299956639813
1298 1.6020599913279625
1303 1.0
1315 1.0
