2 1.0
3 1.0
4 1.0
5 1.9030899869919435
6 1.4771212547196624
11 1.0
12 1.0
13 1.0
17 1.3010299956639813
21 1.0
24 1.0
33 1.0
34 1.0
36 1.0
41 1.0
43 1.0
45 1.3010299956639813
47 1.0
50 1.0
56 1.4771212547196624
57 1.3010299956639813
58 1.0
65 1.3010299956639813
71 1.0
84 1.0
91 1.0
94 1.0
104 1.0
107 1.0
108 1.0
109 1.0
110 1.0
111 1.3010299956639813
112 1.3010299956639813
115 1.0
126 1.3010299956639813
127 1.0
130 1.0
134 1.0
136 1.4771212547196624
139 1.0
140 1.0
152 1.3010299956639813
161 1.3010299956639813
174 1.3010299956639813
179 1.0
189 1.0
209 1.3010299956639813
213 1.0
214 1.0
217 1.0
219 1.0
220 1.0
221 1.0
223 1.0
224 1.0
235 1.0
242 1.0
245 1.0
253 1.0
254 1.0
255 1.0
257 1.4771212547196624
264 1.0
270 1.3010299956639813
271 1.4771212547196624
276 1.0
279 1.0
284 1.3010299956639813
287 1.0
288 1.0
290 1.0
299 1.0
303 1.3010299956639813
304 1.6989700043360187
309 1.0
311 1.3010299956639813
312 1.0
316 1.3010299956639813
317 1.0
319 1.3010299956639813
323 1.0
324 1.3010299956639813
329 1.0
330 1.0
332 1.0
337 1.0
343 1.3010299956639813
344 1.0
354 1.3010299956639813
365 1.3010299956639813
370 1.0
373 1.0
379 1.6020599913279625
380 1.4771212547196624
388 1.0
389 1.0
400 1.6020599913279625
405 1.0
409 1.0
430 1.7781512503836436
433 1.0
437 1.0
440 1.4771212547196624
442 1.0
444 1.0
453 1.0
457 1.0
463 1.4771212547196624
494 1.3010299956639813
499 1.0
503 1.3010299956639813
508 1.0
515 1.0
517 1.3010299956639813
518 1.0
524 1.4771212547196624
527 1.0
534 1.3010299956639813
542 1.0
551 1.0
552 1.4771212547196624
553 1.0
559 1.0
564 1.0
565 1.0
566 1.0
568 1.0
569 1.0
576 1.0
577 1.3010299956639813
582 1.0
583 1.0
584 1.0
585 1.0
592 1.0
595 1.3010299956639813
597 1.0
598 1.0
602 1.0
603 1.0
610 1.0
611 1.0
620 1.0
622 1.3010299956639813
629 1.3010299956639813
643 1.0
650 1.3010299956639813
653 1.6020599913279625
656 1.3010299956639813
666 1.0
670 1.0
671 1.0
674 1.3010299956639813
675 1.3010299956639813
677 1.0
679 1.0
681 1.0
682 1.0
687 1.0
688 1.0
690 1.0
691 1.3010299956639813
695 1.3010299956639813
698 1.0
702 1.6020599913279625
703 1.0
704 1.0
707 1.6020599913279625
708 1.3010299956639813
714 1.0
721 1.4771212547196624
723 1.0
724 1.0
731 1.4771212547196624
732 1.0
735 1.0
740 1.0
744 1.0
763 1.3010299956639813
764 1.3010299956639813
765 1.3010299956639813
768 1.0
775 1.4771212547196624
779 1.4771212547196624
781 1.4771212547196624
788 1.3010299956639813
790 1.3010299956639813
808 1.0
810 1.0
819 1.0
820 1.0
838 1.0
839 1.3010299956639813
840 1.3010299956639813
850 1.0
856 1.0
866 1.0
868 1.3010299956639813
869 1.3010299956639813
870 1.0
878 1.3010299956639813
880 1.0
884 1.4771212547196624
891 1.0
893 1.0
895 1.0
896 1.0
900 1.0
901 1.0
913 1.0
914 1.0
919 1.0
929 1.3010299956639813
932 1.0
933 1.0
945 1.0
979 1.0
989 1.0
994 1.0
996 1.0
1001 1.0
1005 1.0
1016 1.4771212547196624
1028 1.4771212547196624
1029 1.0
1030 1.0
1050 1.3010299956639813
1055 1.3010299956639813
1074 1.3010299956639813
1075 1.3010299956639813
1078 1.0
1080 1.0
1085 1.0
1086 1.0
1091 1.4771212547196624
1093 1.0
1099 1.3010299956639813
1101 1.0
1104 1.4771212547196624
1121 1.0
1129 1.6989700043360187
1130 1.6989700043360187
1135 1.3010299956639813
1136 1.3010299956639813
1139 1.3010299956639813
1140 1.4771212547196624
1145 1.6989700043360187
1146 1.6989700043360187
1147 1.3010299956639813
1148 1.3010299956639813
1150 1.4771212547196624
1151 1.3010299956639813
1153 1.0
1158 1.0
1159 1.0
1161 1.3010299956639813
1162 1.3010299956639813
1168 1.0
1170 1.3010299956639813
1173 1.0
1176 1.6989700043360187
1180 1.0
1189 1.0
1192 1.6020599913279625
1218 1.0
1230 1.0
1240 1.0
1241 1.3010299956639813
1254 1.0
1257 1.0
1258 1.3010299956639813
1260 1.3010299956639813
1265 1.3010299956639813
1268 1.0
1271 1.0
1275 1.3010299956639813
1276 1.0
1277 1.3010299956639813
1279 1.0
1285 1.4771212547196624
1287 1.0
1289 1.0
1290 1.0
1299 1.3010299956639813
1304 1.0
1307 1.0
1314 1.0
1322 1.0
1324 1.3010299956639813
