79 1.0
174 1.0
176 1.0
181 1.0
256 1.0
273 1.3010299956639813
306 1.0
319 1.0
340 1.0
346 1.0
364 1.0
380 1.0
432 1.0
444 1.0
491 1.0
494 1.0
496 1.4771212547196624
497 1.0
498 1.0
517 1.0
537 1.3010299956639813
540 1.0
571 1.0
576 1.0
589 1.0
596 1.0
689 1.0
691 1.0
694 1.4771212547196624
700 1.0
770 1.0
850 1.0
901 1.0
902 1.0
1026 1.0
1029 1.0
1074 1.0
1075 1.0
1085 1.0
1117 1.3010299956639813
1118 1.3010299956639813
1119 1.0
1149 1.0
1150 1.0
1218 1.0
1234 1.4771212547196624
1236 1.0
1261 1.0
1274 1.0
