0 1.0
7 1.0
12 1.0
29 1.0
93 1.0
110 1.9030899869919435
176 1.0
242 1.0
253 1.0
257 1.0
274 1.4771212547196624
277 1.4771212547196624
300 1.0
306 1.0
307 1.0
314 1.4771212547196624
353 1.0
398 1.0
485 1.0
541 1.4771212547196624
558 1.4771212547196624
561 1.0
565 1.3010299956639813
575 1.0
588 1.0
591 1.0
593 1.0
615 1.0
643 1.0
671 1.0
715 1.0
743 1.0
787 1.0
812 1.0
836 1.3010299956639813
845 1.3010299956639813
849 1.0
889 1.0
890 1.0
893 1.0
904 1.0
910 1.0
911 1.0
935 1.0
938 1.7781512503836436
939 1.0
979 1.0
1000 1.0
1047 1.3010299956639813
1056 1.0
1060 1.0
1076 1.0
1079 1.0
1167 1.0
1188 1.6989700043360187
1196 1.0
1251 1.3010299956639813
