6 1.0
48 1.0
59 1.3010299956639813
60 1.3010299956639813
65 1.0
70 1.3010299956639813
83 1.3010299956639813
90 1.0
91 1.0
143 1.0
155 1.0
199 1.4771212547196624
208 1.3010299956639813
214 1.0
248 1.0
266 1.6020599913279625
271 1.0
274 1.0
278 1.0
335 1.3010299956639813
399 1.0
402 1.0
405 1.0
409 1.0
426 1.0
431 1.0
433 1.0
438 1.3010299956639813
441 1.0
444 1.0
454 1.3010299956639813
476 1.0
496 1.0
505 1.0
509 1.0
517 1.0
542 1.0
543 1.0
544 1.0
597 1.4771212547196624
598 1.4771212547196624
659 1.0
667 1.0
677 1.0
688 1.4771212547196624
699 1.0
708 1.3010299956639813
769 1.3010299956639813
807 1.0
847 1.0
855 1.3010299956639813
870 1.3010299956639813
881 1.0
896 1.0
897 1.4771212547196624
926 1.0
952 1.0
968 1.0
1036 1.0
1039 1.0
1127 1.0
1128 1.0
1129 1.0
1130 1.0
1272 1.0
