3 1.3010299956639813
5 2.204119982655925
9 1.3010299956639813
14 1.3010299956639813
16 1.3010299956639813
17 1.6989700043360187
18 1.3010299956639813
21 1.6989700043360187
22 1.0
24 1.0
25 1.0
31 1.6020599913279625
38 1.0
39 1.0
47 1.3010299956639813
49 1.0
55 1.0
56 1.3010299956639813
58 1.3010299956639813
65 1.6020599913279625
67 1.3010299956639813
68 1.3010299956639813
69 1.9030899869919435
73 1.0
75 2.0413926851582254
77 1.7781512503836436
90 1.0
91 1.6989700043360187
94 1.6020599913279625
95 1.0
96 1.9542425094393248
99 1.3010299956639813
100 1.3010299956639813
106 1.3010299956639813
107 1.6989700043360187
109 1.0
110 1.845098040014257
117 1.4771212547196624
120 1.0
126 1.3010299956639813
127 1.845098040014257
131 1.0
132 1.4771212547196624
133 1.3010299956639813
136 1.3010299956639813
139 1.7781512503836436
140 1.6020599913279625
142 1.3010299956639813
145 1.9542425094393248
148 1.3010299956639813
149 1.9030899869919435
150 1.6020599913279625
154 1.3010299956639813
155 1.3010299956639813
156 1.4771212547196624
158 1.6020599913279625
161 1.6989700043360187
176 1.6020599913279625
180 1.6989700043360187
185 1.0
189 1.845098040014257
192 1.6989700043360187
193 2.230448921378274
194 1.0
200 1.7781512503836436
201 1.7781512503836436
202 1.7781512503836436
204 1.4771212547196624
207 1.0
211 1.7781512503836436
212 1.3010299956639813
213 1.3010299956639813
215 1.0
219 1.3010299956639813
220 1.6989700043360187
223 1.4771212547196624
229 1.6020599913279625
230 1.3010299956639813
231 1.0
232 1.4771212547196624
233 1.0
243 1.4771212547196624
248 1.3010299956639813
251 2.079181246047625
252 1.0
254 1.6989700043360187
258 1.0
259 1.4771212547196624
260 1.3010299956639813
261 1.4771212547196624
262 1.9542425094393248
263 2.0
264 1.0
265 1.9030899869919435
267 2.079181246047625
269 1.0
270 1.0
273 1.3010299956639813
274 2.0413926851582254
275 1.3010299956639813
278 1.6020599913279625
279 1.845098040014257
280 2.0413926851582254
281 1.6020599913279625
284 1.6020599913279625
288 2.113943352306837
297 1.845098040014257
302 1.845098040014257
315 1.3010299956639813
316 1.0
317 1.845098040014257
318 1.0
319 2.0413926851582254
320 1.4771212547196624
321 1.0
322 1.7781512503836436
323 1.6020599913279625
325 1.4771212547196624
326 1.3010299956639813
327 1.7781512503836436
329 1.4771212547196624
330 1.7781512503836436
331 1.0
334 1.3010299956639813
337 1.6989700043360187
339 1.0
341 1.6989700043360187
342 1.6020599913279625
344 1.6989700043360187
349 2.230448921378274
353 1.4771212547196624
354 1.7781512503836436
361 1.3010299956639813
362 1.9542425094393248
364 2.5185139398778875
367 1.3010299956639813
368 1.6989700043360187
371 2.079181246047625
372 1.4771212547196624
375 1.6020599913279625
378 1.9542425094393248
380 1.7781512503836436
384 1.0
385 1.3010299956639813
388 1.6989700043360187
390 1.4771212547196624
391 1.3010299956639813
393 1.0
396 1.3010299956639813
397 2.146128035678238
398 1.6020599913279625
399 1.3010299956639813
400 1.4771212547196624
401 1.845098040014257
407 2.1760912590556813
408 1.6989700043360187
409 1.7781512503836436
410 1.3010299956639813
413 1.3010299956639813
417 1.6989700043360187
419 1.0
421 1.4771212547196624
433 1.3010299956639813
441 1.0
442 1.0
447 1.0
450 1.0
453 1.0
461 1.3010299956639813
462 1.0
463 1.3010299956639813
471 1.0
474 1.3010299956639813
482 1.9030899869919435
496 1.7781512503836436
497 2.230448921378274
499 1.0
503 1.6989700043360187
506 1.9542425094393248
507 1.0
513 1.4771212547196624
514 1.6989700043360187
518 1.9542425094393248
522 1.3010299956639813
523 1.3010299956639813
529 1.4771212547196624
533 1.0
540 1.6020599913279625
541 1.3010299956639813
550 1.7781512503836436
551 1.3010299956639813
553 1.0
554 1.6989700043360187
566 1.4771212547196624
567 1.3010299956639813
580 1.3010299956639813
586 1.4771212547196624
587 1.3010299956639813
588 1.6020599913279625
593 1.9542425094393248
601 1.3010299956639813
605 1.3010299956639813
606 1.3010299956639813
609 1.3010299956639813
611 1.0
615 1.6020599913279625
620 1.6020599913279625
627 1.4771212547196624
630 1.4771212547196624
633 2.0
635 1.4771212547196624
641 1.3010299956639813
644 1.6020599913279625
656 1.6020599913279625
657 1.4771212547196624
664 1.9030899869919435
666 1.0
669 1.6989700043360187
671 1.3010299956639813
674 1.0
675 1.0
676 1.6989700043360187
678 1.4771212547196624
685 1.0
689 1.7781512503836436
690 1.7781512503836436
691 1.0
692 1.7781512503836436
693 1.6020599913279625
697 1.0
700 1.0
701 1.6020599913279625
703 1.6020599913279625
704 1.9030899869919435
705 1.3010299956639813
706 1.6020599913279625
707 1.9030899869919435
715 1.4771212547196624
717 1.3010299956639813
720 1.4771212547196624
729 1.0
731 1.0
732 1.3010299956639813
733 1.845098040014257
740 1.4771212547196624
742 1.6020599913279625
748 1.0
749 1.4771212547196624
752 1.3010299956639813
755 1.3010299956639813
761 1.6989700043360187
764 2.079181246047625
769 1.3010299956639813
779 1.4771212547196624
785 1.3010299956639813
787 1.4771212547196624
790 1.6989700043360187
794 1.4771212547196624
795 1.6989700043360187
799 1.4771212547196624
802 1.9030899869919435
803 1.9030899869919435
807 1.3010299956639813
829 1.6020599913279625
830 1.0
834 1.0
835 1.0
841 1.3010299956639813
850 1.7781512503836436
851 1.4771212547196624
858 1.6020599913279625
863 1.0
865 1.0
866 1.4771212547196624
868 1.845098040014257
869 1.845098040014257
871 1.4771212547196624
872 2.0413926851582254
901 1.6989700043360187
903 1.4771212547196624
905 1.0
910 1.6989700043360187
914 1.4771212547196624
918 1.7781512503836436
926 2.0
927 1.6989700043360187
929 1.845098040014257
935 2.0
939 1.3010299956639813
940 1.3010299956639813
942 1.0
948 1.845098040014257
951 1.0
954 2.230448921378274
969 1.6020599913279625
978 1.0
983 1.0
994 1.845098040014257
1002 1.7781512503836436
1006 1.0
1019 1.6020599913279625
1020 1.0
1021 1.4771212547196624
1023 1.0
1026 1.3010299956639813
1027 1.6020599913279625
1028 1.9030899869919435
1032 1.0
1036 1.3010299956639813
1040 1.3010299956639813
1048 1.4771212547196624
1049 1.6989700043360187
1054 1.6989700043360187
1055 2.0
1056 1.9542425094393248
1061 1.0
1062 1.6020599913279625
1066 1.0
1071 1.6020599913279625
1072 1.6989700043360187
1088 1.4771212547196624
1092 1.0
1093 1.6020599913279625
1095 2.278753600952829
1096 1.6989700043360187
1097 1.0
1098 1.0
1099 1.845098040014257
1103 1.0
1127 1.7781512503836436
1128 1.7781512503836436
1129 2.146128035678238
1130 2.146128035678238
1135 1.3010299956639813
1136 1.3010299956639813
1147 1.7781512503836436
1148 1.7781512503836436
1149 1.845098040014257
1150 1.845098040014257
1151 1.3010299956639813
1152 1.4771212547196624
1154 1.6020599913279625
1158 1.3010299956639813
1160 1.845098040014257
1164 1.3010299956639813
1165 1.0
1172 1.3010299956639813
1184 1.0
1193 1.6020599913279625
1198 1.845098040014257
1199 1.3010299956639813
1202 1.0
1225 1.0
1227 1.845098040014257
1228 2.079181246047625
1233 1.4771212547196624
1234 1.4771212547196624
1235 1.4771212547196624
1239 1.4771212547196624
1241 1.6020599913279625
1243 1.4771212547196624
1259 1.6020599913279625
1265 1.7781512503836436
1266 1.3010299956639813
1270 1.3010299956639813
1271 1.0
1272 1.3010299956639813
1274 1.3010299956639813
1277 1.9542425094393248
1279 1.3010299956639813
1283 1.6989700043360187
1284 1.0
1285 1.9542425094393248
1289 1.4771212547196624
1293 1.0
1294 1.4771212547196624
1302 1.6989700043360187
1304 1.6989700043360187
1311 1.4771212547196624
1318 1.4771212547196624
