2 1.3010299956639813
7 1.0
9 1.0
12 1.0
13 1.0
17 1.3010299956639813
18 1.0
30 1.0
41 1.4771212547196624
42 1.0
51 1.0
53 1.0
56 1.0
58 1.0
62 1.0
67 1.0
75 1.3010299956639813
77 1.0
82 1.0
86 1.3010299956639813
94 1.3010299956639813
96 1.3010299956639813
132 1.0
146 1.4771212547196624
149 1.0
154 1.0
158 1.3010299956639813
168 1.3010299956639813
170 1.3010299956639813
171 1.0
180 1.0
186 1.0
187 1.0
189 1.0
190 1.0
193 1.6020599913279625
195 1.0
202 1.3010299956639813
204 1.3010299956639813
209 1.0
211 1.0
222 1.0
223 1.0
224 1.0
243 1.0
244 1.0
245 1.0
248 1.0
251 1.0
254 1.3010299956639813
265 1.3010299956639813
268 1.4771212547196624
271 1.0
275 1.0
280 1.4771212547196624
284 1.0
288 1.3010299956639813
290 1.0
291 1.0
298 1.0
304 1.3010299956639813
306 1.0
308 1.0
319 1.3010299956639813
322 1.4771212547196624
325 1.3010299956639813
327 1.0
337 1.0
340 1.0
349 1.3010299956639813
354 1.4771212547196624
364 1.0
368 1.3010299956639813
369 1.0
374 1.0
375 1.0
376 1.0
380 1.0
382 1.0
388 1.0
390 1.0
401 1.0
404 1.0
409 1.0
411 1.3010299956639813
412 1.0
418 1.0
425 1.0
429 1.0
432 1.0
436 1.0
438 1.0
440 1.3010299956639813
444 1.0
451 1.0
468 1.0
473 1.0
482 1.0
488 1.0
489 1.0
494 1.3010299956639813
496 1.3010299956639813
497 1.3010299956639813
500 1.0
503 1.0
506 1.3010299956639813
511 1.0
518 1.0
519 1.0
520 1.0
524 1.3010299956639813
534 1.0
537 1.0
539 1.0
541 1.0
543 1.0
544 1.0
545 1.4771212547196624
548 1.4771212547196624
550 1.0
551 1.0
576 1.0
584 1.0
585 1.0
588 1.0
589 1.0
599 1.0
614 1.0
626 1.0
627 1.0
633 1.0
647 1.0
652 1.0
661 1.0
664 1.0
676 1.0
678 1.0
680 1.0
682 1.3010299956639813
684 1.3010299956639813
687 1.0
689 1.3010299956639813
692 1.4771212547196624
694 1.0
699 1.0
705 1.0
706 1.3010299956639813
707 1.4771212547196624
714 1.0
717 1.0
722 1.0
723 1.0
725 1.0
728 1.0
733 1.0
739 1.0
741 1.3010299956639813
743 1.0
745 1.0
749 1.0
761 1.0
762 1.0
764 1.4771212547196624
770 1.0
771 1.0
782 1.3010299956639813
787 1.0
790 1.3010299956639813
793 1.0
802 1.0
803 1.0
811 1.0
829 1.0
843 1.0
845 1.3010299956639813
847 1.3010299956639813
850 1.3010299956639813
861 1.0
867 1.0
895 1.0
903 1.0
929 1.0
935 1.0
943 1.3010299956639813
944 1.3010299956639813
977 1.0
982 1.0
989 1.0
990 1.0
994 1.0
996 1.3010299956639813
1003 1.3010299956639813
1005 1.0
1014 1.0
1033 1.0
1037 1.0
1045 1.0
1046 1.0
1048 1.0
1053 1.4771212547196624
1054 1.0
1055 1.3010299956639813
1062 1.0
1074 1.0
1075 1.0
1083 1.0
1086 1.0
1093 1.0
1095 1.3010299956639813
1096 1.0
1105 1.0
1106 1.0
1114 1.0
1129 1.4771212547196624
1130 1.4771212547196624
1139 1.0
1140 1.0
1149 1.4771212547196624
1150 1.4771212547196624
1160 1.3010299956639813
1162 1.3010299956639813
1169 1.0
1170 1.3010299956639813
1172 1.0
1173 1.6989700043360187
1177 1.0
1178 1.3010299956639813
1181 1.3010299956639813
1182 1.6989700043360187
1189 1.0
1193 1.0
1197 1.0
1198 1.3010299956639813
1203 1.0
1228 1.0
1234 1.0
1236 1.0
1240 1.0
1249 1.0
1256 1.0
1274 1.0
1286 1.3010299956639813
1287 1.0
1289 1.0
1291 1.0
1295 1.0
1301 1.0
1302 1.3010299956639813
1303 1.0
1309 1.0
1312 1.0
1313 1.0
1321 1.0
