16 1.0
28 1.0
31 1.0
61 1.3010299956639813
65 1.0
75 1.3010299956639813
176 1.0
202 1.0
208 1.0
217 1.0
247 1.0
253 1.0
261 1.0
265 1.0
272 1.0
274 1.0
293 1.0
399 1.0
420 1.6989700043360187
425 1.0
440 1.0
495 1.0
558 1.0
576 1.0
592 1.0
613 1.0
621 1.0
626 1.0
633 1.3010299956639813
688 1.0
694 1.0
707 1.0
721 1.0
761 1.0
788 1.0
794 1.0
802 1.3010299956639813
803 1.3010299956639813
807 1.0
811 1.0
895 1.0
901 1.0
906 1.3010299956639813
963 1.3010299956639813
964 1.3010299956639813
1044 1.0
1104 1.0
1124 1.0
1203 1.0
1213 1.0
1221 1.3010299956639813
1237 1.0
1238 1.0
1283 1.0
1286 1.0
1304 1.0
