1 1.0
5 2.1760912590556813
31 1.0
66 1.0
83 1.0
107 1.3010299956639813
111 1.3010299956639813
113 1.6989700043360187
114 1.6989700043360187
137 1.3010299956639813
208 1.0
212 1.0
217 1.3010299956639813
242 1.0
265 1.3010299956639813
274 1.6989700043360187
302 1.0
315 1.0
319 1.0
333 1.0
354 1.3010299956639813
364 1.0
394 1.6020599913279625
402 1.0
409 1.0
424 1.0
482 1.0
490 1.0
517 1.0
555 1.4771212547196624
558 1.0
586 1.0
589 1.0
601 1.0
644 1.0
659 1.0
668 1.0
693 1.0
708 1.0
768 1.0
782 1.0
783 1.0
794 1.0
795 1.0
843 1.0
850 1.0
851 1.0
893 1.0
897 1.6020599913279625
928 1.0
929 1.0
940 1.0
979 1.4771212547196624
982 1.3010299956639813
1007 1.0
1008 1.0
1011 1.0
1012 1.0
1013 1.0
1028 1.0
1029 1.0
1089 1.0
1124 1.0
1129 1.3010299956639813
1130 1.3010299956639813
1161 1.3010299956639813
1166 1.0
1182 1.0
1263 1.0
1281 1.0
1285 1.0
1309 1.0
1311 1.0
1319 1.0
