3 1.0
14 1.0
71 1.0
89 1.0
117 1.0
144 1.0
155 1.0
160 1.0
161 1.4771212547196624
162 1.6989700043360187
192 1.0
211 1.0
216 1.3010299956639813
219 1.0
220 1.3010299956639813
228 1.4771212547196624
244 1.3010299956639813
262 1.845098040014257
263 1.0
267 1.0
285 1.0
305 1.0
307 1.0
317 1.6020599913279625
319 1.6020599913279625
320 1.0
323 1.0
326 1.0
344 1.0
363 1.6020599913279625
364 1.3010299956639813
371 1.4771212547196624
390 1.0
391 1.0
397 1.0
406 1.0
407 1.6020599913279625
421 1.0
455 1.0
482 1.6989700043360187
489 1.0
508 1.3010299956639813
513 1.0
531 1.0
575 1.0
596 1.0
677 1.6989700043360187
679 1.0
682 1.0
696 1.3010299956639813
749 1.0
824 1.0
825 1.0
845 1.0
858 1.3010299956639813
878 1.0
908 1.3010299956639813
924 1.0
941 1.0
1026 1.0
1027 1.0
1099 1.0
1101 1.0
1139 1.845098040014257
1140 1.9030899869919435
1145 1.0
1146 1.0
1147 1.0
1148 1.0
1149 1.0
1150 1.0
1161 1.0
1227 1.0
1228 1.7781512503836436
1231 1.3010299956639813
1235 1.0
1238 1.0
1241 1.0
1259 1.0
1265 1.3010299956639813
1277 1.3010299956639813
1286 1.0
1294 1.3010299956639813
1318 1.0
