8 1.0
12 1.0
21 1.4771212547196624
33 1.3010299956639813
34 1.0
35 1.0
41 1.0
45 1.0
50 1.0
51 1.0
54 1.0
59 1.0
60 1.0
61 1.0
65 1.0
68 1.0
69 1.6020599913279625
70 1.3010299956639813
75 1.0
77 1.3010299956639813
84 1.4771212547196624
91 1.3010299956639813
93 1.0
100 1.0
111 1.0
113 1.3010299956639813
114 1.3010299956639813
115 1.0
117 1.0
118 1.0
123 1.0
124 1.0
130 1.0
132 1.0
136 1.0
137 1.3010299956639813
139 1.0
140 1.0
146 1.0
149 1.0
163 1.0
179 1.0
217 1.0
221 1.0
229 1.0
230 1.0
237 1.0
244 1.0
247 1.0
254 1.0
261 1.0
267 1.3010299956639813
271 1.0
273 1.0
274 1.0
276 1.0
278 1.0
283 1.0
287 1.0
288 1.0
289 1.0
290 1.0
302 1.6020599913279625
305 1.7781512503836436
322 1.0
323 1.0
327 1.0
332 1.0
334 1.0
337 1.3010299956639813
340 1.3010299956639813
343 1.0
344 1.3010299956639813
346 1.3010299956639813
353 1.0
355 1.0
358 1.0
362 1.4771212547196624
365 1.0
366 1.3010299956639813
367 1.0
372 1.0
373 1.0
378 1.3010299956639813
395 1.0
400 1.0
401 1.3010299956639813
402 1.0
403 1.3010299956639813
408 1.0
409 1.3010299956639813
410 1.0
414 1.3010299956639813
420 1.4771212547196624
424 1.4771212547196624
429 1.0
463 1.0
469 1.0
472 1.0
473 1.4771212547196624
478 1.0
480 1.3010299956639813
486 1.0
488 1.0
496 1.0
501 1.0
503 1.0
506 1.4771212547196624
518 1.0
522 1.0
540 1.4771212547196624
546 1.0
550 1.0
554 1.0
564 1.0
575 1.7781512503836436
577 1.0
581 1.0
590 1.0
615 1.4771212547196624
619 1.6020599913279625
621 1.0
622 1.0
624 1.0
627 1.0
629 1.0
631 1.3010299956639813
632 1.0
636 1.0
640 2.0
645 1.6020599913279625
655 1.0
656 1.3010299956639813
657 1.0
658 1.0
659 1.0
661 1.0
664 1.3010299956639813
670 1.0
681 1.3010299956639813
686 1.0
687 1.3010299956639813
692 1.0
694 1.6989700043360187
695 1.3010299956639813
696 1.0
698 1.0
699 1.0
707 1.0
708 1.3010299956639813
710 1.0
713 1.0
714 1.3010299956639813
715 1.0
718 1.0
723 1.0
724 1.0
725 1.0
732 1.0
733 1.0
738 1.0
739 1.3010299956639813
741 1.6020599913279625
742 1.0
747 1.3010299956639813
750 1.0
754 1.0
756 1.0
758 1.3010299956639813
759 1.3010299956639813
763 1.0
768 1.0
775 1.0
778 1.4771212547196624
784 1.4771212547196624
788 1.3010299956639813
789 1.0
790 1.0
791 1.4771212547196624
793 1.4771212547196624
795 1.3010299956639813
796 1.3010299956639813
797 1.4771212547196624
798 1.3010299956639813
799 1.3010299956639813
800 1.3010299956639813
802 1.3010299956639813
803 1.3010299956639813
804 1.0
805 1.0
810 1.0
811 1.0
813 1.0
814 1.4771212547196624
816 1.3010299956639813
817 1.4771212547196624
818 1.4771212547196624
824 1.0
825 1.0
829 1.0
831 1.0
845 1.0
846 1.845098040014257
847 1.0
849 1.0
852 1.0
853 1.3010299956639813
854 1.3010299956639813
857 1.0
864 1.0
872 1.0
874 1.3010299956639813
877 1.4771212547196624
878 1.6989700043360187
881 1.0
885 1.0
887 1.4771212547196624
888 1.845098040014257
891 1.3010299956639813
894 1.0
895 1.0
897 1.3010299956639813
899 1.0
901 1.4771212547196624
910 1.6020599913279625
912 1.3010299956639813
916 1.3010299956639813
918 1.6020599913279625
919 1.4771212547196624
920 1.0
921 1.6989700043360187
924 1.0
925 1.3010299956639813
926 1.7781512503836436
928 1.0
933 1.3010299956639813
936 1.3010299956639813
937 1.0
938 1.6020599913279625
939 1.0
941 1.0
943 1.0
944 1.0
945 1.0
947 1.6020599913279625
948 1.0
949 1.0
952 1.3010299956639813
955 1.4771212547196624
957 1.3010299956639813
958 1.3010299956639813
959 1.3010299956639813
960 1.4771212547196624
961 1.0
962 1.0
964 1.6989700043360187
966 1.3010299956639813
968 1.0
973 1.3010299956639813
975 1.0
976 1.3010299956639813
977 1.0
981 1.0
982 1.3010299956639813
984 1.0
986 1.3010299956639813
989 1.0
990 1.6020599913279625
993 1.4771212547196624
994 1.6989700043360187
995 1.0
997 1.6020599913279625
1000 1.7781512503836436
1002 1.0
1003 1.0
1004 1.0
1005 1.0
1007 1.4771212547196624
1013 1.6989700043360187
1014 1.3010299956639813
1015 1.0
1016 1.0
1022 1.6989700043360187
1028 1.6020599913279625
1034 1.0
1040 1.0
1042 1.3010299956639813
1045 1.0
1049 1.0
1050 1.0
1052 1.3010299956639813
1057 1.0
1058 1.0
1062 1.0
1065 1.0
1068 1.0
1071 1.3010299956639813
1074 1.0
1075 1.0
1079 1.4771212547196624
1081 1.0
1082 1.0
1083 1.3010299956639813
1088 1.3010299956639813
1093 1.0
1095 1.0
1096 1.4771212547196624
1099 1.3010299956639813
1104 1.6989700043360187
1113 1.0
1114 1.3010299956639813
1117 1.0
1118 1.0
1119 1.4771212547196624
1121 1.4771212547196624
1122 1.0
1123 1.0
1124 1.7781512503836436
1127 1.3010299956639813
1128 1.3010299956639813
1129 1.0
1130 1.0
1131 1.0
1132 1.0
1135 1.0
1136 1.0
1137 1.0
1138 1.0
1139 1.3010299956639813
1140 1.3010299956639813
1141 1.0
1142 1.0
1149 1.0
1150 1.0
1153 1.0
1155 1.0
1159 1.0
1162 1.3010299956639813
1164 1.0
1170 1.0
1173 1.3010299956639813
1176 1.0
1177 1.0
1183 1.4771212547196624
1186 1.0
1190 1.0
1194 1.3010299956639813
1197 1.0
1198 1.0
1201 1.0
1203 1.0
1204 1.4771212547196624
1209 1.3010299956639813
1210 1.0
1211 1.0
1214 1.0
1218 1.0
1221 1.4771212547196624
1222 1.0
1226 1.7781512503836436
1235 1.0
1240 1.0
1249 1.0
1254 1.0
1260 1.4771212547196624
1272 1.0
1279 1.0
1280 1.0
1283 1.3010299956639813
1285 1.4771212547196624
1300 1.4771212547196624
1304 1.3010299956639813
1321 1.0
1323 1.0
