7 1.0
10 1.0
15 1.3010299956639813
31 1.0
41 1.0
43 1.0
45 1.0
48 1.3010299956639813
54 1.0
59 1.0
60 1.0
69 1.4771212547196624
70 1.0
75 1.6020599913279625
93 1.0
94 1.0
99 1.0
103 1.6020599913279625
110 1.3010299956639813
113 1.0
114 1.0
121 1.0
123 1.0
124 1.0
138 1.0
139 1.0
191 1.0
193 1.0
200 1.3010299956639813
201 1.3010299956639813
202 1.0
203 1.0
211 1.3010299956639813
213 1.0
220 1.0
223 1.0
224 1.0
226 1.3010299956639813
232 1.3010299956639813
234 1.3010299956639813
237 1.3010299956639813
243 1.0
245 1.0
265 1.0
271 1.0
274 1.3010299956639813
276 1.0
278 1.3010299956639813
280 1.6020599913279625
288 1.0
289 1.3010299956639813
302 1.0
309 1.0
319 1.0
323 1.0
327 1.0
341 1.3010299956639813
346 1.0
349 1.9542425094393248
355 1.3010299956639813
361 1.0
375 1.3010299956639813
383 1.0
385 1.0
386 1.4771212547196624
388 1.3010299956639813
392 1.0
401 1.3010299956639813
402 1.3010299956639813
422 1.0
427 1.0
429 1.0
434 1.6020599913279625
455 1.0
474 1.0
492 1.0
496 1.0
506 1.4771212547196624
518 1.4771212547196624
521 1.0
537 1.0
542 1.3010299956639813
543 1.0
544 1.0
555 1.3010299956639813
558 1.3010299956639813
566 1.0
577 1.0
584 1.3010299956639813
585 1.3010299956639813
588 1.3010299956639813
608 1.0
613 1.3010299956639813
614 1.0
629 1.0
633 1.0
644 1.0
645 1.0
653 1.0
655 1.0
661 1.0
664 1.6020599913279625
669 1.0
687 1.0
689 1.3010299956639813
692 1.0
693 1.3010299956639813
694 1.7781512503836436
696 1.4771212547196624
703 1.0
704 1.0
706 1.0
707 1.0
709 1.0
711 1.0
713 1.3010299956639813
714 1.0
716 1.0
718 1.0
720 1.0
723 1.0
724 1.3010299956639813
739 1.0
740 1.3010299956639813
741 1.0
750 1.0
754 1.0
756 1.0
758 1.0
759 1.0
761 1.0
782 1.0
790 1.0
796 1.0
798 1.0
802 1.3010299956639813
803 1.3010299956639813
811 1.0
812 1.0
845 1.0
868 1.0
869 1.0
871 1.0
885 1.0
895 1.0
914 1.0
918 1.0
929 1.3010299956639813
964 1.0
1002 1.3010299956639813
1005 1.3010299956639813
1013 1.0
1014 1.0
1019 1.4771212547196624
1028 1.0
1034 1.0
1036 1.0
1037 1.0
1039 1.0
1041 1.3010299956639813
1048 1.0
1049 1.0
1050 1.3010299956639813
1051 1.0
1064 1.3010299956639813
1071 1.0
1072 1.0
1074 1.0
1075 1.0
1078 1.0
1084 1.0
1085 1.0
1104 1.0
1109 1.3010299956639813
1110 1.0
1114 1.0
1117 1.0
1118 1.0
1121 1.0
1122 1.0
1126 1.0
1127 1.3010299956639813
1128 1.3010299956639813
1129 1.6989700043360187
1130 1.6989700043360187
1147 1.6020599913279625
1148 1.6020599913279625
1149 1.0
1150 1.0
1167 1.0
1183 1.3010299956639813
1193 1.0
1198 1.0
1199 1.0
1204 1.0
1206 1.0
1211 1.0
1214 1.0
1221 1.3010299956639813
1226 1.3010299956639813
1227 1.0
1228 1.0
1238 1.0
1241 1.0
1243 1.3010299956639813
1259 1.0
1267 1.0
1268 1.0
1270 1.0
1277 1.3010299956639813
1283 1.0
1285 1.4771212547196624
1286 1.0
1289 1.0
1295 1.0
1304 1.0
1305 1.0
1315 1.0
1317 1.0
1320 1.0
1323 1.0
