0 1.0
5 1.4771212547196624
18 1.0
41 1.0
53 1.0
77 1.0
110 1.0
161 1.0
166 1.0
168 1.0
203 1.0
208 1.0
234 1.0
274 1.6020599913279625
302 1.0
305 1.0
312 1.0
323 1.0
353 1.0
362 1.0
384 1.0
400 1.0
405 1.0
450 1.0
454 1.0
459 1.0
480 1.0
497 1.0
503 1.0
514 1.0
519 1.0
520 1.0
543 1.0
544 1.0
554 1.0
571 1.0
626 1.0
627 1.0
638 1.0
645 1.0
646 1.0
647 1.4771212547196624
656 1.0
661 1.0
695 1.0
698 1.0
707 1.0
722 1.0
724 1.0
749 1.3010299956639813
751 1.3010299956639813
764 1.3010299956639813
765 1.0
769 1.0
771 1.3010299956639813
812 1.3010299956639813
815 1.845098040014257
831 1.0
842 1.0
861 1.0
876 1.0
901 1.0
906 1.6020599913279625
909 1.0
922 1.3010299956639813
938 1.0
989 1.0
1014 1.9542425094393248
1028 1.0
1034 1.3010299956639813
1048 1.0
1065 1.0
1074 1.0
1075 1.0
1079 1.0
1083 1.0
1084 1.3010299956639813
1114 1.0
1129 1.6020599913279625
1130 1.6020599913279625
1153 1.0
1159 1.0
1171 1.9542425094393248
1174 1.0
1189 1.0
1211 1.6020599913279625
1222 1.0
1225 1.3010299956639813
1247 1.0
1273 1.0
1304 1.0
1318 1.0
