9 1.0
20 1.3010299956639813
34 1.0
62 1.0
78 1.0
86 1.0
90 1.0
99 1.0
128 1.0
149 1.0
200 1.0
201 1.0
229 1.0
244 1.0
265 1.4771212547196624
272 1.0
273 1.4771212547196624
305 1.4771212547196624
333 1.3010299956639813
337 1.3010299956639813
349 1.0
351 1.0
353 1.4771212547196624
361 1.0
367 1.0
374 1.0
444 1.0
457 1.0
467 1.0
479 1.0
501 1.0
539 1.0
540 1.0
541 1.0
542 1.0
545 1.3010299956639813
551 1.0
564 1.0
575 1.0
584 1.0
585 1.0
593 1.0
615 1.0
630 1.0
655 1.0
682 1.0
688 1.6020599913279625
730 1.0
749 1.3010299956639813
755 1.0
765 1.0
766 1.4771212547196624
771 1.0
775 1.0
784 1.0
792 1.3010299956639813
797 1.0
799 1.3010299956639813
804 1.0
807 1.3010299956639813
824 1.0
825 1.0
834 1.0
835 1.0
843 1.0
844 1.0
848 1.0
849 1.0
854 1.0
867 1.0
877 1.0
882 1.0
894 1.0
897 1.0
899 1.4771212547196624
902 1.0
912 1.0
916 1.0
924 1.3010299956639813
926 1.3010299956639813
929 1.3010299956639813
942 1.6989700043360187
950 1.4771212547196624
952 1.3010299956639813
959 1.0
965 1.0
968 1.4771212547196624
969 1.4771212547196624
976 1.3010299956639813
978 1.4771212547196624
985 1.0
991 1.4771212547196624
992 1.0
994 1.0
997 1.6989700043360187
998 1.6020599913279625
999 1.3010299956639813
1008 1.0
1023 1.7781512503836436
1078 1.0
1086 1.3010299956639813
1095 1.0
1096 1.0
1099 1.0
1104 1.0
1159 1.0
1185 1.0
1192 1.0
1198 1.0
1232 1.0
1297 1.0
1299 1.0
1304 1.0
1305 1.0
1312 1.3010299956639813
