2 1.6020599913279625
16 1.6020599913279625
41 1.0
73 1.4771212547196624
80 1.0
93 1.0
111 1.0
142 1.0
143 1.0
162 1.0
166 1.0
180 1.0
267 1.3010299956639813
270 1.0
288 1.3010299956639813
297 1.0
311 1.0
315 1.0
316 1.0
327 1.0
337 1.0
350 1.3010299956639813
364 1.3010299956639813
388 1.3010299956639813
400 1.3010299956639813
410 1.3010299956639813
500 1.0
501 1.0
518 1.0
555 1.3010299956639813
586 2.079181246047625
587 1.0
588 1.0
615 1.7781512503836436
640 1.3010299956639813
656 1.0
697 1.0
699 1.0
723 1.3010299956639813
728 1.0
769 1.6020599913279625
777 1.4771212547196624
781 1.0
808 1.0
830 1.845098040014257
836 1.0
863 1.0
866 1.3010299956639813
946 1.4771212547196624
982 1.0
998 1.3010299956639813
1014 1.3010299956639813
1015 1.0
1016 1.0
1057 1.0
1058 1.0
1099 1.0
1109 1.0
1140 1.6020599913279625
1155 1.0
1162 1.0
1176 1.0
1179 1.0
1181 1.4771212547196624
1193 1.0
1271 1.0
1277 1.0
