8 1.0
47 1.0
50 1.6020599913279625
73 1.3010299956639813
84 1.0
91 1.0
115 1.0
121 1.0
127 1.3010299956639813
148 1.0
180 1.0
209 1.0
218 1.0
229 1.0
262 1.0
263 1.0
273 1.0
275 1.0
277 1.0
312 1.0
314 1.0
325 1.0
349 1.3010299956639813
382 1.0
393 1.0
396 1.0
398 1.0
420 1.0
422 1.0
425 1.0
441 1.0
457 1.0
487 1.0
510 1.0
521 1.0
542 1.0
553 1.0
560 1.0
565 1.0
580 1.3010299956639813
586 1.3010299956639813
588 1.0
664 1.0
667 1.0
681 1.3010299956639813
694 1.0
697 1.0
698 1.0
704 1.3010299956639813
716 1.0
720 1.4771212547196624
725 1.0
744 1.0
748 1.0
751 1.0
769 1.0
770 1.0
773 1.0
781 1.4771212547196624
786 1.0
788 1.3010299956639813
790 1.3010299956639813
809 1.0
815 1.3010299956639813
822 1.0
823 1.0
845 1.0
870 1.0
875 1.0
932 1.0
933 1.0
1028 1.0
1054 1.0
1072 1.0
1076 1.3010299956639813
1096 1.0
1129 1.0
1130 1.0
1137 1.3010299956639813
1138 1.3010299956639813
1147 1.0
1148 1.0
1161 1.3010299956639813
1198 1.0
1221 1.0
1228 1.0
1256 1.3010299956639813
1257 1.0
1259 1.0
1270 1.3010299956639813
1277 1.3010299956639813
1283 1.0
1294 1.0
1318 1.0
1322 1.0
