17 1.0
19 1.0
21 1.6020599913279625
32 1.6020599913279625
102 1.0
116 1.4771212547196624
132 1.0
135 1.0
138 1.0
145 1.0
179 1.0
195 1.0
208 1.0
247 1.3010299956639813
250 1.0
263 1.3010299956639813
265 1.0
283 1.4771212547196624
289 1.0
290 1.0
319 1.0
329 1.0
349 1.845098040014257
361 1.0
371 1.3010299956639813
410 1.0
449 1.0
473 1.0
497 1.3010299956639813
506 1.0
529 1.3010299956639813
534 1.0
554 1.0
566 1.0
567 1.7781512503836436
575 1.3010299956639813
586 1.6020599913279625
592 1.3010299956639813
613 1.0
620 1.3010299956639813
635 1.3010299956639813
640 1.0
648 1.0
669 1.3010299956639813
670 1.0
689 1.4771212547196624
690 1.0
760 1.0
769 1.0
784 1.0
805 1.0
843 1.6989700043360187
850 1.0
872 1.4771212547196624
904 1.3010299956639813
941 1.3010299956639813
947 1.0
960 1.0
1028 1.0
1030 1.0
1037 1.0
1061 1.0
1072 1.0
1083 1.0
1093 1.4771212547196624
1123 1.4771212547196624
1126 1.0
1127 1.0
1128 1.0
1129 1.0
1130 1.0
1149 1.0
1150 1.0
1176 1.0
1222 1.0
1233 1.0
