0 1.0
3 1.4771212547196624
29 1.0
40 1.0
47 1.0
59 1.0
60 1.0
63 1.0
65 1.0
69 1.3010299956639813
76 1.0
77 1.3010299956639813
83 1.0
90 1.3010299956639813
100 1.0
110 1.0
116 1.3010299956639813
121 1.3010299956639813
129 1.0
176 1.0
200 1.0
201 1.0
214 1.0
218 1.3010299956639813
220 1.3010299956639813
226 1.3010299956639813
243 1.0
247 1.0
254 1.0
256 1.0
260 1.3010299956639813
265 1.3010299956639813
272 1.0
274 1.0
277 1.0
305 1.0
310 1.0
314 1.0
346 1.0
349 1.3010299956639813
361 1.0
362 1.3010299956639813
393 1.0
398 1.0
412 1.3010299956639813
414 1.0
420 1.0
430 1.0
437 1.0
444 1.0
450 1.0
451 1.3010299956639813
473 1.0
486 1.0
493 1.0
496 1.4771212547196624
498 1.0
510 1.4771212547196624
518 1.0
538 1.0
539 1.0
541 1.3010299956639813
542 1.0
545 1.0
551 1.0
555 1.4771212547196624
558 1.3010299956639813
561 1.0
565 1.3010299956639813
570 1.0
573 1.0
574 1.0
587 1.0
588 1.4771212547196624
597 1.0
598 1.0
602 1.3010299956639813
603 1.3010299956639813
613 1.0
621 1.0
633 1.0
644 1.0
652 1.0
678 1.0
679 1.3010299956639813
681 1.0
682 1.0
684 1.0
686 1.0
695 1.3010299956639813
696 1.0
702 1.0
709 1.0
723 1.0
724 1.0
737 1.0
740 1.0
760 1.0
769 1.0
779 1.3010299956639813
794 1.0
795 1.0
809 1.0
826 1.0
837 1.0
838 1.0
845 1.0
850 1.0
851 1.0
870 1.0
893 1.0
895 1.4771212547196624
896 1.0
902 1.0
904 1.0
915 1.0
948 1.0
988 1.0
1013 1.0
1029 1.0
1032 1.0
1034 1.0
1036 1.0
1042 1.0
1047 1.0
1048 1.0
1065 1.0
1080 1.0
1092 1.0
1119 1.0
1126 1.0
1129 1.0
1130 1.0
1152 1.0
1156 1.0
1163 1.0
1180 1.0
1206 1.0
1226 1.0
1232 1.0
1245 1.0
1268 1.0
1277 1.0
1309 1.0
1313 1.0
1317 1.0
1319 1.0
