9 1.0
15 1.0
41 1.0
100 1.0
116 1.0
117 1.0
118 1.0
121 1.0
131 1.0
189 1.0
209 1.0
222 1.0
262 1.0
290 1.0
310 1.0
318 1.0
321 1.0
329 1.0
347 1.0
364 1.0
380 1.3010299956639813
395 1.0
401 1.0
402 1.0
428 1.0
432 1.4771212547196624
460 1.0
463 1.3010299956639813
470 1.0
501 1.3010299956639813
506 1.0
541 1.0
565 1.0
586 1.3010299956639813
652 1.4771212547196624
682 1.0
686 1.0
687 1.6989700043360187
693 1.0
698 1.0
715 1.0
729 1.0
730 1.3010299956639813
740 1.0
813 1.0
830 1.0
845 1.0
894 1.0
941 1.0
942 1.3010299956639813
978 1.0
1025 1.0
1071 1.0
1090 1.0
1096 1.0
1101 1.0
1119 1.0
1155 1.0
1160 1.0
1198 1.3010299956639813
1219 1.0
1222 1.0
1226 1.0
1239 1.4771212547196624
1259 1.4771212547196624
1268 1.3010299956639813
1290 1.0
1293 1.0
