12 1.3010299956639813
25 1.0
68 1.0
69 1.3010299956639813
72 1.3010299956639813
73 1.0
74 1.3010299956639813
81 1.0
87 1.3010299956639813
99 1.0
107 1.0
119 1.0
130 1.6989700043360187
152 1.4771212547196624
199 1.4771212547196624
227 1.3010299956639813
229 1.0
247 1.0
249 1.0
253 1.0
258 1.6020599913279625
261 1.0
266 1.6020599913279625
270 1.0
289 1.0
295 1.4771212547196624
301 1.0
306 1.0
348 1.6020599913279625
377 1.7781512503836436
387 1.3010299956639813
405 1.0
429 1.0
431 1.0
435 1.6020599913279625
499 1.0
537 1.0
570 1.0
579 1.3010299956639813
584 1.0
585 1.0
594 1.3010299956639813
607 1.3010299956639813
609 1.0
651 1.0
654 1.0
666 1.3010299956639813
672 1.4771212547196624
677 1.0
682 1.0
688 1.0
697 1.4771212547196624
708 1.4771212547196624
727 1.0
731 1.0
737 1.0
748 1.0
749 1.3010299956639813
771 1.0
776 1.0
821 1.0
838 1.0
839 1.3010299956639813
840 1.3010299956639813
845 1.0
881 1.4771212547196624
893 1.6020599913279625
900 1.0
905 1.0
907 1.0
1006 1.0
1009 1.4771212547196624
1018 1.3010299956639813
1020 1.0
1030 1.3010299956639813
1035 1.3010299956639813
1039 1.0
1042 1.3010299956639813
1066 1.0
1068 1.0
1069 1.4771212547196624
1079 1.3010299956639813
1120 1.0
1123 1.0
1125 1.0
1140 1.0
1141 1.0
1142 1.0
1143 1.0
1144 1.0
1147 1.0
1148 1.0
1152 1.0
1157 1.6989700043360187
1173 1.0
1194 1.0
1202 1.3010299956639813
1206 1.0
1215 1.3010299956639813
1219 1.0
1226 1.0
1227 1.3010299956639813
1242 1.0
1247 1.3010299956639813
1277 1.0
1305 1.0
