34 1.0
65 1.0
84 1.0
85 1.0
157 1.3010299956639813
165 1.6020599913279625
200 1.0
201 1.0
220 1.3010299956639813
221 1.0
225 1.3010299956639813
254 1.3010299956639813
259 1.0
265 2.230448921378274
273 1.0
274 1.845098040014257
291 1.6020599913279625
305 1.0
323 1.0
344 1.3010299956639813
362 1.0
368 1.6020599913279625
369 1.3010299956639813
378 2.079181246047625
401 1.0
422 1.0
463 1.3010299956639813
537 1.0
546 1.0
596 1.0
633 1.0
677 1.0
687 1.9030899869919435
774 1.0
783 1.0
797 1.0
845 1.3010299956639813
851 1.0
876 1.0
1045 1.0
1055 1.0
1160 1.0
1182 1.0
1193 1.0
1219 1.0
1254 1.0
1293 1.0
1321 1.0
