6 1.0
13 1.0
21 1.3010299956639813
45 1.0
52 1.0
54 1.0
55 1.0
71 1.0
74 1.9030899869919435
75 1.6020599913279625
80 1.3010299956639813
91 1.0
94 1.3010299956639813
95 1.0
98 1.0
101 1.0
107 2.230448921378274
110 1.3010299956639813
111 1.0
118 1.3010299956639813
132 2.0413926851582254
135 1.0
146 1.3010299956639813
147 1.0
151 1.3010299956639813
153 1.0
155 1.0
157 1.9542425094393248
163 1.9030899869919435
184 1.3010299956639813
185 2.113943352306837
191 1.4771212547196624
193 1.0
197 1.0
199 1.6020599913279625
207 1.7781512503836436
230 2.079181246047625
250 1.0
261 1.0
264 1.0
266 1.3010299956639813
267 1.0
270 2.113943352306837
274 1.0
295 1.4771212547196624
296 1.4771212547196624
301 1.845098040014257
305 1.0
310 1.0
317 1.4771212547196624
319 1.0
323 1.3010299956639813
325 1.0
330 1.3010299956639813
331 1.4771212547196624
332 2.079181246047625
334 1.0
335 1.0
337 2.146128035678238
342 1.0
344 1.0
350 1.0
353 1.7781512503836436
359 1.0
361 1.3010299956639813
365 1.0
366 1.0
367 1.3010299956639813
373 1.3010299956639813
388 1.0
398 1.0
404 1.0
406 1.0
409 1.0
410 1.4771212547196624
411 1.0
412 1.3010299956639813
435 1.3010299956639813
438 1.845098040014257
443 1.3010299956639813
445 1.0
449 1.3010299956639813
453 1.0
496 1.3010299956639813
498 1.0
499 1.3010299956639813
501 1.0
505 1.0
511 1.0
512 1.0
517 1.6989700043360187
524 1.0
525 1.0
535 1.6020599913279625
543 1.0
544 1.0
556 1.3010299956639813
561 1.0
565 1.0
568 1.4771212547196624
569 1.4771212547196624
570 1.4771212547196624
571 1.9030899869919435
576 1.0
584 1.0
585 1.0
591 1.0
592 1.0
595 1.9542425094393248
596 2.3010299956639813
601 1.0
602 1.0
603 1.0
608 1.4771212547196624
609 2.0413926851582254
610 1.6989700043360187
615 1.845098040014257
618 1.6989700043360187
623 1.0
629 1.0
630 1.0
632 1.0
636 1.0
644 1.0
648 1.4771212547196624
672 1.0
687 1.0
688 1.0
692 1.0
697 1.4771212547196624
698 1.0
726 1.0
737 1.4771212547196624
748 1.0
766 1.3010299956639813
769 1.0
776 1.3010299956639813
778 1.0
783 1.0
789 1.4771212547196624
794 1.3010299956639813
798 1.0
802 1.0
803 1.0
809 1.3010299956639813
812 1.0
816 1.0
817 1.0
818 1.0
819 1.0
824 1.3010299956639813
825 1.3010299956639813
832 1.6020599913279625
833 1.6020599913279625
834 1.3010299956639813
835 1.3010299956639813
837 1.0
839 1.4771212547196624
840 1.4771212547196624
842 1.0
847 1.4771212547196624
849 1.6020599913279625
851 1.0
855 1.0
859 1.3010299956639813
863 1.0
867 1.0
870 1.3010299956639813
872 1.0
878 1.3010299956639813
889 1.0
890 1.0
892 1.3010299956639813
897 1.0
900 1.6020599913279625
911 1.0
917 1.4771212547196624
920 1.0
921 1.0
927 1.9030899869919435
929 1.0
930 1.0
934 1.0
935 1.3010299956639813
940 1.6989700043360187
941 1.3010299956639813
943 1.0
944 1.0
945 1.0
948 1.3010299956639813
950 1.3010299956639813
954 1.0
958 1.0
959 1.4771212547196624
962 1.0
963 1.0
964 1.0
966 1.3010299956639813
968 1.4771212547196624
973 1.0
975 1.4771212547196624
977 1.4771212547196624
987 1.4771212547196624
988 1.0
989 1.6020599913279625
992 1.0
993 1.0
997 1.0
999 1.0
1009 1.6989700043360187
1013 1.0
1018 1.3010299956639813
1020 1.3010299956639813
1023 1.0
1028 1.0
1029 1.0
1030 1.0
1032 1.3010299956639813
1035 1.6020599913279625
1036 1.3010299956639813
1039 1.0
1041 1.0
1045 1.0
1059 1.6020599913279625
1060 1.3010299956639813
1068 1.0
1069 1.9542425094393248
1073 1.6020599913279625
1080 1.3010299956639813
1088 1.0
1092 1.3010299956639813
1098 1.6020599913279625
1121 1.0
1123 1.0
1147 1.0
1148 1.0
1151 1.6020599913279625
1153 1.3010299956639813
1156 1.0
1159 1.3010299956639813
1163 1.3010299956639813
1164 1.0
1165 2.079181246047625
1175 1.0
1186 1.0
1193 1.6020599913279625
1194 1.0
1195 1.0
1215 1.845098040014257
1222 1.3010299956639813
1227 1.4771212547196624
1228 1.6989700043360187
1232 1.0
1233 1.3010299956639813
1235 1.4771212547196624
1238 1.3010299956639813
1266 1.3010299956639813
1276 1.9542425094393248
1277 1.6989700043360187
