29 1.0
42 1.0
81 1.0
95 1.6020599913279625
96 1.0
103 1.3010299956639813
127 1.3010299956639813
134 1.845098040014257
145 1.6989700043360187
150 1.3010299956639813
192 1.6020599913279625
195 1.0
196 1.3010299956639813
200 1.0
201 1.0
214 1.0
251 1.0
274 1.6989700043360187
277 1.0
279 1.4771212547196624
293 1.0
299 1.0
308 1.0
318 1.0
327 1.4771212547196624
329 1.0
330 1.4771212547196624
337 2.255272505103306
339 1.4771212547196624
361 1.4771212547196624
364 1.7781512503836436
367 1.6989700043360187
386 1.0
394 1.0
398 1.3010299956639813
408 1.0
409 1.3010299956639813
411 1.3010299956639813
427 1.0
436 1.4771212547196624
446 1.4771212547196624
467 1.0
479 1.3010299956639813
497 1.0
505 1.3010299956639813
514 1.4771212547196624
521 1.0
529 2.079181246047625
545 1.0
561 1.3010299956639813
682 1.4771212547196624
687 1.4771212547196624
694 1.0
720 1.845098040014257
722 1.0
787 1.0
794 1.6989700043360187
834 1.4771212547196624
835 1.4771212547196624
841 1.0
851 1.3010299956639813
866 1.0
881 1.0
885 1.0
895 1.0
903 1.3010299956639813
922 1.0
933 1.4771212547196624
963 1.3010299956639813
969 1.0
1038 1.0
1072 1.0
1095 2.0413926851582254
1129 1.0
1130 1.0
1154 1.4771212547196624
1161 1.0
1185 1.0
1193 1.6989700043360187
1270 1.6989700043360187
1281 1.0
1285 1.0
1292 1.0
1304 1.3010299956639813
1306 1.3010299956639813
1313 1.3010299956639813
1314 1.0
