30 1.0
84 1.0
91 1.0
101 1.0
108 1.3010299956639813
109 1.0
140 1.0
157 1.0
171 1.0
173 1.4771212547196624
183 1.0
189 1.3010299956639813
191 1.0
200 1.3010299956639813
201 1.4771212547196624
225 1.0
229 1.0
231 1.0
236 1.0
243 1.7781512503836436
245 1.0
247 1.0
252 1.4771212547196624
254 1.0
255 1.0
256 1.0
259 1.3010299956639813
276 1.0
285 1.0
287 1.7781512503836436
290 1.0
307 1.0
317 1.3010299956639813
318 1.0
319 1.6989700043360187
329 1.3010299956639813
346 1.0
348 1.0
353 1.4771212547196624
354 1.6020599913279625
383 1.3010299956639813
388 1.6989700043360187
411 1.0
445 1.3010299956639813
456 1.0
459 1.3010299956639813
460 1.0
470 1.3010299956639813
474 1.3010299956639813
483 1.0
485 1.0
489 1.0
491 1.3010299956639813
494 1.3010299956639813
523 1.3010299956639813
537 1.3010299956639813
539 1.0
589 1.0
594 1.0
595 1.0
628 1.0
630 1.7781512503836436
637 1.0
640 1.0
641 1.0
657 1.4771212547196624
665 1.0
666 1.3010299956639813
671 1.4771212547196624
673 1.6020599913279625
676 1.3010299956639813
689 1.0
690 1.0
696 1.0
697 1.3010299956639813
706 1.0
721 1.0
725 1.0
737 1.0
741 1.0
770 1.0
771 1.3010299956639813
776 1.0
786 1.0
788 1.0
809 1.0
843 1.4771212547196624
861 1.0
863 1.0
871 1.0
879 1.0
883 1.0
897 1.4771212547196624
908 1.0
927 1.6020599913279625
957 1.3010299956639813
963 1.0
979 1.0
982 1.0
988 1.0
991 1.0
1002 1.0
1005 1.0
1011 1.0
1012 1.0
1015 1.3010299956639813
1016 1.3010299956639813
1018 1.0
1034 1.0
1035 1.3010299956639813
1050 1.0
1054 1.3010299956639813
1069 1.0
1072 1.4771212547196624
1098 1.0
1129 1.4771212547196624
1130 1.4771212547196624
1139 1.6020599913279625
1140 1.6020599913279625
1143 1.0
1144 1.0
1149 1.3010299956639813
1150 1.3010299956639813
1154 1.3010299956639813
1164 1.0
1167 1.0
1185 1.4771212547196624
1192 1.0
1211 1.0
1215 1.3010299956639813
1227 1.0
1228 1.3010299956639813
1235 1.6020599913279625
1239 1.0
1241 1.6020599913279625
1251 1.3010299956639813
1252 1.3010299956639813
1265 1.3010299956639813
1268 1.0
1277 2.146128035678238
1278 1.3010299956639813
1282 1.0
1285 1.0
1289 1.3010299956639813
1298 1.0
1302 1.3010299956639813
1303 1.6020599913279625
1312 1.0
1313 1.4771212547196624
