5 1.3010299956639813
24 1.0
29 1.0
42 1.0
58 1.0
65 1.3010299956639813
111 1.0
113 1.0
114 1.0
127 1.0
128 1.0
132 1.0
180 1.0
182 1.0
190 1.0
268 1.3010299956639813
307 1.0
308 1.0
341 1.3010299956639813
346 1.3010299956639813
363 1.0
385 1.0
388 1.0
402 1.0
421 1.0
442 1.0
474 1.7781512503836436
497 1.0
499 1.0
541 1.3010299956639813
550 1.4771212547196624
561 1.0
570 1.0
586 1.0
587 1.3010299956639813
599 1.0
656 1.0
671 1.0
693 1.0
705 1.0
739 1.0
740 1.0
743 1.0
752 1.0
770 1.0
790 1.0
795 1.3010299956639813
802 1.0
803 1.0
832 1.0
833 1.0
851 1.0
893 1.3010299956639813
904 1.0
918 1.0
939 1.0
964 1.6989700043360187
1038 1.0
1050 1.0
1054 1.0
1060 1.0
1086 1.0
1091 1.0
1127 1.0
1128 1.0
1129 1.0
1130 1.0
1166 1.3010299956639813
1251 1.4771212547196624
1313 1.3010299956639813
