5 1.6989700043360187
14 1.3010299956639813
17 1.0
21 1.4771212547196624
37 1.0
40 1.4771212547196624
45 1.0
48 1.3010299956639813
51 1.4771212547196624
52 1.3010299956639813
58 1.3010299956639813
61 1.0
68 1.3010299956639813
69 1.3010299956639813
71 1.4771212547196624
72 1.3010299956639813
74 2.079181246047625
75 1.7781512503836436
77 1.4771212547196624
89 1.0
90 1.0
96 1.0
97 1.9030899869919435
99 1.3010299956639813
100 1.0
101 1.6989700043360187
104 1.6989700043360187
107 2.0413926851582254
108 1.6989700043360187
109 1.6989700043360187
116 1.0
117 1.0
127 1.3010299956639813
130 1.0
131 1.6989700043360187
132 1.9542425094393248
135 1.6020599913279625
143 1.6020599913279625
144 1.0
150 1.3010299956639813
152 1.6989700043360187
153 1.3010299956639813
157 2.0413926851582254
160 1.4771212547196624
162 1.0
163 1.3010299956639813
170 1.3010299956639813
171 1.0
173 1.0
176 1.6989700043360187
177 1.0
179 1.3010299956639813
180 1.3010299956639813
182 1.3010299956639813
185 1.4771212547196624
191 1.7781512503836436
193 1.3010299956639813
194 1.3010299956639813
195 1.6989700043360187
207 1.9030899869919435
217 1.0
224 1.4771212547196624
230 1.845098040014257
231 1.6020599913279625
234 1.0
236 1.6989700043360187
237 1.845098040014257
239 1.3010299956639813
242 1.0
243 1.4771212547196624
244 1.0
251 1.0
257 1.0
259 1.0
261 1.0
270 1.9030899869919435
274 1.4771212547196624
276 1.0
277 1.3010299956639813
279 1.845098040014257
287 1.6989700043360187
288 1.0
292 1.3010299956639813
293 1.0
296 1.6989700043360187
301 1.4771212547196624
302 1.6989700043360187
307 2.146128035678238
309 1.3010299956639813
313 1.3010299956639813
314 1.4771212547196624
317 1.4771212547196624
322 1.6020599913279625
323 1.7781512503836436
324 1.6020599913279625
327 1.6020599913279625
331 1.3010299956639813
336 1.3010299956639813
337 1.9542425094393248
344 1.9542425094393248
349 1.7781512503836436
359 1.3010299956639813
362 1.0
363 1.0
364 2.414973347970818
367 1.4771212547196624
371 1.0
376 1.3010299956639813
378 1.0
380 1.0
381 1.0
384 1.4771212547196624
388 1.9030899869919435
401 1.3010299956639813
406 1.6020599913279625
408 1.4771212547196624
422 1.0
423 1.0
427 1.0
428 1.0
429 1.3010299956639813
430 1.0
432 1.0
433 1.3010299956639813
438 1.3010299956639813
440 1.0
443 1.4771212547196624
445 1.3010299956639813
452 1.0
455 1.3010299956639813
459 1.0
471 1.3010299956639813
473 1.4771212547196624
496 1.3010299956639813
497 1.0
498 1.7781512503836436
500 1.3010299956639813
501 1.6020599913279625
506 1.4771212547196624
513 1.3010299956639813
520 1.3010299956639813
525 1.6989700043360187
529 1.4771212547196624
533 1.0
534 1.3010299956639813
541 1.3010299956639813
554 1.0
558 1.4771212547196624
559 1.4771212547196624
565 1.0
566 1.0
568 1.0
569 1.0
571 1.845098040014257
572 1.0
579 1.0
582 1.4771212547196624
583 1.4771212547196624
586 1.4771212547196624
588 1.6020599913279625
591 1.3010299956639813
592 1.0
594 1.3010299956639813
595 1.3010299956639813
596 1.7781512503836436
605 1.4771212547196624
606 1.4771212547196624
609 2.113943352306837
610 1.7781512503836436
615 1.3010299956639813
618 1.3010299956639813
619 1.0
620 1.0
622 1.3010299956639813
623 1.0
625 1.0
633 1.3010299956639813
637 1.7781512503836436
640 1.6020599913279625
642 1.0
658 1.0
669 1.0
676 1.3010299956639813
677 1.6020599913279625
684 1.3010299956639813
689 2.0413926851582254
694 2.079181246047625
695 1.3010299956639813
697 1.4771212547196624
701 1.0
706 1.3010299956639813
715 1.4771212547196624
716 1.0
717 1.0
720 1.6020599913279625
721 1.6989700043360187
727 1.6020599913279625
731 1.3010299956639813
735 1.6020599913279625
742 1.3010299956639813
743 1.3010299956639813
744 1.0
748 1.6020599913279625
749 1.0
752 1.3010299956639813
761 1.4771212547196624
770 1.4771212547196624
771 1.7781512503836436
772 1.6020599913279625
773 1.0
778 1.4771212547196624
784 1.6020599913279625
793 1.0
796 1.0
797 1.6020599913279625
800 1.4771212547196624
805 1.0
806 1.3010299956639813
809 1.0
811 1.3010299956639813
817 1.3010299956639813
818 1.3010299956639813
819 1.3010299956639813
820 1.9030899869919435
824 1.0
825 1.0
829 1.6989700043360187
832 1.0
833 1.0
843 2.0
845 1.3010299956639813
847 1.3010299956639813
851 1.6989700043360187
853 1.3010299956639813
854 1.3010299956639813
855 1.0
856 1.3010299956639813
864 2.0
874 1.3010299956639813
877 1.0
879 1.3010299956639813
883 1.3010299956639813
886 1.0
887 1.4771212547196624
888 1.0
889 1.3010299956639813
890 1.3010299956639813
894 1.3010299956639813
901 1.6989700043360187
902 1.0
905 1.0
907 1.0
910 1.6020599913279625
912 1.0
913 1.4771212547196624
916 1.0
917 1.0
918 1.4771212547196624
919 1.4771212547196624
920 1.0
924 1.3010299956639813
925 1.0
926 1.7781512503836436
932 1.6020599913279625
938 1.0
943 1.0
944 1.0
947 1.0
951 1.3010299956639813
952 1.0
955 1.0
958 1.0
961 1.3010299956639813
962 1.0
964 1.4771212547196624
968 1.4771212547196624
969 1.4771212547196624
970 1.0
972 1.0
976 1.3010299956639813
984 1.7781512503836436
989 1.0
991 1.6020599913279625
994 1.4771212547196624
996 1.6020599913279625
997 1.0
1000 1.6020599913279625
1002 1.0
1004 1.3010299956639813
1005 2.0
1006 1.6989700043360187
1008 1.3010299956639813
1011 1.6020599913279625
1012 1.6020599913279625
1015 1.3010299956639813
1016 1.6020599913279625
1019 1.4771212547196624
1020 1.6020599913279625
1037 1.0
1041 1.0
1048 1.0
1050 1.3010299956639813
1051 1.0
1054 1.7781512503836436
1055 1.3010299956639813
1060 1.0
1061 1.0
1062 1.0
1066 1.0
1070 1.3010299956639813
1073 1.0
1079 1.0
1080 1.3010299956639813
1091 1.4771212547196624
1096 2.0413926851582254
1097 1.3010299956639813
1099 1.6020599913279625
1101 1.3010299956639813
1114 1.7781512503836436
1115 1.9542425094393248
1116 1.9542425094393248
1121 1.0
1122 1.0
1123 1.4771212547196624
1133 1.0
1134 1.0
1139 2.113943352306837
1140 2.1760912590556813
1141 1.0
1142 1.0
1143 1.0
1144 1.0
1147 1.3010299956639813
1148 1.3010299956639813
1149 1.6020599913279625
1150 1.7781512503836436
1151 1.6989700043360187
1154 1.3010299956639813
1156 1.3010299956639813
1157 1.0
1160 1.3010299956639813
1161 1.0
1165 2.230448921378274
1173 1.6020599913279625
1174 1.0
1188 1.0
1189 1.4771212547196624
1191 1.3010299956639813
1198 1.6989700043360187
1213 1.0
1227 1.6989700043360187
1228 2.079181246047625
1229 1.0
1231 1.3010299956639813
1233 1.0
1235 1.845098040014257
1237 1.4771212547196624
1238 1.0
1241 1.6020599913279625
1242 1.3010299956639813
1243 1.4771212547196624
1244 1.3010299956639813
1246 1.3010299956639813
1247 1.4771212547196624
1251 1.3010299956639813
1252 1.0
1258 1.4771212547196624
1260 1.0
1265 1.9030899869919435
1266 2.079181246047625
1268 1.3010299956639813
1276 1.9030899869919435
1277 1.7781512503836436
1284 1.0
1285 1.3010299956639813
1298 1.0
1302 1.3010299956639813
1309 1.3010299956639813
1316 1.0
1318 1.6020599913279625
1320 1.3010299956639813
1321 1.0
1322 1.3010299956639813
