8 1.0
9 2.113943352306837
11 1.3010299956639813
14 1.0
20 1.0
21 1.3010299956639813
25 1.0
26 1.0
30 1.0
32 1.0
36 1.0
38 1.0
47 1.0
51 1.3010299956639813
52 1.0
62 1.0
69 1.0
71 1.0
74 1.4771212547196624
80 1.0
86 1.0
87 1.0
97 1.3010299956639813
98 1.0
103 1.0
104 1.0
106 1.0
107 1.6020599913279625
108 1.4771212547196624
110 1.0
126 1.3010299956639813
127 1.0
129 1.0
131 1.0
132 1.0
133 1.3010299956639813
138 1.0
139 1.0
142 1.0
143 1.4771212547196624
145 1.4771212547196624
146 1.6020599913279625
148 1.3010299956639813
150 1.0
151 1.0
152 1.0
153 1.0
155 1.4771212547196624
157 1.3010299956639813
158 1.0
160 1.3010299956639813
163 1.0
165 1.4771212547196624
167 1.3010299956639813
168 1.4771212547196624
182 1.0
183 1.6020599913279625
184 1.0
185 1.3010299956639813
189 1.9030899869919435
192 1.6989700043360187
193 1.0
194 1.0
195 1.6020599913279625
197 1.4771212547196624
207 1.6020599913279625
210 1.3010299956639813
211 1.0
213 1.0
222 1.0
224 1.3010299956639813
226 1.0
230 1.0
231 1.3010299956639813
236 1.0
243 1.0
248 1.0
254 1.3010299956639813
255 1.0
258 1.0
262 1.0
263 1.0
267 1.6020599913279625
268 1.6989700043360187
269 1.0
270 1.0
271 1.0
274 1.0
277 1.0
279 1.7781512503836436
286 1.0
301 1.3010299956639813
314 1.3010299956639813
315 1.0
317 1.3010299956639813
321 1.3010299956639813
322 1.0
323 1.0
326 1.4771212547196624
327 1.4771212547196624
331 1.0
332 1.0
337 1.845098040014257
338 1.0
344 1.9030899869919435
348 1.0
349 1.6989700043360187
354 1.3010299956639813
358 1.0
360 1.0
361 1.0
364 2.3979400086720375
367 1.3010299956639813
368 1.0
369 1.0
372 1.0
379 1.0
388 1.0
391 1.9542425094393248
396 1.4771212547196624
400 1.0
401 1.0
403 1.0
406 1.4771212547196624
410 1.0
411 1.4771212547196624
415 1.0
438 1.0
442 1.0
449 1.3010299956639813
450 1.0
451 1.0
456 1.0
457 1.0
460 1.3010299956639813
468 1.0
470 1.0
493 1.0
499 1.3010299956639813
501 1.0
507 1.3010299956639813
511 1.0
512 1.0
513 1.0
514 1.0
516 1.0
518 1.0
519 1.0
525 1.4771212547196624
529 1.3010299956639813
549 1.0
551 1.0
567 1.3010299956639813
571 1.3010299956639813
586 1.3010299956639813
594 1.0
595 1.0
596 1.4771212547196624
597 1.0
598 1.0
604 1.0
609 1.4771212547196624
610 1.0
614 1.0
626 1.0
637 1.0
638 1.0
641 1.3010299956639813
648 1.0
649 1.3010299956639813
650 1.0
656 1.0
676 1.0
677 1.4771212547196624
681 1.0
682 1.4771212547196624
687 1.0
689 1.845098040014257
690 1.0
691 1.0
695 1.0
696 1.0
697 1.0
700 1.0
703 1.0
705 1.0
712 1.0
714 1.3010299956639813
715 1.3010299956639813
720 1.4771212547196624
727 1.0
728 1.0
731 1.0
732 1.6989700043360187
733 1.9030899869919435
735 1.4771212547196624
748 1.3010299956639813
751 1.4771212547196624
752 1.0
753 1.0
768 1.0
771 1.6020599913279625
774 1.0
783 1.0
787 1.845098040014257
790 1.0
792 1.4771212547196624
798 1.0
811 1.0
812 1.0
814 1.0
817 1.0
818 1.0
820 1.3010299956639813
829 1.0
834 1.0
835 1.0
843 1.7781512503836436
845 1.0
856 1.0
859 1.3010299956639813
861 1.0
862 1.0
863 1.0
864 1.3010299956639813
866 1.0
868 1.0
869 1.0
871 1.3010299956639813
875 1.0
881 1.6020599913279625
883 1.0
889 1.0
890 1.0
893 1.0
899 1.0
901 1.3010299956639813
924 1.0
927 1.3010299956639813
932 1.0
935 1.0
968 1.0
969 1.0
976 1.0
984 1.0
991 1.0
993 1.0
994 1.0
1000 1.0
1005 1.4771212547196624
1006 1.3010299956639813
1008 1.0
1014 1.0
1015 1.0
1016 1.4771212547196624
1021 1.4771212547196624
1025 1.6020599913279625
1026 1.0
1027 1.0
1028 1.0
1035 1.0
1049 1.6989700043360187
1052 1.7781512503836436
1053 1.0
1055 1.0
1072 1.0
1091 1.3010299956639813
1093 1.0
1095 1.0
1096 1.9030899869919435
1097 1.0
1099 1.4771212547196624
1101 1.0
1114 1.0
1115 1.845098040014257
1116 1.845098040014257
1117 1.0
1118 1.0
1127 1.0
1128 1.0
1129 1.7781512503836436
1130 1.7781512503836436
1135 1.3010299956639813
1136 1.3010299956639813
1137 1.0
1138 1.0
1139 1.3010299956639813
1140 1.6020599913279625
1147 1.0
1148 1.0
1150 1.3010299956639813
1153 1.3010299956639813
1155 1.3010299956639813
1156 1.0
1159 1.0
1164 1.3010299956639813
1165 1.4771212547196624
1167 1.0
1173 1.0
1179 1.0
1182 1.0
1185 1.0
1189 1.0
1190 1.7781512503836436
1198 1.0
1214 1.0
1216 1.0
1222 1.3010299956639813
1227 1.0
1228 1.0
1235 1.3010299956639813
1236 1.0
1241 1.0
1251 1.0
1265 1.3010299956639813
1271 1.0
1276 1.0
1277 1.0
1294 1.3010299956639813
1297 1.3010299956639813
1305 1.6020599913279625
1309 1.0
1313 1.0
1315 1.3010299956639813
1318 1.4771212547196624
