100 1.0
102 1.0
107 1.0
116 1.0
132 1.0
157 1.0
181 1.0
207 1.3010299956639813
230 1.4771212547196624
256 1.0
374 1.0
424 1.0
537 1.9542425094393248
571 1.0
577 1.0
593 1.3010299956639813
596 1.0
610 1.0
617 1.0
670 1.0
685 1.0
736 1.3010299956639813
756 1.3010299956639813
769 1.0
781 1.0
903 1.0
943 1.0
944 1.0
988 1.0
989 1.4771212547196624
1006 2.146128035678238
1009 1.0
1020 1.845098040014257
1050 1.0
1062 1.3010299956639813
1073 1.0
1074 1.0
1075 1.0
1081 1.3010299956639813
1096 1.0
1109 1.0
1206 1.0
1228 1.0
1232 1.0
1237 1.0
1238 1.4771212547196624
1244 1.0
1266 1.0
1277 1.0
