14 2.079181246047625
23 1.3010299956639813
54 1.0
59 1.0
60 1.0
64 1.7781512503836436
198 1.4771212547196624
241 1.0
252 1.3010299956639813
264 1.0
267 1.0
273 1.0
274 1.4771212547196624
305 1.0
333 1.845098040014257
337 1.3010299956639813
344 1.0
353 1.0
367 1.3010299956639813
417 1.0
448 1.0
477 1.3010299956639813
545 1.0
565 1.0
611 1.0
613 1.0
619 1.3010299956639813
620 1.3010299956639813
625 1.6020599913279625
630 1.3010299956639813
636 1.3010299956639813
666 1.4771212547196624
667 1.3010299956639813
688 1.0
692 1.0
694 1.0
696 1.6020599913279625
716 1.0
766 1.0
771 2.1760912590556813
772 1.3010299956639813
784 1.0
789 1.3010299956639813
792 1.3010299956639813
797 1.3010299956639813
802 1.6020599913279625
803 1.6020599913279625
804 1.3010299956639813
806 1.0
824 1.0
825 1.0
832 1.4771212547196624
833 1.4771212547196624
846 1.0
847 1.3010299956639813
848 1.0
849 1.3010299956639813
854 1.4771212547196624
855 1.0
859 1.0
861 1.0
867 1.0
878 1.0
882 1.0
886 1.3010299956639813
887 1.6020599913279625
895 1.0
896 1.9030899869919435
910 1.0
911 1.0
917 1.0
919 1.0
922 1.0
924 1.0
926 1.3010299956639813
930 1.0
933 1.3010299956639813
938 1.4771212547196624
939 1.0
940 1.0
943 1.9542425094393248
944 1.9542425094393248
947 1.3010299956639813
949 1.0
950 1.845098040014257
955 1.0
959 1.0
960 1.0
965 1.0
968 1.6020599913279625
969 1.3010299956639813
970 1.3010299956639813
974 1.0
976 1.4771212547196624
981 1.0
982 1.0
988 1.0
989 1.4771212547196624
990 1.3010299956639813
991 1.3010299956639813
998 1.3010299956639813
999 1.0
1002 1.9542425094393248
1085 1.0
1109 1.0
1126 1.0
1161 1.0
1179 1.6989700043360187
1185 1.7781512503836436
1214 1.0
1255 1.0
1294 1.0
1304 1.4771212547196624
1309 1.3010299956639813
1311 1.0
1314 1.0
1318 1.6020599913279625
1322 1.0
