45 1.0
54 1.0
62 1.3010299956639813
78 1.4771212547196624
81 1.0
87 1.0
92 1.6020599913279625
127 1.0
145 1.0
176 1.0
185 1.3010299956639813
190 1.3010299956639813
216 1.0
218 1.0
220 1.0
224 1.0
228 1.7781512503836436
243 1.0
265 1.0
289 1.0
346 2.0
364 1.3010299956639813
367 1.4771212547196624
400 1.0
448 1.3010299956639813
474 1.6989700043360187
498 1.0
501 1.0
516 1.0
543 1.0
544 1.0
550 1.0
565 1.0
567 1.0
580 1.0
584 1.4771212547196624
585 1.4771212547196624
592 1.4771212547196624
615 1.0
640 1.6989700043360187
642 1.0
646 1.0
667 1.0
670 1.0
671 1.0
687 1.0
689 1.0
692 1.0
731 1.0
739 1.6020599913279625
740 1.6020599913279625
815 1.0
838 1.0
848 1.7781512503836436
850 1.0
855 1.0
861 1.0
864 1.0
880 1.4771212547196624
885 1.6989700043360187
889 1.0
890 1.0
897 1.0
901 1.0
902 1.0
906 1.0
910 1.0
911 1.0
914 1.0
927 1.0
929 1.0
931 1.0
942 1.6989700043360187
954 1.0
962 1.0
963 1.0
983 1.0
994 1.4771212547196624
997 1.0
1008 1.0
1014 1.0
1018 1.0
1035 1.3010299956639813
1055 1.0
1065 1.0
1069 1.3010299956639813
1072 1.0
1078 1.3010299956639813
1086 1.0
1090 1.3010299956639813
1098 1.7781512503836436
1103 1.0
1104 1.0
1107 1.3010299956639813
1126 1.0
1151 1.3010299956639813
1171 1.3010299956639813
1193 1.0
1200 1.0
1204 1.0
1208 1.0
1211 1.0
1222 1.0
1225 1.0
1238 1.0
1257 1.0
1260 1.3010299956639813
1280 1.0
1290 1.0
1301 1.0
1313 1.0
1318 1.6020599913279625
1323 1.0
