3 1.4771212547196624
6 1.0
14 1.0
20 1.6020599913279625
27 1.3010299956639813
37 1.3010299956639813
45 1.0
47 1.3010299956639813
48 1.6989700043360187
49 1.4771212547196624
50 1.0
74 1.4771212547196624
77 1.0
78 1.0
80 1.0
82 1.7781512503836436
90 1.845098040014257
96 2.079181246047625
98 1.0
99 1.3010299956639813
107 1.9542425094393248
110 1.3010299956639813
117 1.0
118 1.4771212547196624
120 1.0
125 1.0
128 1.0
129 1.0
133 1.3010299956639813
136 1.0
143 1.0
147 1.7781512503836436
149 1.6020599913279625
158 1.0
163 1.0
167 1.845098040014257
183 1.3010299956639813
185 1.0
193 1.0
197 1.3010299956639813
207 1.3010299956639813
209 1.9030899869919435
211 1.3010299956639813
213 1.0
219 1.0
220 1.0
221 1.0
222 1.6020599913279625
224 1.0
226 1.3010299956639813
229 1.4771212547196624
230 1.4771212547196624
231 1.0
235 1.0
240 1.3010299956639813
244 1.0
248 1.4771212547196624
249 1.0
252 1.3010299956639813
260 1.3010299956639813
278 1.3010299956639813
288 1.0
289 1.0
290 1.3010299956639813
291 1.9542425094393248
296 1.7781512503836436
301 1.3010299956639813
312 1.0
315 1.4771212547196624
317 1.0
321 1.0
322 1.6020599913279625
324 1.0
328 1.0
332 1.0
343 1.0
353 1.7781512503836436
354 1.3010299956639813
360 1.6020599913279625
361 1.4771212547196624
368 1.4771212547196624
369 1.0
378 1.845098040014257
391 1.7781512503836436
393 1.0
396 1.0
397 1.6020599913279625
406 1.3010299956639813
409 1.6989700043360187
414 1.0
425 1.0
438 2.146128035678238
446 1.3010299956639813
447 1.3010299956639813
451 1.3010299956639813
460 1.0
462 1.3010299956639813
465 1.3010299956639813
466 1.3010299956639813
467 1.0
468 1.0
478 1.4771212547196624
480 1.0
483 1.0
488 1.0
493 1.6020599913279625
494 1.3010299956639813
497 1.0
509 1.6989700043360187
510 1.4771212547196624
515 1.3010299956639813
524 1.0
527 1.6020599913279625
528 1.0
538 1.4771212547196624
546 1.4771212547196624
549 1.3010299956639813
551 1.6020599913279625
552 1.3010299956639813
581 1.0
586 1.0
590 1.0
599 1.4771212547196624
601 1.6020599913279625
630 1.9542425094393248
631 1.0
648 1.3010299956639813
649 1.3010299956639813
671 1.0
679 1.0
681 1.3010299956639813
685 1.0
686 1.0
690 1.6020599913279625
706 1.0
714 1.4771212547196624
719 1.4771212547196624
732 1.6989700043360187
733 2.380211241711606
740 1.0
752 1.3010299956639813
763 1.0
768 1.0
769 1.0
785 1.0
790 1.3010299956639813
792 1.4771212547196624
802 1.0
803 1.0
824 1.0
825 1.0
848 1.0
849 1.3010299956639813
868 1.6020599913279625
869 1.6020599913279625
889 2.0
890 2.0
906 1.0
911 1.4771212547196624
981 1.3010299956639813
991 1.0
1008 1.0
1019 1.0
1021 1.4771212547196624
1027 1.3010299956639813
1030 1.3010299956639813
1047 1.3010299956639813
1049 1.0
1052 2.0413926851582254
1053 1.4771212547196624
1055 1.4771212547196624
1095 1.4771212547196624
1099 1.3010299956639813
1127 1.0
1128 1.0
1129 1.0
1130 1.0
1139 1.0
1140 1.0
1151 1.0
1165 1.4771212547196624
1173 1.4771212547196624
1179 1.0
1182 1.3010299956639813
1188 1.4771212547196624
1190 1.3010299956639813
1198 1.0
1227 1.0
1228 1.0
1245 1.4771212547196624
1254 1.3010299956639813
1259 1.4771212547196624
1263 1.0
1264 1.0
1267 1.0
1268 1.6989700043360187
1281 1.4771212547196624
1284 1.0
1286 1.0
1287 1.0
1293 1.9030899869919435
1295 1.0
1305 1.3010299956639813
1307 1.4771212547196624
1317 1.6020599913279625
1318 1.0
1319 1.0
1321 1.4771212547196624
