532 1.3010299956639813
1141 1.3010299956639813
1142 1.3010299956639813
1243 1.0
1256 1.3010299956639813
1270 1.9030899869919435
1272 1.3010299956639813
1281 1.9030899869919435
1285 1.9030899869919435
1287 1.6020599913279625
1289 1.6989700043360187
1290 1.0
1292 1.0
1294 1.4771212547196624
1296 1.4771212547196624
1302 1.0
1304 1.0
1309 1.845098040014257
1311 1.7781512503836436
1313 1.6020599913279625
1316 1.6020599913279625
1318 2.079181246047625
1319 1.6989700043360187
1320 1.6020599913279625
1322 1.4771212547196624
1324 1.4771212547196624
