107 1.0
109 1.3010299956639813
132 1.0
256 1.0
276 1.0
301 1.0
303 1.0
317 1.6020599913279625
320 1.0
321 1.0
329 1.0
344 1.0
346 2.0
348 1.0
353 1.0
354 1.4771212547196624
371 1.3010299956639813
383 1.0
406 1.0
443 1.0
445 1.9030899869919435
517 1.6989700043360187
537 1.3010299956639813
566 1.0
589 1.0
596 1.4771212547196624
628 1.0
630 1.3010299956639813
640 1.6020599913279625
641 1.3010299956639813
651 1.0
656 1.845098040014257
666 1.3010299956639813
669 1.0
670 1.6020599913279625
671 1.4771212547196624
696 1.4771212547196624
697 1.0
736 1.0
772 1.0
809 1.0
830 1.0
872 1.0
897 1.6020599913279625
927 1.4771212547196624
963 1.0
979 1.0
981 1.0
1020 1.0
1023 1.0
1026 1.0
1098 1.0
1159 1.3010299956639813
1215 1.0
1287 1.0
