0 1.3010299956639813
5 1.0
8 1.0
14 1.0
25 1.0
38 1.7781512503836436
65 1.0
69 1.0
78 1.845098040014257
85 1.6989700043360187
86 1.6989700043360187
88 1.6989700043360187
92 2.079181246047625
96 1.0
103 1.4771212547196624
106 1.3010299956639813
126 1.0
134 1.0
145 1.0
146 1.6989700043360187
148 1.0
165 2.146128035678238
176 1.6020599913279625
189 1.3010299956639813
194 1.0
200 1.3010299956639813
201 1.3010299956639813
242 1.0
252 1.0
254 1.9030899869919435
265 1.3010299956639813
274 1.0
279 1.0
281 1.6020599913279625
288 1.4771212547196624
291 2.380211241711606
298 1.3010299956639813
302 1.3010299956639813
306 1.0
311 1.0
316 1.0
326 1.3010299956639813
328 1.0
364 1.845098040014257
369 2.0413926851582254
372 1.4771212547196624
374 1.3010299956639813
395 1.0
396 1.3010299956639813
397 1.6989700043360187
400 1.3010299956639813
407 1.0
412 1.0
413 1.3010299956639813
419 1.0
470 1.3010299956639813
473 1.4771212547196624
504 1.3010299956639813
513 1.4771212547196624
514 1.3010299956639813
518 1.0
529 1.4771212547196624
539 1.0
582 1.0
583 1.0
588 1.7781512503836436
624 1.0
641 1.0
643 1.6020599913279625
658 1.0
677 1.0
687 1.9542425094393248
688 1.0
689 1.0
694 1.3010299956639813
714 1.0
715 1.0
721 1.4771212547196624
725 1.3010299956639813
728 1.6020599913279625
733 2.361727836017593
740 1.3010299956639813
761 1.6020599913279625
770 1.4771212547196624
771 2.278753600952829
774 1.6989700043360187
787 2.278753600952829
790 1.0
798 1.3010299956639813
811 1.0
815 1.0
841 1.6989700043360187
843 1.0
860 1.9030899869919435
863 1.0
875 1.3010299956639813
876 1.7781512503836436
893 1.6989700043360187
901 1.3010299956639813
908 1.0
910 1.3010299956639813
950 1.0
1008 1.4771212547196624
1048 1.6989700043360187
1049 1.0
1054 1.7781512503836436
1074 1.3010299956639813
1075 1.3010299956639813
1077 1.0
1079 1.0
1097 1.0
1121 1.6020599913279625
1158 1.7781512503836436
1168 1.4771212547196624
1170 1.0
1176 1.6989700043360187
1179 1.0
1183 1.4771212547196624
1184 1.4771212547196624
1185 1.3010299956639813
1198 1.3010299956639813
1214 1.3010299956639813
1218 1.7781512503836436
1260 1.0
1287 1.6020599913279625
