25 1.0
34 1.3010299956639813
47 1.0
50 1.0
53 1.0
69 1.3010299956639813
75 1.0
77 1.6020599913279625
84 1.0
97 1.3010299956639813
108 1.0
123 1.0
124 1.0
149 1.0
165 1.0
216 1.0
217 1.0
221 1.0
244 1.0
251 1.4771212547196624
274 1.4771212547196624
277 1.0
288 1.0
297 1.0
334 1.0
364 1.4771212547196624
370 1.3010299956639813
374 1.0
384 1.0
400 1.0
431 1.4771212547196624
447 1.0
455 1.0
475 1.0
485 1.0
488 1.0
492 1.0
498 1.0
504 1.0
506 1.3010299956639813
537 1.3010299956639813
553 1.0
567 1.3010299956639813
570 1.0
576 1.0
580 1.0
599 1.0
624 1.6020599913279625
626 1.3010299956639813
633 2.0413926851582254
645 1.0
657 2.079181246047625
661 1.6020599913279625
662 1.4771212547196624
665 1.3010299956639813
677 1.0
678 1.3010299956639813
686 1.0
687 1.0
688 1.0
689 1.3010299956639813
700 1.0
706 1.3010299956639813
721 1.0
724 1.0
738 1.0
740 1.3010299956639813
742 1.7781512503836436
747 1.4771212547196624
754 2.1760912590556813
755 1.9030899869919435
781 1.0
788 1.3010299956639813
790 1.0
813 1.6989700043360187
815 1.3010299956639813
822 1.0
837 1.3010299956639813
841 1.4771212547196624
845 1.3010299956639813
847 1.0
850 1.0
862 1.0
893 1.3010299956639813
902 1.0
903 1.0
906 1.3010299956639813
908 1.6020599913279625
915 1.0
929 1.0
930 1.0
939 1.0
1019 1.4771212547196624
1028 1.0
1040 1.0
1064 1.6020599913279625
1067 1.0
1072 1.0
1076 1.0
1077 1.3010299956639813
1082 1.0
1084 1.0
1085 1.6020599913279625
1096 1.3010299956639813
1102 1.3010299956639813
1107 1.6989700043360187
1124 1.7781512503836436
1149 1.4771212547196624
1150 1.4771212547196624
1162 1.0
1177 1.9542425094393248
1185 1.0
1199 1.3010299956639813
1204 1.845098040014257
1207 1.4771212547196624
1210 1.0
1212 1.3010299956639813
1221 1.3010299956639813
1225 1.0
1226 1.0
1227 1.3010299956639813
1232 1.0
1239 1.0
1257 1.3010299956639813
1263 1.0
1265 1.0
1277 1.0
1281 1.0
1283 1.0
1285 1.0
1289 1.3010299956639813
1290 1.0
1294 1.0
1302 1.0
1313 1.0
1318 1.3010299956639813
