15 1.0
22 1.0
38 1.0
62 2.380211241711606
110 1.3010299956639813
129 1.0
139 1.845098040014257
145 2.204119982655925
200 1.3010299956639813
201 1.3010299956639813
250 2.0
262 1.0
269 1.9542425094393248
282 1.6020599913279625
283 1.0
291 1.0
294 1.0
297 1.3010299956639813
322 1.6989700043360187
341 1.0
353 1.0
354 1.6020599913279625
362 1.3010299956639813
364 1.6020599913279625
368 2.5051499783199063
369 1.3010299956639813
378 1.845098040014257
396 2.380211241711606
474 1.3010299956639813
499 1.4771212547196624
513 1.0
565 1.0
576 1.0
648 1.0
651 1.0
674 1.0
675 1.0
690 1.0
765 1.0
771 1.0
783 1.0
797 1.3010299956639813
839 1.3010299956639813
840 1.3010299956639813
848 1.0
903 1.0
911 1.845098040014257
947 1.0
950 1.6020599913279625
954 1.4771212547196624
1019 1.0
1036 1.3010299956639813
1055 2.3010299956639813
1056 1.3010299956639813
1078 1.0
1153 1.4771212547196624
1218 1.9030899869919435
1232 1.0
1258 1.9030899869919435
1260 1.0
