12 1.0
20 1.0
34 1.0
41 1.0
52 1.0
53 1.0
54 1.0
63 1.0
67 1.0
70 1.0
79 1.0
82 1.0
86 1.0
88 1.0
91 1.0
97 1.0
99 1.0
125 1.0
128 1.0
133 1.0
146 1.0
162 1.0
171 1.0
197 1.0
206 1.0
216 1.0
219 1.0
229 1.0
262 1.0
271 1.0
315 1.0
344 1.0
364 1.0
372 1.0
378 1.0
389 1.0
393 1.0
397 1.0
403 1.0
407 1.0
409 1.0
414 1.0
448 1.0
456 1.0
462 1.0
463 1.0
464 1.0
524 1.0
528 1.0
551 1.0
561 1.0
597 1.0
598 1.0
602 1.0
603 1.0
627 1.0
630 1.0
645 1.0
647 1.0
657 1.0
662 1.0
686 1.0
719 1.0
725 1.0
739 1.0
783 1.0
806 1.0
811 1.0
846 1.0
861 1.0
865 1.0
876 1.0
909 1.0
924 1.0
931 1.0
942 1.0
953 1.0
1055 1.0
1063 1.0
1064 1.0
1076 1.0
1079 1.0
1103 1.0
1107 1.0
1121 1.0
1124 1.0
1126 1.0
1129 1.0
1130 1.0
1183 1.0
1190 1.0
1194 1.0
1264 1.0
1296 1.0
1307 1.0
1316 1.0
1319 1.0
