3 1.845098040014257
50 1.3010299956639813
69 1.3010299956639813
84 1.0
91 1.9030899869919435
93 1.4771212547196624
96 1.0
101 1.0
107 1.4771212547196624
108 1.0
123 1.0
124 1.0
171 1.0
183 1.0
185 1.3010299956639813
189 1.0
191 1.7781512503836436
207 1.0
209 1.0
214 1.0
215 1.0
220 1.3010299956639813
222 1.0
225 1.0
226 1.0
233 1.0
244 1.4771212547196624
271 1.0
289 1.0
296 1.0
301 1.4771212547196624
352 1.0
367 1.0
373 1.0
388 1.0
400 1.0
420 1.0
451 1.0
457 1.0
458 1.0
459 1.0
463 1.3010299956639813
466 1.0
488 1.0
504 1.0
506 1.0
537 1.0
538 1.0
539 2.361727836017593
566 1.3010299956639813
570 1.4771212547196624
571 1.4771212547196624
573 1.0
574 1.0
576 1.0
605 1.0
606 1.0
630 1.0
643 1.7781512503836436
645 1.0
664 1.0
665 1.0
668 1.0
674 1.0
675 1.0
677 1.3010299956639813
679 1.0
684 1.0
698 1.0
708 1.0
719 1.0
724 1.0
739 1.0
764 1.3010299956639813
768 1.0
770 1.0
783 1.0
792 1.3010299956639813
794 1.0
795 1.0
797 1.4771212547196624
809 1.4771212547196624
829 1.0
834 1.4771212547196624
835 1.4771212547196624
837 1.0
841 1.4771212547196624
847 1.0
859 1.3010299956639813
866 1.0
885 1.0
891 1.0
901 1.0
907 1.0
908 1.0
917 1.3010299956639813
919 1.4771212547196624
926 1.3010299956639813
936 1.4771212547196624
952 1.0
963 1.3010299956639813
994 1.3010299956639813
995 1.3010299956639813
999 1.3010299956639813
1005 1.0
1016 1.0
1020 1.3010299956639813
1036 1.3010299956639813
1063 1.0
1069 1.0
1071 1.3010299956639813
1084 1.0
1090 1.3010299956639813
1115 1.0
1116 1.0
1117 1.0
1118 1.0
1119 1.0
1127 1.0
1128 1.0
1139 1.845098040014257
1140 1.9542425094393248
1143 1.0
1144 1.0
1147 1.0
1148 1.0
1150 1.0
1161 1.6989700043360187
1185 1.0
1202 1.4771212547196624
1221 1.0
1226 1.0
1238 1.0
1250 1.0
1259 1.0
1270 1.6020599913279625
1281 1.3010299956639813
1287 1.0
1289 1.0
1293 1.3010299956639813
1294 1.0
1302 1.0
1304 1.3010299956639813
1313 1.0
1318 1.0
1320 1.845098040014257
