0 1.0
3 1.0
5 1.0
9 1.4771212547196624
14 1.0
15 1.3010299956639813
16 1.0
19 1.0
21 1.0
24 1.4771212547196624
29 1.0
30 1.0
31 1.0
39 1.0
40 1.0
41 1.0
45 1.3010299956639813
50 1.0
53 2.0
58 2.113943352306837
61 1.0
62 1.4771212547196624
64 1.0
68 1.6989700043360187
71 1.0
73 1.0
74 1.9030899869919435
75 1.6989700043360187
79 1.0
84 1.0
89 1.0
91 1.0
92 1.0
93 2.0413926851582254
94 1.6020599913279625
101 1.4771212547196624
103 1.0
104 1.4771212547196624
107 2.0
108 1.3010299956639813
109 1.0
121 1.0
123 1.0
124 1.0
128 1.3010299956639813
132 1.7781512503836436
136 1.0
138 1.4771212547196624
139 1.0
142 1.0
146 1.0
149 1.4771212547196624
152 1.4771212547196624
155 1.0
156 1.0
157 1.845098040014257
158 1.0
159 1.0
161 1.7781512503836436
163 1.845098040014257
168 1.3010299956639813
169 1.3010299956639813
174 1.3010299956639813
176 1.3010299956639813
177 1.7781512503836436
178 1.3010299956639813
179 1.4771212547196624
180 1.0
181 1.4771212547196624
184 1.3010299956639813
185 1.6989700043360187
187 1.0
189 1.0
190 1.7781512503836436
191 2.0
193 1.9542425094393248
198 1.4771212547196624
200 1.6020599913279625
201 1.6020599913279625
203 1.0
207 1.845098040014257
211 1.6989700043360187
213 1.0
214 1.3010299956639813
217 1.0
218 1.0
223 1.4771212547196624
224 1.0
229 1.0
230 1.6020599913279625
231 1.3010299956639813
234 1.6020599913279625
236 1.0
237 1.845098040014257
239 1.4771212547196624
241 1.0
242 1.0
244 1.0
245 1.0
247 1.0
248 1.0
251 1.0
256 1.6989700043360187
258 1.4771212547196624
259 1.6020599913279625
261 1.0
264 1.3010299956639813
265 1.6989700043360187
268 1.3010299956639813
270 2.146128035678238
273 1.6989700043360187
275 1.0
276 1.845098040014257
277 1.0
280 1.0
283 1.0
287 1.4771212547196624
289 1.3010299956639813
293 1.0
296 1.7781512503836436
300 1.3010299956639813
301 1.6989700043360187
302 1.3010299956639813
303 1.3010299956639813
305 1.0
306 1.6020599913279625
309 1.4771212547196624
313 1.0
314 1.7781512503836436
319 1.0
323 1.4771212547196624
327 1.0
329 1.0
344 1.0
346 1.4771212547196624
348 1.0
349 1.6020599913279625
353 1.0
364 1.6989700043360187
373 1.0
375 1.6989700043360187
376 1.0
380 1.0
381 1.4771212547196624
384 1.7781512503836436
386 1.0
387 1.3010299956639813
388 1.9542425094393248
395 1.3010299956639813
396 1.0
400 1.845098040014257
401 1.6989700043360187
404 1.3010299956639813
408 1.0
409 1.3010299956639813
412 1.3010299956639813
417 1.0
421 1.0
423 1.3010299956639813
429 2.0
430 1.3010299956639813
432 1.4771212547196624
433 1.3010299956639813
439 1.0
442 1.6020599913279625
443 1.9030899869919435
444 1.3010299956639813
447 1.0
459 1.6020599913279625
466 1.3010299956639813
472 1.6020599913279625
482 1.0
486 1.0
491 1.0
493 1.0
494 1.0
496 1.845098040014257
497 1.3010299956639813
498 1.0
500 1.9542425094393248
501 1.4771212547196624
506 1.6989700043360187
514 1.0
517 1.6020599913279625
518 1.4771212547196624
520 1.0
521 1.0
522 1.0
523 1.0
525 1.3010299956639813
527 1.0
528 1.0
530 1.0
534 1.0
536 1.0
537 1.0
539 1.4771212547196624
541 1.0
543 1.3010299956639813
544 1.3010299956639813
545 1.0
546 1.0
547 1.0
550 1.4771212547196624
554 1.0
555 2.0413926851582254
557 1.3010299956639813
558 1.4771212547196624
559 1.3010299956639813
560 1.0
561 1.0
565 1.4771212547196624
566 1.6020599913279625
567 1.6989700043360187
568 1.4771212547196624
569 1.4771212547196624
570 1.0
571 1.4771212547196624
575 1.6989700043360187
577 1.9542425094393248
578 1.845098040014257
579 1.0
580 1.4771212547196624
582 1.845098040014257
583 1.845098040014257
584 1.3010299956639813
585 1.3010299956639813
586 1.6989700043360187
588 1.9542425094393248
591 1.6020599913279625
592 1.3010299956639813
593 1.3010299956639813
595 1.6020599913279625
596 1.6020599913279625
597 1.3010299956639813
598 1.3010299956639813
599 1.0
600 1.0
602 1.0
603 1.0
605 1.6020599913279625
606 1.6020599913279625
608 1.845098040014257
609 1.4771212547196624
613 1.3010299956639813
614 1.0
615 1.3010299956639813
618 1.0
622 1.0
624 1.6989700043360187
626 1.0
627 1.0
633 1.4771212547196624
637 1.3010299956639813
639 1.0
642 1.3010299956639813
644 1.0
645 1.4771212547196624
646 1.0
647 1.0
650 1.4771212547196624
651 1.0
654 1.4771212547196624
657 1.7781512503836436
661 1.0
663 1.6989700043360187
669 1.6020599913279625
673 1.3010299956639813
676 1.7781512503836436
678 1.4771212547196624
680 1.4771212547196624
681 1.0
682 1.6020599913279625
684 1.4771212547196624
686 1.0
687 1.0
688 1.6989700043360187
689 1.845098040014257
691 1.0
692 1.9030899869919435
694 1.6020599913279625
695 1.0
697 1.3010299956639813
698 1.0
700 1.0
702 1.0
703 2.0
704 1.6020599913279625
706 1.6020599913279625
707 1.4771212547196624
709 1.6989700043360187
715 1.4771212547196624
716 1.0
717 1.4771212547196624
721 1.9542425094393248
723 1.3010299956639813
724 1.3010299956639813
725 1.0
730 1.0
731 1.6020599913279625
735 1.0
739 1.4771212547196624
742 1.0
743 1.0
746 1.0
747 1.3010299956639813
748 1.0
749 1.0
751 1.4771212547196624
752 1.0
754 1.6020599913279625
755 1.6020599913279625
758 1.0
761 1.6020599913279625
763 1.0
764 1.845098040014257
765 1.9030899869919435
768 1.0
770 1.6989700043360187
771 1.4771212547196624
772 1.0
773 1.0
774 1.0
776 1.0
778 1.3010299956639813
779 1.6020599913279625
781 1.845098040014257
788 1.4771212547196624
790 1.7781512503836436
792 1.3010299956639813
794 2.0413926851582254
795 1.6989700043360187
797 1.0
798 1.4771212547196624
801 1.3010299956639813
804 1.0
811 1.0
813 1.6020599913279625
814 1.3010299956639813
815 1.0
819 1.4771212547196624
821 1.6020599913279625
824 1.0
825 1.0
828 1.3010299956639813
838 1.6989700043360187
839 1.0
840 1.0
841 1.7781512503836436
843 1.6989700043360187
845 1.4771212547196624
848 1.0
850 1.9030899869919435
851 1.3010299956639813
854 1.4771212547196624
855 1.0
864 1.0
867 1.7781512503836436
868 1.6020599913279625
869 1.6020599913279625
870 1.6020599913279625
871 1.3010299956639813
876 1.0
877 1.3010299956639813
878 1.4771212547196624
879 1.0
884 1.6020599913279625
885 1.4771212547196624
889 1.0
890 1.0
895 1.3010299956639813
896 1.0
898 1.6020599913279625
901 1.6989700043360187
903 2.0
904 1.0
905 1.0
906 1.4771212547196624
907 1.0
908 1.6020599913279625
914 1.4771212547196624
915 1.0
923 1.0
924 1.0
926 1.9542425094393248
928 1.0
929 1.6989700043360187
932 1.3010299956639813
933 1.0
934 1.0
935 1.0
939 1.6020599913279625
942 1.3010299956639813
943 1.3010299956639813
944 1.3010299956639813
948 1.6989700043360187
950 1.4771212547196624
956 1.7781512503836436
958 1.6020599913279625
959 1.0
964 1.6989700043360187
967 1.0
971 1.6020599913279625
972 1.0
973 1.3010299956639813
974 1.0
975 1.3010299956639813
976 1.0
977 1.3010299956639813
978 1.0
982 1.0
983 1.0
985 1.0
990 1.4771212547196624
993 1.0
996 2.4913616938342726
999 1.0
1001 1.4771212547196624
1005 1.3010299956639813
1010 1.0
1011 1.0
1012 1.0
1015 1.3010299956639813
1016 1.3010299956639813
1019 1.6989700043360187
1022 1.3010299956639813
1026 1.4771212547196624
1028 1.0
1029 1.0
1033 1.0
1034 1.3010299956639813
1036 1.0
1037 1.0
1040 1.0
1042 1.3010299956639813
1046 1.0
1048 1.3010299956639813
1049 1.0
1050 1.0
1054 1.0
1061 1.0
1062 1.6020599913279625
1064 1.3010299956639813
1065 1.0
1072 1.6020599913279625
1077 1.4771212547196624
1080 1.3010299956639813
1081 1.0
1083 1.3010299956639813
1085 2.204119982655925
1086 1.6020599913279625
1089 1.6989700043360187
1091 1.9030899869919435
1096 1.6989700043360187
1102 1.0
1104 1.0
1107 1.0
1109 1.3010299956639813
1110 1.0
1117 1.6989700043360187
1118 1.6989700043360187
1119 1.3010299956639813
1121 1.3010299956639813
1122 1.0
1126 1.0
1127 1.845098040014257
1128 1.845098040014257
1129 2.0413926851582254
1130 2.0413926851582254
1135 1.0
1136 1.0
1137 1.4771212547196624
1138 1.4771212547196624
1140 1.6020599913279625
1141 1.6989700043360187
1142 1.6989700043360187
1143 1.0
1144 1.0
1145 1.0
1146 1.0
1147 1.0
1148 1.0
1149 1.3010299956639813
1150 1.3010299956639813
1151 1.7781512503836436
1156 1.0
1160 1.0
1161 1.3010299956639813
1164 1.3010299956639813
1165 2.1760912590556813
1173 1.0
1175 1.0
1176 1.0
1181 1.0
1182 1.0
1185 1.3010299956639813
1192 1.4771212547196624
1198 1.3010299956639813
1199 1.6989700043360187
1200 1.3010299956639813
1202 1.0
1204 1.6020599913279625
1206 1.0
1207 1.4771212547196624
1213 1.0
1214 1.3010299956639813
1218 2.0
1219 1.0
1221 1.4771212547196624
1222 2.0413926851582254
1226 1.0
1227 1.6020599913279625
1228 1.6989700043360187
1229 1.6020599913279625
1230 1.3010299956639813
1231 1.0
1232 1.3010299956639813
1233 1.4771212547196624
1234 1.3010299956639813
1235 1.6020599913279625
1236 1.3010299956639813
1238 1.6989700043360187
1239 2.146128035678238
1241 1.7781512503836436
1244 1.6020599913279625
1247 1.6989700043360187
1251 1.7781512503836436
1253 1.3010299956639813
1254 1.0
1256 1.0
1258 1.9542425094393248
1259 1.0
1260 1.6989700043360187
1265 1.3010299956639813
1266 1.4771212547196624
1270 1.0
1271 1.3010299956639813
1274 1.4771212547196624
1275 1.6020599913279625
1276 1.9030899869919435
1277 1.6020599913279625
1278 1.3010299956639813
1281 1.3010299956639813
1283 1.0
1285 1.0
1288 1.0
1289 1.3010299956639813
1290 1.4771212547196624
1292 1.0
1294 1.6989700043360187
1297 1.0
1298 1.4771212547196624
1304 1.3010299956639813
1305 1.0
1309 1.9542425094393248
1311 1.3010299956639813
1314 1.3010299956639813
1318 2.230448921378274
1319 1.0
