2 1.3010299956639813
4 1.0
43 1.0
53 1.4771212547196624
65 1.0
71 1.0
75 1.0
83 1.0
97 1.0
103 1.6020599913279625
138 1.3010299956639813
165 1.3010299956639813
179 1.0
228 1.4771212547196624
230 1.0
238 1.0
241 1.0
242 1.0
244 1.0
247 1.0
264 1.3010299956639813
297 1.3010299956639813
302 1.0
312 1.0
314 1.0
327 1.4771212547196624
337 1.0
346 1.0
350 1.0
351 1.0
353 1.0
360 1.0
375 1.0
383 1.0
400 1.0
401 1.0
427 1.3010299956639813
429 1.0
430 1.3010299956639813
443 1.0
444 1.0
463 1.0
474 1.0
488 1.0
497 1.0
531 1.0
540 1.0
543 2.380211241711606
544 2.380211241711606
554 1.0
555 1.3010299956639813
558 1.0
578 1.0
584 1.6020599913279625
585 1.6020599913279625
589 1.0
608 1.3010299956639813
611 1.4771212547196624
613 1.0
627 1.0
637 1.0
644 1.845098040014257
648 1.0
653 1.0
664 2.113943352306837
680 1.0
682 1.3010299956639813
684 1.0
687 1.0
689 1.3010299956639813
690 1.3010299956639813
696 1.0
699 1.0
700 1.0
702 1.0
715 1.0
721 1.0
723 1.7781512503836436
739 1.0
751 1.0
756 1.0
764 1.0
770 1.3010299956639813
776 1.0
794 1.3010299956639813
854 1.0
868 1.0
869 1.0
870 1.0
903 1.3010299956639813
925 1.0
940 1.3010299956639813
954 1.7781512503836436
979 1.3010299956639813
1003 1.0
1028 1.7781512503836436
1037 1.0
1041 1.3010299956639813
1050 1.3010299956639813
1062 1.3010299956639813
1072 1.7781512503836436
1078 1.0
1090 1.0
1091 1.3010299956639813
1120 1.3010299956639813
1125 1.0
1129 1.6989700043360187
1130 1.6989700043360187
1133 1.0
1134 1.0
1139 1.0
1140 1.3010299956639813
1187 1.0
1193 1.0
1194 1.3010299956639813
1221 1.3010299956639813
1222 1.6020599913279625
1226 1.3010299956639813
1235 1.0
1239 1.0
1242 1.3010299956639813
1277 1.3010299956639813
1309 1.0
1311 1.0
1313 1.0
1314 1.6989700043360187
