0 1.0
8 1.4771212547196624
9 1.0
12 1.0
17 2.0413926851582254
21 1.4771212547196624
45 1.3010299956639813
63 1.4771212547196624
69 1.3010299956639813
80 1.0
104 1.0
108 1.3010299956639813
130 1.0
146 1.0
151 1.6989700043360187
154 1.6020599913279625
162 1.3010299956639813
167 1.0
186 1.0
187 1.0
189 1.3010299956639813
231 1.0
265 1.3010299956639813
268 1.4771212547196624
310 1.0
325 1.6020599913279625
337 1.9030899869919435
338 1.3010299956639813
363 1.4771212547196624
367 1.6989700043360187
372 1.0
391 1.3010299956639813
406 1.0
408 1.0
415 1.3010299956639813
512 1.0
525 1.0
529 1.0
582 1.0
583 1.0
599 1.0
614 1.3010299956639813
636 1.3010299956639813
690 1.0
707 1.0
727 1.0
751 1.0
881 1.3010299956639813
896 1.0
933 1.4771212547196624
952 1.0
994 1.0
1005 1.0
1037 1.0
1053 1.0
1086 1.0
1091 1.6020599913279625
1097 1.0
1129 1.6020599913279625
1130 1.6020599913279625
1139 1.0
1140 1.0
1161 1.0
1162 1.3010299956639813
1180 1.0
1198 1.0
1239 1.0
