22 1.0
41 1.4771212547196624
53 1.0
70 1.0
75 1.3010299956639813
77 1.6989700043360187
79 1.0
87 1.0
93 1.0
108 1.3010299956639813
179 1.0
180 1.0
181 1.0
193 1.7781512503836436
241 1.0
242 1.0
244 1.0
245 1.4771212547196624
289 1.0
309 1.0
323 1.0
324 1.0
327 1.4771212547196624
330 1.9030899869919435
335 1.0
349 1.0
350 1.3010299956639813
353 1.3010299956639813
361 1.0
386 1.3010299956639813
388 1.4771212547196624
417 1.0
429 1.6989700043360187
450 1.6020599913279625
517 1.9542425094393248
520 1.0
535 1.0
540 1.3010299956639813
543 1.3010299956639813
544 1.3010299956639813
555 2.0
556 1.0
558 1.0
565 1.4771212547196624
570 1.0
582 1.0
583 1.0
584 1.6020599913279625
585 1.6020599913279625
586 1.0
592 1.3010299956639813
597 1.0
598 1.0
615 1.0
618 1.4771212547196624
624 1.0
627 1.0
629 1.0
632 1.3010299956639813
640 1.0
667 1.0
669 1.0
673 1.3010299956639813
676 1.0
677 1.6020599913279625
682 1.0
689 1.0
691 1.0
697 1.3010299956639813
704 1.0
711 1.0
715 1.6989700043360187
717 1.3010299956639813
721 1.3010299956639813
751 1.6989700043360187
767 1.0
781 1.0
783 1.6989700043360187
795 1.0
804 1.3010299956639813
826 1.0
827 1.3010299956639813
841 1.6989700043360187
848 1.0
850 1.3010299956639813
856 1.0
858 1.0
870 1.0
877 1.0
878 1.0
884 1.4771212547196624
891 1.0
896 1.3010299956639813
911 1.0
920 1.3010299956639813
924 1.0
926 1.0
933 1.0
935 1.6020599913279625
936 1.3010299956639813
937 1.0
939 1.4771212547196624
940 1.3010299956639813
945 1.0
947 1.0
948 1.0
950 1.4771212547196624
951 1.3010299956639813
953 1.4771212547196624
966 1.0
969 1.7781512503836436
971 1.0
972 1.0
977 1.3010299956639813
978 1.9030899869919435
979 1.0
981 1.0
986 1.0
991 1.0
994 1.0
995 1.0
1000 1.0
1002 1.0
1008 1.0
1011 1.0
1012 1.0
1015 1.0
1016 1.4771212547196624
1019 1.0
1033 1.3010299956639813
1034 1.3010299956639813
1036 1.7781512503836436
1037 1.3010299956639813
1039 1.0
1062 1.0
1071 1.0
1078 1.3010299956639813
1083 1.0
1084 1.0
1085 1.7781512503836436
1092 1.0
1103 1.0
1111 1.0
1112 1.0
1117 1.0
1118 1.0
1119 1.0
1127 1.0
1128 1.0
1129 1.6989700043360187
1130 1.6989700043360187
1137 1.0
1138 1.0
1140 1.0
1147 2.0413926851582254
1148 2.0413926851582254
1149 1.3010299956639813
1150 1.6020599913279625
1161 1.0
1208 1.0
1218 1.0
1230 1.0
1234 1.0
1235 1.0
1242 1.4771212547196624
1272 1.0
1324 1.0
