3 1.0
8 1.6989700043360187
9 1.0
11 1.3010299956639813
13 1.4771212547196624
15 1.0
16 1.0
17 1.0
18 1.0
20 1.0
21 1.3010299956639813
25 1.3010299956639813
32 1.6020599913279625
36 1.6989700043360187
41 2.4771212547196626
45 1.3010299956639813
48 1.3010299956639813
50 1.3010299956639813
51 1.3010299956639813
54 1.0
56 1.6020599913279625
61 1.6989700043360187
62 1.3010299956639813
67 1.9030899869919435
71 1.4771212547196624
73 1.0
74 1.0
75 1.6020599913279625
77 1.3010299956639813
80 1.0
81 1.4771212547196624
84 1.0
85 1.0
86 2.0413926851582254
89 1.7781512503836436
90 1.7781512503836436
93 1.3010299956639813
94 1.4771212547196624
95 1.6020599913279625
96 1.3010299956639813
97 1.6020599913279625
100 2.113943352306837
101 1.845098040014257
103 1.9030899869919435
104 1.9030899869919435
108 2.0
109 1.0
113 1.6020599913279625
114 1.6020599913279625
116 1.3010299956639813
117 1.6989700043360187
118 1.4771212547196624
119 1.0
121 1.4771212547196624
123 1.3010299956639813
124 1.3010299956639813
125 1.3010299956639813
126 1.4771212547196624
129 1.3010299956639813
130 1.0
131 2.0
133 1.6989700043360187
135 1.0
137 1.0
142 1.845098040014257
143 1.0
145 1.3010299956639813
146 1.6020599913279625
155 1.4771212547196624
162 1.0
167 1.0
170 1.0
172 1.0
174 1.7781512503836436
176 1.845098040014257
179 1.0
184 1.0
185 1.3010299956639813
186 1.0
189 1.6020599913279625
190 1.0
191 1.6020599913279625
194 1.0
195 1.7781512503836436
196 1.3010299956639813
198 1.0
200 1.0
202 2.113943352306837
204 1.3010299956639813
210 1.0
222 1.0
223 1.0
227 1.0
230 1.0
234 1.3010299956639813
236 1.9030899869919435
237 1.4771212547196624
239 1.3010299956639813
241 1.3010299956639813
242 1.3010299956639813
245 1.6020599913279625
251 2.278753600952829
254 1.9542425094393248
258 1.6020599913279625
262 1.4771212547196624
263 2.079181246047625
264 1.6020599913279625
265 2.3979400086720375
268 2.0
272 1.0
273 1.0
274 1.3010299956639813
276 1.7781512503836436
279 1.6989700043360187
280 1.0
281 1.9030899869919435
284 1.9030899869919435
286 1.3010299956639813
290 1.3010299956639813
291 1.845098040014257
294 1.3010299956639813
300 1.845098040014257
302 2.230448921378274
303 1.4771212547196624
311 1.0
314 1.3010299956639813
315 1.0
317 1.7781512503836436
322 1.4771212547196624
323 1.4771212547196624
324 1.0
325 1.6989700043360187
326 1.3010299956639813
327 1.6989700043360187
328 1.3010299956639813
329 2.3222192947339195
331 1.0
334 1.3010299956639813
337 1.4771212547196624
338 1.0
344 1.0
347 1.0
349 1.3010299956639813
355 1.0
358 1.0
359 1.0
360 1.3010299956639813
361 1.6020599913279625
364 1.9542425094393248
365 1.0
367 1.3010299956639813
369 1.0
372 1.6020599913279625
373 1.3010299956639813
375 1.6020599913279625
378 2.146128035678238
380 2.1760912590556813
381 1.6020599913279625
383 1.9542425094393248
384 1.3010299956639813
388 2.0413926851582254
391 1.6020599913279625
395 1.0
397 1.0
400 1.6020599913279625
406 1.0
407 1.0
410 1.0
411 1.4771212547196624
412 1.0
415 1.0
416 1.0
418 1.0
424 1.4771212547196624
429 1.3010299956639813
430 1.4771212547196624
442 1.3010299956639813
446 1.0
449 1.0
450 1.3010299956639813
458 1.0
459 1.6020599913279625
460 1.0
470 1.0
471 1.0
472 1.0
473 1.0
487 1.3010299956639813
493 1.0
497 1.6020599913279625
499 1.6020599913279625
500 1.0
503 1.0
511 1.0
513 1.0
514 1.0
521 1.0
525 1.7781512503836436
526 1.6020599913279625
531 1.0
534 1.7781512503836436
537 1.0
539 1.9542425094393248
541 1.0
543 1.0
544 1.0
545 1.0
550 1.0
554 1.0
555 1.0
559 1.0
566 1.4771212547196624
568 1.6020599913279625
569 1.6020599913279625
578 1.9030899869919435
582 2.079181246047625
583 2.079181246047625
590 1.0
593 1.6989700043360187
597 1.4771212547196624
598 1.4771212547196624
599 1.0
601 1.0
604 1.0
605 1.3010299956639813
606 1.3010299956639813
609 1.0
610 1.0
620 1.3010299956639813
622 1.6020599913279625
633 1.0
636 1.0
637 1.9542425094393248
643 1.3010299956639813
656 1.0
657 1.4771212547196624
658 1.0
659 1.0
664 1.6020599913279625
666 1.0
673 1.4771212547196624
676 1.9542425094393248
677 1.0
680 1.7781512503836436
681 1.0
682 1.3010299956639813
684 1.6989700043360187
688 1.0
689 1.3010299956639813
690 1.3010299956639813
692 1.7781512503836436
695 1.6020599913279625
696 1.3010299956639813
697 1.3010299956639813
698 1.6020599913279625
699 1.3010299956639813
703 1.6020599913279625
704 1.9542425094393248
705 1.0
706 1.9542425094393248
709 1.6020599913279625
710 1.0
711 1.3010299956639813
712 1.0
715 2.204119982655925
717 1.7781512503836436
720 1.0
721 1.9030899869919435
723 1.845098040014257
724 1.0
727 1.3010299956639813
729 1.4771212547196624
730 1.7781512503836436
731 1.4771212547196624
732 1.3010299956639813
735 1.0
739 1.3010299956639813
740 1.0
742 1.4771212547196624
745 1.0
748 1.6020599913279625
749 1.0
751 1.4771212547196624
753 1.0
754 1.0
756 1.6989700043360187
758 1.0
761 1.0
762 1.0
763 1.6020599913279625
764 1.3010299956639813
768 1.0
770 1.845098040014257
771 1.6020599913279625
772 1.0
779 1.4771212547196624
781 1.9030899869919435
792 1.4771212547196624
801 1.3010299956639813
802 1.3010299956639813
803 1.3010299956639813
819 1.6020599913279625
820 1.4771212547196624
824 1.0
825 1.0
826 1.4771212547196624
841 1.0
844 1.0
847 1.0
850 1.0
851 1.0
852 1.3010299956639813
853 1.0
856 1.4771212547196624
861 1.0
862 1.0
863 1.3010299956639813
866 1.6020599913279625
870 1.7781512503836436
873 1.0
874 1.3010299956639813
875 1.0
878 1.4771212547196624
881 1.0
883 1.3010299956639813
885 1.4771212547196624
887 1.0
893 1.0
903 1.3010299956639813
907 1.3010299956639813
932 1.9030899869919435
943 1.3010299956639813
944 1.3010299956639813
957 1.3010299956639813
959 1.3010299956639813
968 1.0
969 1.3010299956639813
970 1.0
972 1.0
973 1.0
975 1.0
977 1.0
989 1.9542425094393248
994 1.0
1002 1.845098040014257
1003 1.0
1004 1.3010299956639813
1005 2.278753600952829
1006 1.9030899869919435
1010 1.845098040014257
1011 1.3010299956639813
1012 1.3010299956639813
1013 1.0
1015 1.4771212547196624
1016 1.6989700043360187
1019 1.7781512503836436
1020 2.230448921378274
1022 1.0
1026 1.0
1028 1.9542425094393248
1047 1.7781512503836436
1048 1.4771212547196624
1049 2.204119982655925
1050 1.0
1051 1.3010299956639813
1054 1.6020599913279625
1055 2.255272505103306
1057 1.4771212547196624
1058 1.4771212547196624
1062 1.0
1070 1.3010299956639813
1071 1.0
1072 1.0
1074 2.113943352306837
1075 2.113943352306837
1083 2.079181246047625
1085 1.0
1091 1.3010299956639813
1093 1.0
1094 1.0
1095 1.7781512503836436
1096 1.845098040014257
1097 1.3010299956639813
1099 1.4771212547196624
1100 1.4771212547196624
1101 1.7781512503836436
1104 1.6989700043360187
1114 2.204119982655925
1115 1.6989700043360187
1116 1.6989700043360187
1117 1.3010299956639813
1118 1.3010299956639813
1123 1.6989700043360187
1127 1.9030899869919435
1128 1.9030899869919435
1129 2.462397997898956
1130 2.462397997898956
1131 1.3010299956639813
1132 1.3010299956639813
1133 1.0
1134 1.0
1135 1.3010299956639813
1136 1.3010299956639813
1137 1.4771212547196624
1138 1.4771212547196624
1139 2.3222192947339195
1140 2.342422680822206
1141 1.7781512503836436
1142 1.7781512503836436
1143 1.845098040014257
1144 1.845098040014257
1145 1.0
1146 1.0
1147 1.845098040014257
1148 1.845098040014257
1149 2.1760912590556813
1150 2.255272505103306
1151 1.4771212547196624
1159 1.3010299956639813
1160 1.0
1161 1.6989700043360187
1164 1.4771212547196624
1171 1.6020599913279625
1173 2.230448921378274
1176 1.6020599913279625
1184 1.845098040014257
1185 1.0
1189 1.0
1190 2.0413926851582254
1192 1.6020599913279625
1193 1.0
1194 1.0
1204 1.3010299956639813
1206 1.3010299956639813
1213 1.4771212547196624
1217 1.0
1218 1.7781512503836436
1227 1.3010299956639813
1228 1.9542425094393248
1229 1.3010299956639813
1231 1.4771212547196624
1234 1.7781512503836436
1235 1.845098040014257
1236 1.4771212547196624
1238 1.3010299956639813
1239 1.845098040014257
1240 1.0
1241 1.4771212547196624
1243 1.845098040014257
1244 1.4771212547196624
1247 1.7781512503836436
1251 1.0
1253 1.0
1256 1.6989700043360187
1259 1.3010299956639813
1260 1.3010299956639813
1261 1.0
1264 1.4771212547196624
1265 1.845098040014257
1266 1.6989700043360187
1268 2.0
1272 1.0
1274 2.230448921378274
1275 1.0
1277 2.1760912590556813
1279 1.4771212547196624
1281 2.0413926851582254
1283 1.0
1285 1.7781512503836436
1289 1.3010299956639813
1296 1.0
1302 1.6020599913279625
1304 1.0
1305 1.4771212547196624
1307 1.3010299956639813
1309 1.7781512503836436
1311 1.0
1313 1.0
1316 1.4771212547196624
1318 1.0
1319 1.0
1321 1.0
1324 1.4771212547196624
