5 1.6020599913279625
17 2.255272505103306
38 1.7781512503836436
41 1.4771212547196624
51 2.079181246047625
55 1.3010299956639813
71 1.0
88 1.6020599913279625
92 1.0
94 1.7781512503836436
127 1.6989700043360187
138 1.3010299956639813
144 2.0
145 1.0
146 1.3010299956639813
148 1.7781512503836436
150 1.4771212547196624
154 1.7781512503836436
161 2.3222192947339195
165 2.079181246047625
168 1.6020599913279625
175 1.6020599913279625
176 1.0
180 1.0
181 1.4771212547196624
189 2.3010299956639813
192 1.3010299956639813
193 1.0
202 1.3010299956639813
233 1.0
237 1.3010299956639813
245 1.0
254 1.3010299956639813
262 1.0
265 1.6020599913279625
267 2.079181246047625
274 1.4771212547196624
279 1.0
287 2.146128035678238
288 1.6989700043360187
292 1.0
302 2.113943352306837
318 1.6989700043360187
319 1.4771212547196624
326 1.3010299956639813
327 2.414973347970818
344 1.0
363 1.3010299956639813
388 1.3010299956639813
389 1.4771212547196624
404 1.0
413 1.0
415 2.1760912590556813
421 1.0
422 1.3010299956639813
429 1.4771212547196624
469 1.0
472 1.0
477 1.0
497 1.3010299956639813
514 1.0
518 1.0
523 1.0
526 1.3010299956639813
532 1.0
534 1.0
566 1.0
592 1.6020599913279625
597 1.6020599913279625
598 1.6020599913279625
610 1.4771212547196624
632 1.0
637 1.3010299956639813
657 1.3010299956639813
676 1.845098040014257
677 2.113943352306837
678 1.845098040014257
682 2.0413926851582254
687 1.9030899869919435
689 1.6989700043360187
692 1.6989700043360187
694 1.6989700043360187
729 1.3010299956639813
730 1.4771212547196624
733 1.3010299956639813
735 1.0
737 1.0
742 1.0
748 1.845098040014257
756 1.0
771 1.0
774 1.0
783 1.4771212547196624
787 1.3010299956639813
860 1.0
871 1.3010299956639813
883 2.0
901 1.7781512503836436
970 1.3010299956639813
1015 1.3010299956639813
1016 1.6989700043360187
1027 1.7781512503836436
1054 1.7781512503836436
1055 1.6020599913279625
1062 1.0
1089 1.0
1094 1.0
1096 2.0
1123 1.0
1139 1.6989700043360187
1140 2.230448921378274
1149 1.3010299956639813
1150 1.6989700043360187
1153 1.0
1154 1.3010299956639813
1155 1.0
1158 1.3010299956639813
1160 2.4471580313422194
1173 1.3010299956639813
1190 1.7781512503836436
1227 1.0
1264 1.0
1266 1.3010299956639813
1270 1.9542425094393248
1272 2.4471580313422194
1279 1.3010299956639813
1281 1.0
1285 2.230448921378274
1287 1.7781512503836436
1289 1.9030899869919435
1290 1.7781512503836436
1294 2.0413926851582254
1296 1.4771212547196624
1307 1.0
1309 2.0
1311 1.3010299956639813
1313 1.6020599913279625
1318 1.3010299956639813
1319 1.6989700043360187
1322 1.4771212547196624
