3 1.0
6 1.0
17 1.0
27 1.0
35 1.0
37 1.0
43 1.0
48 1.0
49 1.0
58 1.0
68 1.0
73 1.0
76 1.0
84 1.0
89 1.0
90 1.0
118 1.0
136 1.0
139 1.0
144 1.0
153 1.0
202 1.0
209 1.0
211 1.0
213 1.0
218 1.0
220 1.0
249 1.0
278 1.0
284 1.0
333 1.0
363 1.0
370 1.0
371 1.0
412 1.0
451 1.0
460 1.0
461 1.0
478 1.0
484 1.0
486 1.0
506 1.0
509 1.0
527 1.0
530 1.0
531 1.3010299956639813
538 1.0
542 1.0
546 1.0
547 1.0
549 1.0
552 1.0
572 1.0
581 1.0
590 1.0
599 1.0
601 1.0
631 1.0
635 1.0
649 1.0
679 1.0
681 1.0
685 1.0
693 1.0
714 1.0
786 1.0
788 1.0
790 1.0
810 1.0
843 1.0
850 1.0
907 1.0
917 1.0
927 1.0
978 1.0
983 1.0
1027 1.0
1066 1.0
1159 1.0
1169 1.0
1172 1.0
1174 1.0
1179 1.0
1262 1.0
1263 1.0
1269 1.0
1278 1.0
1279 1.0
1297 1.0
1298 1.0
1309 1.3010299956639813
1323 1.0
