6 1.0
14 1.0
29 1.0
31 1.0
34 1.3010299956639813
49 1.0
58 1.0
68 1.6020599913279625
71 1.0
73 1.3010299956639813
75 1.0
91 1.0
99 1.0
113 1.3010299956639813
114 1.3010299956639813
115 1.0
116 1.0
118 1.0
138 1.0
161 1.0
193 1.3010299956639813
213 1.0
220 1.0
223 1.9030899869919435
226 1.4771212547196624
228 1.0
234 1.0
242 1.0
243 1.0
244 1.0
247 1.0
248 1.0
249 1.0
253 1.0
257 1.0
261 1.3010299956639813
272 1.0
273 1.3010299956639813
284 1.0
293 1.0
302 1.0
303 1.0
309 1.4771212547196624
312 1.3010299956639813
314 1.0
329 1.0
349 1.0
387 1.0
398 1.0
399 1.0
401 1.0
414 1.0
417 1.3010299956639813
418 1.3010299956639813
420 1.3010299956639813
424 1.0
426 1.0
427 1.0
429 1.0
431 1.3010299956639813
433 1.0
434 1.3010299956639813
442 1.0
444 1.0
454 1.0
473 1.0
484 1.0
493 1.0
495 1.0
535 1.0
539 1.4771212547196624
540 1.0
542 1.0
543 1.4771212547196624
544 1.4771212547196624
546 1.3010299956639813
550 1.4771212547196624
555 1.0
557 1.0
565 1.0
570 1.0
572 1.0
573 1.0
574 1.0
575 1.0
586 1.0
588 1.3010299956639813
593 1.0
597 1.0
598 1.0
602 1.0
603 1.0
608 1.3010299956639813
614 1.0
621 1.0
623 1.0
626 1.0
627 1.0
633 1.0
639 1.0
647 1.3010299956639813
650 1.0
659 1.0
662 1.0
681 1.3010299956639813
686 1.0
687 1.0
689 1.0
694 1.0
695 1.0
703 1.0
708 1.4771212547196624
716 1.0
720 1.0
722 1.3010299956639813
731 1.3010299956639813
736 1.3010299956639813
739 1.3010299956639813
741 1.0
742 1.0
743 1.0
745 1.0
748 1.0
758 1.0
761 1.0
763 1.0
765 1.0
779 1.3010299956639813
795 1.0
801 1.0
814 1.0
815 1.0
820 1.0
823 1.0
826 1.4771212547196624
838 1.0
850 1.0
870 1.4771212547196624
871 1.0
893 1.3010299956639813
895 1.0
901 1.0
902 1.0
915 1.0
918 1.0
939 1.0
953 1.0
1013 1.0
1028 1.0
1029 1.4771212547196624
1034 1.0
1037 1.0
1038 1.4771212547196624
1039 1.4771212547196624
1040 1.0
1044 1.4771212547196624
1045 1.0
1046 1.4771212547196624
1061 1.3010299956639813
1064 1.0
1065 1.3010299956639813
1071 1.3010299956639813
1079 1.3010299956639813
1085 1.0
1086 1.0
1092 1.0
1093 1.0
1113 1.0
1114 1.0
1117 1.0
1118 1.0
1119 1.0
1137 1.3010299956639813
1138 1.3010299956639813
1139 1.0
1140 1.0
1141 1.3010299956639813
1142 1.3010299956639813
1156 1.0
1189 1.3010299956639813
1190 1.0
1199 1.3010299956639813
1203 1.0
1205 1.0
1212 1.0
1226 1.0
1237 1.0
1238 1.4771212547196624
1256 1.0
1265 1.0
1268 1.0
1269 1.0
1277 1.4771212547196624
1279 1.0
1283 1.4771212547196624
1289 1.3010299956639813
1293 1.0
1318 1.0
