3 1.0
12 1.0
29 1.0
32 1.0
37 1.0
45 1.0
47 1.0
48 1.0
58 1.0
61 1.0
65 1.3010299956639813
83 1.0
84 1.0
85 1.6989700043360187
91 1.0
92 1.4771212547196624
113 1.0
114 1.0
118 1.0
136 1.3010299956639813
138 1.0
139 1.0
140 1.3010299956639813
141 1.0
209 1.3010299956639813
211 1.3010299956639813
221 1.0
222 1.3010299956639813
240 1.0
243 1.0
250 1.0
257 1.0
260 1.0
261 1.3010299956639813
265 1.0
266 1.0
273 1.0
274 1.4771212547196624
277 1.3010299956639813
282 2.0413926851582254
289 1.0
297 1.0
309 1.0
310 1.4771212547196624
314 1.0
329 1.4771212547196624
333 1.4771212547196624
374 1.0
388 1.0
394 1.0
400 1.0
402 1.0
412 1.0
428 1.3010299956639813
432 1.0
436 1.0
446 1.0
453 1.0
462 1.0
464 1.0
466 1.0
476 1.0
481 1.0
490 1.0
493 1.0
504 1.6020599913279625
511 1.9030899869919435
568 1.4771212547196624
569 1.4771212547196624
575 1.3010299956639813
578 1.0
588 1.0
597 1.6989700043360187
598 1.6989700043360187
615 1.0
621 1.0
631 1.0
647 1.0
651 1.0
652 1.0
659 1.0
668 1.0
677 1.0
681 1.3010299956639813
693 1.0
697 1.0
715 1.0
723 1.3010299956639813
724 1.0
739 2.204119982655925
740 1.0
741 1.0
751 1.0
757 1.0
768 1.0
769 1.0
789 1.0
795 1.3010299956639813
821 1.0
838 1.4771212547196624
849 1.3010299956639813
850 1.0
864 1.9542425094393248
868 1.0
869 1.0
870 1.0
888 1.0
889 1.6989700043360187
890 1.6989700043360187
893 1.0
896 1.0
897 1.3010299956639813
899 1.0
904 1.3010299956639813
918 1.0
922 1.4771212547196624
924 1.4771212547196624
928 1.0
929 1.0
935 1.0
947 1.0
950 1.4771212547196624
957 1.845098040014257
993 1.4771212547196624
1013 1.4771212547196624
1020 1.3010299956639813
1048 1.4771212547196624
1050 1.0
1065 1.0
1085 1.0
1103 1.0
1111 1.0
1112 1.0
1115 1.7781512503836436
1116 1.7781512503836436
1119 1.0
1123 1.0
1124 1.0
1131 1.3010299956639813
1132 1.3010299956639813
1147 1.0
1148 1.0
1153 2.5563025007672873
1158 2.079181246047625
1179 1.0
1183 1.0
1188 1.845098040014257
1190 1.0
1212 1.0
1228 1.0
1243 1.3010299956639813
1247 1.0
1250 1.3010299956639813
1254 1.0
1262 1.0
1263 1.4771212547196624
1269 1.0
1272 1.0
1278 1.0
1279 1.9542425094393248
1280 1.0
1286 1.0
1298 1.6020599913279625
1301 1.0
1305 1.0
1307 1.0
