10 1.0
29 1.6989700043360187
68 1.9030899869919435
135 1.6989700043360187
171 1.6020599913279625
176 1.0
231 1.3010299956639813
270 1.0
314 1.3010299956639813
390 1.4771212547196624
398 1.9542425094393248
403 1.0
409 1.0
412 1.3010299956639813
416 1.0
437 1.3010299956639813
440 1.0
443 1.0
457 1.6989700043360187
462 1.3010299956639813
463 1.0
465 1.6020599913279625
468 1.0
482 1.0
491 1.0
524 1.0
550 1.4771212547196624
565 1.3010299956639813
586 1.3010299956639813
613 2.146128035678238
625 1.0
631 1.0
694 1.3010299956639813
703 1.0
709 1.0
714 1.0
720 1.3010299956639813
723 1.0
761 1.3010299956639813
779 1.4771212547196624
790 1.6989700043360187
860 1.845098040014257
903 1.0
925 1.0
938 1.0
972 1.0
994 1.6020599913279625
1022 1.9542425094393248
1041 1.3010299956639813
1047 2.255272505103306
1122 1.3010299956639813
1123 1.7781512503836436
1126 1.0
1155 2.146128035678238
1195 1.0
1218 1.0
1225 1.0
1307 1.6020599913279625
1310 1.0
