0 1.0
3 1.0
4 1.0
12 1.0
21 1.3010299956639813
27 1.3010299956639813
34 1.6020599913279625
45 1.0
47 1.0
48 1.0
50 1.6989700043360187
51 1.0
54 1.0
58 1.0
65 1.0
67 1.0
73 1.3010299956639813
75 1.3010299956639813
80 1.0
84 1.7781512503836436
86 1.3010299956639813
88 1.0
89 1.3010299956639813
90 1.0
91 1.0
99 1.0
110 1.0
113 1.0
114 1.0
115 1.0
118 1.4771212547196624
131 1.4771212547196624
136 1.845098040014257
139 1.0
141 1.845098040014257
147 1.4771212547196624
154 1.0
171 1.845098040014257
179 1.3010299956639813
180 1.0
193 1.0
196 1.0
202 1.0
205 1.0
206 1.0
209 1.0
210 1.3010299956639813
211 1.4771212547196624
213 1.6989700043360187
214 1.0
216 1.0
217 1.0
219 1.0
220 1.0
221 1.3010299956639813
222 1.0
224 1.0
228 1.0
229 1.845098040014257
233 1.0
234 1.0
235 1.6989700043360187
238 1.0
240 1.3010299956639813
243 1.4771212547196624
244 1.0
246 1.4771212547196624
248 1.0
249 1.3010299956639813
253 1.4771212547196624
259 1.6989700043360187
260 1.4771212547196624
261 1.3010299956639813
268 1.3010299956639813
271 1.0
274 1.0
275 1.0
291 1.3010299956639813
297 1.3010299956639813
300 1.0
305 1.0
308 1.3010299956639813
310 1.4771212547196624
313 2.113943352306837
327 1.0
360 1.0
367 1.0
370 1.0
388 1.0
390 1.0
394 1.0
398 1.0
402 1.0
405 1.0
409 1.6020599913279625
412 1.0
414 1.0
417 1.0
421 1.3010299956639813
425 1.3010299956639813
427 1.4771212547196624
428 1.0
431 1.0
436 1.3010299956639813
437 1.0
440 1.0
443 1.0
446 1.0
447 1.3010299956639813
448 1.3010299956639813
449 1.0
451 1.6020599913279625
457 1.6020599913279625
458 2.6020599913279625
459 1.0
461 1.4771212547196624
462 1.4771212547196624
463 1.7781512503836436
465 1.0
466 1.4771212547196624
468 2.113943352306837
469 1.3010299956639813
470 1.0
472 1.0
473 1.0
474 1.6020599913279625
476 1.0
480 1.0
484 1.9542425094393248
485 1.0
486 1.4771212547196624
487 1.7781512503836436
491 1.3010299956639813
493 1.845098040014257
502 1.0
506 1.0
509 1.3010299956639813
510 1.3010299956639813
515 1.4771212547196624
526 1.0
527 1.4771212547196624
534 1.3010299956639813
538 1.3010299956639813
540 1.4771212547196624
546 1.3010299956639813
553 1.4771212547196624
558 1.0
560 1.9542425094393248
565 1.0
567 1.0
572 1.6020599913279625
581 1.6020599913279625
589 1.0
590 1.6989700043360187
592 1.6020599913279625
597 1.0
598 1.0
599 1.4771212547196624
600 1.3010299956639813
601 1.6020599913279625
608 1.0
612 1.0
631 1.7781512503836436
637 2.0413926851582254
645 1.0
649 1.4771212547196624
652 1.7781512503836436
663 1.3010299956639813
664 1.3010299956639813
668 1.0
673 1.845098040014257
677 1.0
679 1.6020599913279625
681 1.0
684 1.0
685 1.4771212547196624
687 1.0
690 1.0
692 1.0
693 1.0
694 1.0
702 1.0
703 1.0
714 1.9542425094393248
715 1.0
716 1.7781512503836436
718 1.0
720 1.845098040014257
721 1.0
734 1.0
744 1.6020599913279625
749 1.0
755 1.0
760 1.3010299956639813
761 1.3010299956639813
768 1.3010299956639813
769 1.0
771 1.3010299956639813
779 1.4771212547196624
782 1.6020599913279625
785 1.0
786 1.0
788 1.3010299956639813
790 1.9542425094393248
802 1.0
803 1.0
809 1.4771212547196624
810 1.3010299956639813
820 1.0
839 1.0
840 1.0
845 1.4771212547196624
851 1.3010299956639813
854 1.0
856 1.0
860 1.0
870 1.3010299956639813
876 1.0
883 1.0
884 1.0
897 1.0
899 1.0
903 1.3010299956639813
904 1.7781512503836436
915 1.0
921 1.0
923 1.0
932 1.0
950 1.0
982 1.9542425094393248
1002 1.0
1011 1.7781512503836436
1012 1.7781512503836436
1015 1.6020599913279625
1016 1.6989700043360187
1028 1.3010299956639813
1032 1.0
1034 1.0
1050 1.0
1057 1.6020599913279625
1058 1.6020599913279625
1068 1.0
1070 1.0
1072 1.0
1073 1.0
1101 1.3010299956639813
1104 1.0
1113 1.0
1114 1.6020599913279625
1115 1.0
1116 1.0
1117 1.6020599913279625
1118 1.6020599913279625
1126 1.7781512503836436
1127 1.6989700043360187
1128 1.6989700043360187
1129 1.6020599913279625
1130 1.6020599913279625
1131 1.0
1132 1.0
1135 1.6020599913279625
1136 1.6020599913279625
1137 1.3010299956639813
1138 1.3010299956639813
1139 1.0
1140 1.0
1141 1.0
1142 1.0
1147 1.0
1148 1.0
1150 1.0
1157 1.0
1181 1.0
1198 1.0
1204 1.0
1206 1.0
1211 1.0
1213 1.4771212547196624
1234 1.0
1243 1.3010299956639813
1246 1.0
1252 1.0
1254 1.6020599913279625
1257 1.3010299956639813
1260 1.0
1261 1.0
1262 1.6020599913279625
1263 1.0
1264 1.4771212547196624
1267 1.0
1269 1.0
1270 1.0
1271 1.3010299956639813
1279 1.0
1281 1.3010299956639813
1284 1.0
1294 1.0
1297 1.3010299956639813
1298 1.9030899869919435
1302 1.0
1304 1.3010299956639813
1307 1.3010299956639813
1308 1.3010299956639813
1309 1.0
1314 1.3010299956639813
1319 1.0
1324 1.0
