34 1.0
84 1.0
126 1.3010299956639813
136 1.0
137 1.0
161 1.0
180 1.0
204 1.0
263 1.0
284 1.0
314 1.0
319 1.6020599913279625
358 1.0
388 1.6020599913279625
398 1.0
408 1.0
426 1.0
428 1.0
477 1.3010299956639813
482 1.3010299956639813
537 1.0
545 1.0
573 1.0
574 1.0
590 1.0
615 1.3010299956639813
653 1.0
662 1.0
699 1.0
749 1.0
771 1.6020599913279625
822 2.0
838 1.0
871 1.0
872 1.7781512503836436
892 1.3010299956639813
907 1.3010299956639813
910 1.0
924 1.0
934 1.0
979 1.0
1002 1.4771212547196624
1010 1.0
1016 1.3010299956639813
1020 1.0
1032 1.3010299956639813
1049 1.0
1050 1.4771212547196624
1064 1.0
1129 1.0
1130 1.0
1139 1.6020599913279625
1140 1.6989700043360187
1141 1.3010299956639813
1142 1.3010299956639813
1150 1.3010299956639813
1206 1.0
1213 1.0
1228 1.3010299956639813
1234 1.0
1235 1.0
1243 1.0
1245 1.4771212547196624
1259 1.3010299956639813
1264 1.7781512503836436
1265 1.3010299956639813
1277 1.0
1279 1.3010299956639813
1293 1.0
1307 1.4771212547196624
1314 1.0
1321 1.3010299956639813
