72 1.3010299956639813
74 1.6020599913279625
118 1.0
132 1.4771212547196624
135 1.0
157 1.3010299956639813
163 1.3010299956639813
185 1.3010299956639813
231 1.0
270 1.3010299956639813
276 1.0
310 1.0
332 1.0
352 1.0
354 1.3010299956639813
361 1.0
367 1.3010299956639813
445 1.4771212547196624
568 1.4771212547196624
569 1.4771212547196624
571 1.3010299956639813
587 1.0
609 1.3010299956639813
617 1.0
622 1.6989700043360187
643 1.0
654 1.0
657 1.0
691 1.0
753 1.0
808 1.0
845 1.0
851 1.0
892 1.6989700043360187
896 1.3010299956639813
928 1.6020599913279625
933 1.6020599913279625
946 1.3010299956639813
952 1.0
971 1.0
990 1.3010299956639813
1000 1.0
1034 1.6989700043360187
1035 1.6020599913279625
1037 1.0
1041 1.3010299956639813
1050 1.0
1063 1.0
1096 1.6020599913279625
1161 1.0
1165 1.3010299956639813
1237 1.0
