13 1.0
21 1.0
39 1.0
59 1.0
60 1.0
79 1.0
90 1.0
97 1.0
108 1.0
109 1.0
132 1.0
148 1.0
165 1.6020599913279625
179 1.0
192 1.0
195 1.3010299956639813
199 1.0
211 1.3010299956639813
216 1.0
220 1.3010299956639813
221 1.3010299956639813
222 1.0
263 1.0
266 1.3010299956639813
273 1.7781512503836436
301 1.4771212547196624
320 1.0
329 1.0
337 1.4771212547196624
348 1.0
349 1.0
351 1.9030899869919435
357 1.0
360 1.0
392 1.0
400 1.7781512503836436
408 1.0
415 1.0
424 1.845098040014257
431 1.0
443 1.0
444 1.0
462 1.0
466 1.0
472 1.3010299956639813
478 1.0
480 1.0
493 1.6020599913279625
498 1.0
506 1.0
527 1.3010299956639813
539 1.6020599913279625
540 1.6020599913279625
542 1.3010299956639813
543 1.3010299956639813
544 1.3010299956639813
546 1.0
552 1.3010299956639813
584 1.3010299956639813
585 1.3010299956639813
588 1.3010299956639813
630 1.0
636 1.7781512503836436
639 1.3010299956639813
641 1.0
656 1.3010299956639813
657 1.7781512503836436
662 1.0
664 1.0
669 1.3010299956639813
678 1.0
679 1.0
681 1.0
682 1.0
686 1.0
697 1.0
710 1.3010299956639813
715 1.0
735 1.3010299956639813
737 1.0
741 1.0
742 1.0
749 1.0
751 1.0
756 1.3010299956639813
765 1.3010299956639813
771 1.3010299956639813
792 1.6020599913279625
793 1.0
813 1.3010299956639813
814 1.3010299956639813
819 1.0
832 1.0
833 1.0
843 1.3010299956639813
853 1.0
864 1.0
871 1.0
878 1.0
887 1.0
899 1.0
901 1.0
906 1.3010299956639813
911 1.0
927 1.0
933 1.0
941 1.0
957 1.0
960 1.0
966 1.0
972 1.0
1000 1.0
1010 1.3010299956639813
1016 1.3010299956639813
1022 1.3010299956639813
1023 1.0
1028 1.0
1029 1.0
1062 1.3010299956639813
1065 1.3010299956639813
1068 1.4771212547196624
1072 2.0
1083 1.0
1097 1.0
1104 1.0
1110 1.0
1117 1.0
1118 1.0
1119 1.3010299956639813
1127 1.0
1128 1.0
1129 1.6989700043360187
1130 1.6989700043360187
1139 1.3010299956639813
1140 1.6020599913279625
1141 1.845098040014257
1142 1.845098040014257
1149 1.3010299956639813
1150 1.6020599913279625
1153 1.0
1161 1.6020599913279625
1177 1.0
1182 1.0
1185 1.3010299956639813
1188 1.3010299956639813
1194 1.3010299956639813
1204 1.0
1206 1.0
1220 1.0
1235 1.3010299956639813
1241 1.0
1243 1.0
1244 1.0
1246 1.0
1248 1.0
1252 1.0
1255 1.0
1263 1.0
1277 1.6989700043360187
1279 1.0
1285 1.0
1299 1.0
1302 1.0
1307 1.0
1316 1.3010299956639813
1321 1.0
1322 1.3010299956639813
1324 1.0
