34 1.3010299956639813
71 1.3010299956639813
90 1.0
94 1.0
118 1.0
136 1.3010299956639813
137 1.0
139 1.0
232 1.4771212547196624
337 1.0
350 1.0
367 1.3010299956639813
434 1.0
472 1.0
535 1.0
575 1.0
599 1.3010299956639813
601 1.0
631 1.0
636 1.0
645 1.0
661 1.0
687 1.0
787 1.0
829 1.0
897 1.0
939 1.3010299956639813
948 1.0
963 2.079181246047625
964 1.0
999 1.0
1036 1.6989700043360187
1039 1.0
1068 1.3010299956639813
1096 1.0
1102 1.0
1104 1.0
1193 1.0
1202 1.7781512503836436
1216 1.0
1223 1.0
1234 1.0
1259 1.0
1264 1.0
1304 1.0
