46 1.0
47 1.6020599913279625
51 1.0
94 1.4771212547196624
119 1.0
120 1.0
127 1.0
200 1.0
201 1.0
226 1.0
240 1.0
248 1.0
329 1.0
364 1.0
376 1.3010299956639813
436 1.0
466 1.0
469 1.0
478 1.0
493 1.0
527 1.0
533 1.0
538 1.0
640 1.0
672 1.0
689 1.0
692 1.0
703 1.0
733 1.0
741 1.0
776 1.0
802 1.0
803 1.0
814 1.0
815 1.0
824 1.4771212547196624
825 1.4771212547196624
845 1.3010299956639813
1018 1.0
1028 1.0
1034 1.0
1035 1.3010299956639813
1036 1.7781512503836436
1084 1.0
1092 1.0
1098 1.0
1139 1.0
1140 1.0
1149 1.6020599913279625
1150 1.6020599913279625
1228 1.0
1272 1.0
1293 1.0
