15 1.0
27 1.0
37 1.3010299956639813
58 1.0
61 1.0
209 1.0
220 1.0
235 1.0
249 1.0
253 1.3010299956639813
272 1.0
297 1.3010299956639813
302 1.0
309 1.0
347 1.0
398 1.3010299956639813
399 1.0
414 1.0
421 1.0
430 1.0
442 1.0
461 1.0
466 1.0
510 1.0
531 1.0
535 1.0
537 1.0
540 1.0
541 1.3010299956639813
542 1.6020599913279625
543 1.0
544 1.0
570 1.3010299956639813
576 1.0
591 1.0
681 1.0
686 1.0
713 1.0
714 1.0
724 1.0
790 1.0
794 1.0
837 1.0
870 1.0
943 1.0
944 1.0
1056 1.0
1119 1.0
1127 1.0
1128 1.0
1129 1.0
1130 1.0
1135 1.0
1136 1.0
1143 1.3010299956639813
1144 1.3010299956639813
1259 1.0
1293 1.0
1304 1.0
1307 1.0
