16 1.7781512503836436
69 1.0
71 1.0
74 1.3010299956639813
75 1.0
86 1.0
90 1.0
107 2.113943352306837
142 1.7781512503836436
143 1.0
146 1.3010299956639813
152 1.6020599913279625
158 1.0
162 1.3010299956639813
163 1.4771212547196624
166 1.0
185 1.6020599913279625
207 1.4771212547196624
230 1.7781512503836436
256 1.0
265 1.0
270 1.4771212547196624
274 1.0
284 1.0
288 1.3010299956639813
296 1.0
297 1.0
300 1.0
301 1.0
310 1.0
319 1.3010299956639813
322 1.0
327 1.0
337 1.0
350 1.0
352 1.0
357 1.0
364 1.0
365 1.0
368 1.0
388 1.0
403 1.0
417 1.0
418 1.0
423 1.0
429 1.0
443 1.3010299956639813
444 1.0
446 1.0
490 1.0
497 1.3010299956639813
501 1.0
506 1.0
510 1.0
513 1.0
519 1.0
525 1.3010299956639813
529 1.0
537 1.3010299956639813
540 1.0
545 1.0
571 1.0
575 1.3010299956639813
586 2.079181246047625
588 1.0
595 1.6989700043360187
596 1.0
609 1.6020599913279625
610 1.4771212547196624
615 1.4771212547196624
618 1.0
623 1.3010299956639813
656 1.3010299956639813
677 1.0
683 1.0
687 1.0
690 1.3010299956639813
697 1.0
698 1.0
707 1.3010299956639813
709 1.0
714 1.0
795 1.0
797 1.0
802 1.0
803 1.0
816 1.0
830 1.0
837 1.0
847 1.0
851 1.0
866 1.4771212547196624
901 1.0
916 1.3010299956639813
941 1.3010299956639813
943 1.0
944 1.0
963 1.0
968 1.4771212547196624
976 1.0
977 1.3010299956639813
982 1.0
1015 1.0
1016 1.0
1027 1.0
1029 1.0
1041 1.0
1048 1.0
1049 1.0
1057 1.0
1058 1.0
1061 1.0
1062 1.0
1092 1.0
1097 1.0
1114 1.0
1129 1.845098040014257
1130 1.845098040014257
1140 1.6020599913279625
1143 1.9030899869919435
1144 1.9030899869919435
1151 1.0
1155 1.0
1164 1.0
1165 1.0
1193 1.0
1196 1.0
1198 1.0
1211 1.0
1228 1.6020599913279625
1230 1.0
1231 1.0
1235 1.3010299956639813
1244 1.0
1265 1.0
1266 1.845098040014257
1268 1.4771212547196624
1289 1.0
1320 1.0
