0 1.3010299956639813
12 1.0
18 1.3010299956639813
32 1.0
38 1.3010299956639813
43 1.0
46 1.0
58 1.0
61 1.0
69 1.0
102 1.845098040014257
107 1.3010299956639813
110 1.0
116 1.0
121 1.0
137 1.3010299956639813
140 1.0
146 1.0
163 1.0
171 1.0
200 1.0
201 1.0
213 1.0
216 1.0
222 1.0
230 1.0
231 1.0
234 1.4771212547196624
241 1.0
243 1.0
247 1.4771212547196624
251 1.0
258 1.0
278 1.0
285 1.0
297 1.3010299956639813
301 1.0
302 1.0
307 1.0
310 1.4771212547196624
317 1.3010299956639813
330 1.0
337 1.3010299956639813
343 1.0
344 1.0
361 1.0
367 1.4771212547196624
368 1.0
375 1.0
376 1.3010299956639813
390 1.0
391 1.0
396 1.3010299956639813
408 1.0
425 1.0
440 1.0
442 1.3010299956639813
462 1.0
477 1.0
480 1.0
488 1.3010299956639813
493 1.0
499 1.0
501 1.0
503 1.0
506 1.0
521 1.0
533 1.3010299956639813
539 1.0
540 1.0
541 1.0
568 1.9030899869919435
569 1.9030899869919435
573 1.0
574 1.0
576 1.0
584 1.0
585 1.0
587 1.6989700043360187
589 1.3010299956639813
591 1.0
609 1.3010299956639813
615 1.0
620 1.0
624 1.3010299956639813
630 1.0
632 1.0
633 1.4771212547196624
635 1.0
637 1.0
644 1.0
651 1.0
652 1.0
657 1.845098040014257
661 1.3010299956639813
664 1.3010299956639813
669 1.3010299956639813
677 1.0
683 1.0
684 1.4771212547196624
687 1.0
690 1.0
692 1.3010299956639813
693 1.0
703 1.0
705 1.0
707 1.0
713 1.0
717 1.4771212547196624
723 1.0
732 1.0
751 1.6020599913279625
754 1.0
759 1.0
761 1.3010299956639813
769 1.3010299956639813
770 1.0
789 1.0
795 1.0
813 1.3010299956639813
817 1.0
818 1.0
827 1.0
834 1.0
835 1.0
836 1.3010299956639813
843 1.0
855 1.0
865 1.0
866 1.4771212547196624
868 1.4771212547196624
869 1.4771212547196624
871 1.3010299956639813
872 1.0
878 1.4771212547196624
887 1.0
893 1.0
895 1.3010299956639813
897 1.3010299956639813
899 1.0
901 1.0
912 1.3010299956639813
922 1.0
926 1.3010299956639813
927 1.4771212547196624
931 1.0
941 1.0
943 1.3010299956639813
944 1.3010299956639813
950 1.3010299956639813
955 1.0
957 1.0
961 1.0
964 1.0
969 1.0
984 1.0
992 1.0
994 1.3010299956639813
995 1.0
1000 1.0
1002 1.0
1006 1.4771212547196624
1017 1.0
1020 1.0
1023 1.6020599913279625
1050 1.0
1053 1.3010299956639813
1071 1.0
1079 1.0
1083 1.4771212547196624
1085 1.6989700043360187
1087 1.0
1089 1.0
1091 1.0
1107 1.0
1109 1.0
1111 1.3010299956639813
1112 1.3010299956639813
1119 1.0
1124 1.3010299956639813
1129 1.3010299956639813
1130 1.3010299956639813
1147 1.0
1148 1.0
1153 1.0
1161 1.7781512503836436
1169 1.3010299956639813
1177 1.7781512503836436
1182 1.3010299956639813
1188 1.3010299956639813
1190 1.6020599913279625
1199 1.3010299956639813
1204 1.0
1221 1.0
1222 1.4771212547196624
1227 1.0
1228 1.0
1237 1.0
1245 1.0
1246 1.0
1259 1.0
1266 1.3010299956639813
1268 1.0
1270 1.0
1281 1.0
1293 1.0
1324 1.0
