3 1.3010299956639813
34 1.3010299956639813
37 1.3010299956639813
50 1.3010299956639813
54 1.0
58 1.0
81 1.0
83 1.0
84 1.0
100 1.0
115 1.0
118 1.0
122 1.0
171 1.0
206 1.0
210 1.0
231 1.0
293 1.0
297 1.3010299956639813
309 1.0
310 1.3010299956639813
329 1.3010299956639813
386 1.0
390 1.3010299956639813
394 1.0
417 1.0
420 1.0
428 1.0
434 1.0
462 1.0
463 1.0
476 1.0
481 1.0
487 1.4771212547196624
490 1.3010299956639813
493 1.0
495 1.0
537 1.0
541 1.3010299956639813
543 1.0
544 1.0
565 1.0
600 1.3010299956639813
613 1.0
617 1.0
622 1.0
631 1.0
659 1.3010299956639813
664 1.845098040014257
679 1.4771212547196624
681 1.0
683 1.0
694 1.0
716 1.0
718 1.0
720 1.0
722 1.0
748 1.0
753 1.0
756 1.3010299956639813
766 1.0
772 1.0
780 1.0
785 1.3010299956639813
790 1.0
914 1.0
916 1.0
929 1.0
954 1.3010299956639813
973 1.0
997 1.3010299956639813
1019 1.0
1064 1.0
1087 1.0
1141 1.0
1142 1.0
1169 1.0
1243 1.0
1259 1.0
1263 1.0
1283 1.0
1289 1.0
