3 1.9542425094393248
5 1.7781512503836436
8 1.0
21 1.0
22 1.3010299956639813
24 1.4771212547196624
29 1.0
33 1.0
34 1.7781512503836436
37 1.845098040014257
43 1.3010299956639813
54 1.0
59 1.4771212547196624
60 1.4771212547196624
75 1.0
84 1.3010299956639813
90 1.4771212547196624
91 1.9030899869919435
99 1.6020599913279625
100 1.3010299956639813
102 1.3010299956639813
110 1.0
115 1.0
117 1.0
118 1.4771212547196624
123 1.0
124 1.0
126 1.0
128 1.0
136 1.3010299956639813
142 1.3010299956639813
148 1.0
158 1.4771212547196624
159 1.0
166 1.0
171 1.3010299956639813
173 1.3010299956639813
198 1.0
200 1.6989700043360187
201 1.6989700043360187
205 1.3010299956639813
206 1.0
209 1.6989700043360187
210 1.0
211 1.0
214 1.0
216 1.4771212547196624
217 1.6989700043360187
219 1.9030899869919435
222 1.6020599913279625
223 1.6989700043360187
231 1.6020599913279625
232 1.3010299956639813
234 1.3010299956639813
238 1.0
241 1.0
243 1.3010299956639813
244 1.6020599913279625
255 1.4771212547196624
259 1.6020599913279625
278 1.0
300 1.0
313 1.3010299956639813
334 1.3010299956639813
337 1.3010299956639813
344 1.0
354 1.845098040014257
381 1.3010299956639813
387 1.0
390 1.6020599913279625
393 1.6989700043360187
394 1.0
400 1.4771212547196624
403 1.3010299956639813
409 2.0413926851582254
412 1.4771212547196624
414 1.3010299956639813
422 1.0
425 1.3010299956639813
427 1.0
429 1.3010299956639813
436 1.3010299956639813
440 1.3010299956639813
442 1.0
444 1.0
446 1.7781512503836436
453 1.0
455 1.0
461 1.0
463 1.6989700043360187
464 1.6020599913279625
475 1.0
476 1.6020599913279625
477 1.0
478 1.4771212547196624
481 1.4771212547196624
483 1.3010299956639813
484 1.0
485 1.0
487 1.7781512503836436
490 1.0
493 1.7781512503836436
495 1.0
498 1.3010299956639813
499 1.0
500 1.0
504 1.0
506 2.278753600952829
509 1.4771212547196624
510 1.6989700043360187
516 1.3010299956639813
518 1.0
519 1.0
520 1.3010299956639813
521 1.0
522 1.4771212547196624
523 1.0
532 1.6020599913279625
533 1.0
534 1.0
536 1.0
543 1.6989700043360187
544 1.6989700043360187
546 1.0
548 1.0
550 1.6020599913279625
572 1.4771212547196624
580 1.6989700043360187
581 1.4771212547196624
592 1.0
599 1.6020599913279625
600 1.0
601 1.7781512503836436
618 1.0
629 1.0
631 1.3010299956639813
658 1.0
679 1.4771212547196624
681 1.6020599913279625
683 1.3010299956639813
686 1.6020599913279625
693 1.845098040014257
695 1.0
710 1.0
716 1.3010299956639813
718 1.3010299956639813
719 1.6989700043360187
720 2.0413926851582254
721 1.0
722 1.3010299956639813
751 1.3010299956639813
757 1.0
761 1.0
768 1.845098040014257
772 1.3010299956639813
774 1.0
775 1.6989700043360187
778 1.4771212547196624
783 1.0
786 1.3010299956639813
788 1.0
790 1.9542425094393248
819 1.4771212547196624
828 1.3010299956639813
838 1.4771212547196624
851 1.0
861 1.0
865 1.0
880 1.0
895 1.3010299956639813
901 1.4771212547196624
923 1.0
925 1.3010299956639813
934 1.6989700043360187
939 1.3010299956639813
940 1.0
941 1.4771212547196624
948 1.0
967 1.4771212547196624
973 1.0
990 1.0
996 1.7781512503836436
1002 1.0
1011 1.0
1012 1.0
1015 1.0
1016 1.3010299956639813
1020 1.0
1023 1.3010299956639813
1036 1.0
1045 1.0
1055 1.3010299956639813
1057 1.0
1058 1.0
1096 1.0
1100 1.0
1111 1.6020599913279625
1112 1.6020599913279625
1114 1.0
1121 1.0
1129 1.6989700043360187
1130 1.6989700043360187
1137 1.4771212547196624
1138 1.4771212547196624
1143 1.0
1144 1.0
1150 1.0
1162 1.0
1183 1.0
1187 1.0
1190 1.0
1193 1.0
1196 1.3010299956639813
1235 1.0
1243 1.6020599913279625
1245 1.7781512503836436
1251 1.0
1257 1.3010299956639813
1259 1.845098040014257
1263 1.0
1267 1.0
1270 1.6989700043360187
1271 1.0
1272 1.3010299956639813
1273 1.3010299956639813
1284 1.0
1285 1.0
1286 1.4771212547196624
1289 1.3010299956639813
1292 1.0
1293 1.3010299956639813
1298 1.0
1303 1.4771212547196624
1308 1.3010299956639813
1311 1.3010299956639813
1313 1.0
1317 1.9030899869919435
1321 1.4771212547196624
