2 1.0
6 1.0
7 1.0
12 1.0
15 1.4771212547196624
30 1.0
34 1.0
37 1.0
50 1.3010299956639813
66 1.0
75 1.0
84 1.3010299956639813
89 1.0
90 1.0
93 1.0
94 1.3010299956639813
101 1.0
113 1.0
114 1.0
123 1.0
124 1.0
131 1.0
136 1.0
141 1.0
149 1.0
154 1.0
171 1.3010299956639813
179 1.4771212547196624
182 1.3010299956639813
189 1.0
202 1.0
203 1.0
213 1.0
214 1.0
218 1.0
220 1.0
221 1.0
222 1.0
223 1.4771212547196624
225 1.3010299956639813
230 1.0
235 1.3010299956639813
243 1.0
249 1.0
255 1.4771212547196624
257 1.0
258 1.0
279 1.0
287 1.0
304 1.0
307 1.0
309 1.0
314 1.0
319 1.0
327 1.0
341 1.0
344 1.0
355 1.3010299956639813
372 1.0
375 1.0
382 1.3010299956639813
384 1.0
386 1.0
388 1.0
390 1.0
395 1.0
403 1.0
405 1.0
425 1.0
427 1.0
428 1.4771212547196624
436 1.0
446 1.3010299956639813
451 1.0
455 1.0
457 1.0
462 1.3010299956639813
463 1.4771212547196624
464 1.0
468 1.0
472 1.0
482 1.0
483 1.3010299956639813
487 1.3010299956639813
496 1.0
497 1.0
498 1.0
499 1.0
500 1.0
501 1.0
504 1.4771212547196624
505 1.0
506 2.0413926851582254
509 1.3010299956639813
516 1.0
517 1.0
521 1.0
523 1.0
524 1.6989700043360187
535 1.3010299956639813
536 1.0
538 1.0
545 1.0
547 1.0
548 1.0
549 1.0
552 1.0
553 1.0
555 1.0
561 1.0
566 1.0
572 1.0
576 1.0
581 1.0
584 1.0
585 1.0
594 1.0
601 1.0
611 1.0
622 1.3010299956639813
624 1.0
627 1.0
633 1.0
639 1.0
642 1.0
644 1.3010299956639813
657 1.0
670 1.0
677 1.3010299956639813
679 1.0
682 1.4771212547196624
684 1.0
686 1.0
687 1.0
688 1.4771212547196624
690 1.0
692 1.0
704 1.3010299956639813
706 1.0
710 1.3010299956639813
711 1.6020599913279625
715 1.3010299956639813
718 1.0
719 1.0
720 1.3010299956639813
724 1.3010299956639813
725 1.3010299956639813
734 1.0
741 1.0
764 1.0
765 1.0
768 1.3010299956639813
769 1.3010299956639813
773 1.3010299956639813
782 1.3010299956639813
786 1.0
788 1.3010299956639813
790 1.3010299956639813
796 1.0
802 1.0
803 1.0
811 1.0
815 1.0
829 1.6020599913279625
843 1.0
851 1.0
855 1.0
868 1.0
869 1.0
870 1.0
885 1.0
902 1.0
903 1.0
906 1.3010299956639813
907 1.0
908 1.0
915 1.4771212547196624
940 1.0
1004 1.0
1013 1.0
1014 1.0
1019 1.3010299956639813
1026 1.3010299956639813
1031 1.9030899869919435
1038 1.0
1043 1.0
1049 1.0
1050 1.0
1054 1.0
1062 1.0
1064 1.0
1073 1.0
1078 1.0
1079 1.0
1081 1.0
1086 1.0
1088 1.0
1090 1.0
1097 1.0
1104 1.4771212547196624
1113 1.3010299956639813
1114 1.4771212547196624
1127 1.3010299956639813
1128 1.3010299956639813
1129 1.0
1130 1.0
1137 1.6020599913279625
1138 1.6020599913279625
1139 1.0
1140 1.0
1143 1.0
1144 1.0
1149 1.0
1150 1.0
1160 1.0
1162 1.0
1171 1.3010299956639813
1184 1.0
1190 1.0
1208 1.0
1213 1.3010299956639813
1226 1.0
1243 1.0
1249 1.0
1250 1.0
1254 1.0
1256 1.0
1257 1.0
1259 1.3010299956639813
1263 1.0
1271 1.4771212547196624
1272 1.3010299956639813
1273 1.0
1277 1.4771212547196624
1280 1.0
1286 1.3010299956639813
1292 1.0
1293 1.0
1295 1.3010299956639813
1310 1.4771212547196624
1313 1.3010299956639813
1317 1.0
1321 1.0
1322 1.3010299956639813
1323 1.0
1324 1.0
