2 1.0
32 1.0
49 1.0
65 1.0
90 1.0
118 1.3010299956639813
120 1.3010299956639813
123 1.0
124 1.0
147 1.0
174 1.0
182 1.0
210 1.0
218 1.0
220 1.0
223 1.3010299956639813
226 1.6020599913279625
228 1.0
234 1.0
255 1.0
260 1.0
271 1.0
311 1.0
351 1.0
379 1.0
392 1.0
394 1.4771212547196624
402 1.0
409 1.0
417 1.0
420 1.0
427 1.0
436 1.0
447 1.0
451 1.0
455 1.0
480 1.0
486 1.6020599913279625
494 1.0
495 1.0
496 1.0
506 1.6989700043360187
521 1.3010299956639813
527 1.3010299956639813
538 1.3010299956639813
539 1.0
542 1.3010299956639813
546 1.0
548 1.3010299956639813
552 1.0
572 1.4771212547196624
581 1.0
627 1.4771212547196624
650 1.0
652 1.0
662 1.0
677 1.0
686 1.3010299956639813
693 1.0
707 1.3010299956639813
714 1.0
722 1.0
741 1.0
752 1.0
788 1.0
807 1.0
813 1.0
826 1.0
1039 1.0
1062 1.0
1063 1.0
1064 1.3010299956639813
1065 1.0
1084 1.0
1110 1.0
1113 1.0
1147 1.0
1148 1.0
1209 1.0
1212 1.0
1214 1.0
1249 1.3010299956639813
1252 1.0
