27 1.7781512503836436
49 1.7781512503836436
120 1.845098040014257
122 1.4771212547196624
141 2.0
147 1.845098040014257
175 1.6020599913279625
196 1.3010299956639813
202 2.0413926851582254
203 1.845098040014257
213 1.845098040014257
221 1.9030899869919435
229 2.0
235 1.845098040014257
240 1.3010299956639813
246 1.845098040014257
248 1.6020599913279625
249 1.845098040014257
260 1.845098040014257
271 2.0413926851582254
278 1.9030899869919435
308 1.3010299956639813
370 1.6989700043360187
374 1.0
420 1.0
451 2.0
452 1.845098040014257
466 1.9030899869919435
486 1.9542425094393248
504 1.6020599913279625
515 1.3010299956639813
527 2.079181246047625
536 1.6989700043360187
538 1.9542425094393248
542 2.204119982655925
545 2.079181246047625
546 1.6020599913279625
547 1.6020599913279625
548 1.3010299956639813
549 1.6989700043360187
551 1.7781512503836436
552 1.7781512503836436
851 1.0
1301 1.9030899869919435
1306 1.6020599913279625
