110 1.0
139 1.3010299956639813
174 1.0
200 1.0
214 1.0
241 1.0
247 1.3010299956639813
256 1.4771212547196624
261 1.3010299956639813
272 1.0
293 1.3010299956639813
297 1.0
333 1.4771212547196624
352 1.0
353 1.0
356 1.6020599913279625
386 1.3010299956639813
387 1.0
399 2.204119982655925
401 1.3010299956639813
417 2.3222192947339195
431 1.6020599913279625
432 1.3010299956639813
433 2.3010299956639813
434 1.0
441 1.0
444 1.0
449 1.6020599913279625
453 1.845098040014257
520 1.0
522 1.7781512503836436
535 1.0
539 1.3010299956639813
543 1.0
544 1.0
556 1.0
558 1.0
561 1.0
565 1.0
570 1.4771212547196624
573 1.0
574 1.0
575 1.0
587 1.3010299956639813
605 1.6020599913279625
606 1.6020599913279625
608 1.4771212547196624
614 1.3010299956639813
624 1.3010299956639813
642 1.0
644 1.0
651 1.3010299956639813
655 1.3010299956639813
688 1.0
696 1.0
700 1.0
741 1.0
748 1.0
749 1.0
760 1.3010299956639813
761 1.0
769 1.0
772 1.3010299956639813
780 1.3010299956639813
783 1.0
784 1.0
797 1.7781512503836436
809 1.0
824 1.0
825 1.0
826 1.0
839 1.7781512503836436
840 1.7781512503836436
843 1.0
847 1.3010299956639813
848 1.0
855 1.3010299956639813
889 1.6020599913279625
890 1.6020599913279625
897 1.6020599913279625
902 1.0
914 1.0
920 1.7781512503836436
926 1.3010299956639813
933 1.4771212547196624
940 1.845098040014257
941 1.0
950 1.0
954 1.6989700043360187
963 1.4771212547196624
970 1.0
977 1.0
985 1.4771212547196624
988 1.845098040014257
1001 1.0
1034 1.0
1038 1.9030899869919435
1042 1.0
1043 2.230448921378274
1044 1.845098040014257
1045 1.9030899869919435
1061 1.0
1064 1.3010299956639813
1066 1.0
1072 1.4771212547196624
1078 1.6989700043360187
1079 1.0
1121 1.4771212547196624
1126 1.6989700043360187
1141 1.3010299956639813
1142 1.3010299956639813
1163 1.0
1192 1.0
1195 1.0
1200 1.4771212547196624
1205 1.0
1220 1.3010299956639813
1232 1.6020599913279625
1248 1.3010299956639813
1314 1.4771212547196624
