3 1.0
65 1.0
75 1.0
107 1.0
118 1.0
148 1.0
152 1.0
167 1.0
200 1.0
201 1.0
217 1.0
221 1.0
222 1.0
247 1.0
270 1.3010299956639813
272 1.0
327 1.0
334 1.0
351 1.0
380 1.0
381 1.0
384 1.0
394 1.0
396 1.0
400 1.0
402 1.0
437 1.0
440 1.4771212547196624
463 1.0
466 1.0
488 1.0
491 1.3010299956639813
509 1.0
515 1.0
553 1.0
562 1.0
563 1.0
567 1.0
571 1.0
589 1.0
594 1.0
653 1.0
691 1.0
724 1.0
733 1.0
739 1.0
748 1.0
779 1.0
821 1.0
880 1.0
931 1.0
1021 1.0
1037 1.0
1043 1.0
1054 1.9542425094393248
1055 1.3010299956639813
1119 1.0
1227 1.0
1228 1.0
1231 1.0
1232 1.0
1235 1.0
1241 1.0
1266 1.3010299956639813
1272 1.0
1286 1.0
