3 1.0
9 1.3010299956639813
11 1.0
12 1.3010299956639813
13 1.0
14 1.0
17 1.4771212547196624
18 1.4771212547196624
34 1.3010299956639813
41 1.0
45 1.4771212547196624
55 1.0
58 1.0
69 1.6020599913279625
73 1.0
77 1.3010299956639813
91 1.3010299956639813
93 1.0
94 1.9030899869919435
100 1.0
103 1.0
104 1.3010299956639813
108 1.0
115 1.0
127 1.0
131 1.3010299956639813
139 1.0
140 1.0
146 1.0
148 1.6989700043360187
154 1.0
160 1.0
161 1.6020599913279625
162 1.0
165 1.0
168 1.0
179 1.6020599913279625
180 1.0
184 1.0
185 1.0
188 1.3010299956639813
189 1.6020599913279625
191 1.0
192 1.4771212547196624
193 1.0
194 1.0
200 1.4771212547196624
201 1.3010299956639813
217 1.0
234 1.6020599913279625
236 1.0
237 1.6020599913279625
239 1.3010299956639813
256 1.4771212547196624
261 1.0
262 1.3010299956639813
263 1.6020599913279625
276 1.7781512503836436
281 1.0
283 1.0
284 1.0
290 1.0
297 1.0
303 1.4771212547196624
306 1.3010299956639813
319 1.4771212547196624
321 1.0
322 1.0
323 1.6989700043360187
325 1.3010299956639813
327 1.6020599913279625
332 1.845098040014257
333 1.0
335 1.0
344 1.0
346 1.0
349 1.6989700043360187
355 1.3010299956639813
357 1.0
362 1.0
364 1.0
366 1.0
376 1.0
380 1.4771212547196624
384 1.0
388 1.4771212547196624
391 1.0
394 1.0
396 1.0
397 1.0
400 1.3010299956639813
406 1.0
413 1.0
422 1.0
429 1.3010299956639813
430 1.0
436 1.4771212547196624
440 1.0
448 1.0
474 2.0413926851582254
477 1.3010299956639813
493 1.0
496 1.0
499 1.0
500 1.3010299956639813
508 1.0
514 1.0
518 1.6989700043360187
526 1.3010299956639813
529 1.3010299956639813
534 1.0
535 1.0
545 1.0
550 1.0
554 1.3010299956639813
565 1.0
577 1.3010299956639813
578 1.0
580 1.3010299956639813
586 1.3010299956639813
592 1.6020599913279625
610 1.0
615 1.0
617 1.0
618 1.0
620 1.0
624 1.3010299956639813
627 1.0
628 1.0
632 1.0
644 1.3010299956639813
656 1.3010299956639813
657 1.3010299956639813
665 1.0
669 1.3010299956639813
670 1.0
673 1.6020599913279625
676 1.0
677 1.3010299956639813
678 1.0
679 1.0
685 1.3010299956639813
689 1.0
690 1.0
698 1.4771212547196624
699 1.0
700 1.0
703 1.0
706 1.0
715 1.6020599913279625
716 1.0
717 1.0
724 1.3010299956639813
733 1.0
742 1.3010299956639813
743 1.3010299956639813
751 1.3010299956639813
755 1.4771212547196624
764 1.0
770 1.0
771 1.4771212547196624
783 1.0
788 1.0
789 1.3010299956639813
795 1.0
797 1.0
800 1.0
810 1.3010299956639813
811 1.0
819 1.0
828 1.0
829 1.3010299956639813
844 1.0
846 1.0
850 1.3010299956639813
851 1.6020599913279625
854 1.0
856 1.0
866 1.3010299956639813
872 1.0
874 1.0
876 1.0
877 1.0
883 1.0
888 1.3010299956639813
889 1.3010299956639813
890 1.3010299956639813
894 1.0
897 1.0
901 1.4771212547196624
913 1.0
916 1.0
921 1.4771212547196624
922 1.0
926 1.0
927 1.0
929 1.0
932 1.0
935 1.0
943 1.0
944 1.0
946 1.0
966 1.0
973 1.0
979 1.0
980 1.0
990 1.3010299956639813
996 1.0
1005 1.6989700043360187
1006 1.0
1008 1.0
1009 1.0
1011 1.0
1012 1.0
1015 1.4771212547196624
1016 2.230448921378274
1028 1.3010299956639813
1042 1.0
1054 1.7781512503836436
1057 1.3010299956639813
1058 1.3010299956639813
1062 1.3010299956639813
1068 1.0
1071 1.0
1080 1.0
1083 1.0
1097 1.0
1099 1.3010299956639813
1113 1.0
1114 1.3010299956639813
1115 1.0
1116 1.0
1127 1.6020599913279625
1128 1.6020599913279625
1129 1.6989700043360187
1130 1.6989700043360187
1135 1.3010299956639813
1136 1.3010299956639813
1139 1.0
1140 1.0
1147 1.0
1148 1.0
1149 1.0
1150 2.1760912590556813
1153 1.0
1158 1.0
1160 1.0
1162 1.0
1171 1.0
1186 1.6020599913279625
1188 1.0
1191 1.0
1192 1.0
1198 1.3010299956639813
1199 1.0
1203 1.3010299956639813
1204 1.3010299956639813
1213 1.3010299956639813
1218 1.0
1234 1.3010299956639813
1235 1.0
1236 1.3010299956639813
1247 1.0
1252 1.0
1277 1.4771212547196624
1281 1.0
1284 1.0
