5 1.0
10 1.6020599913279625
14 1.0
18 2.079181246047625
21 1.0
29 1.3010299956639813
64 1.3010299956639813
73 1.4771212547196624
144 1.0
156 1.4771212547196624
168 1.0
193 1.6020599913279625
204 1.4771212547196624
311 1.6020599913279625
316 1.0
357 1.0
375 1.0
379 1.3010299956639813
388 1.3010299956639813
423 1.0
429 1.9030899869919435
442 1.6989700043360187
578 1.4771212547196624
588 2.0413926851582254
721 1.0
764 1.0
770 1.845098040014257
779 1.0
812 1.0
845 1.0
932 1.3010299956639813
1145 1.0
1146 1.0
1162 1.3010299956639813
1163 1.4771212547196624
1168 1.3010299956639813
1174 1.3010299956639813
1178 1.0
1181 1.0
1187 1.0
1196 1.0
1218 1.0
1283 1.0
