2 1.0
5 1.0
105 1.3010299956639813
219 1.0
222 1.0
224 1.0
390 1.3010299956639813
394 1.0
409 1.0
425 1.0
427 1.0
428 1.3010299956639813
436 1.0
437 1.0
440 1.3010299956639813
446 1.0
447 1.0
448 1.6020599913279625
456 1.0
461 1.0
462 1.0
463 1.9030899869919435
464 1.0
469 1.4771212547196624
470 1.0
481 1.4771212547196624
490 1.3010299956639813
491 1.6989700043360187
506 1.9542425094393248
509 1.0
510 1.3010299956639813
524 1.6020599913279625
530 1.3010299956639813
533 1.3010299956639813
564 1.4771212547196624
590 1.0
679 1.0
716 1.0
756 1.0
770 1.0
788 1.3010299956639813
1062 1.3010299956639813
1162 1.0
1177 1.0
1200 1.0
1214 1.0
1252 1.7781512503836436
1254 1.845098040014257
1280 1.3010299956639813
1282 1.0
1284 1.6020599913279625
1298 1.6989700043360187
1299 1.6989700043360187
1308 1.3010299956639813
1323 1.0
1324 1.0
