28 1.3010299956639813
32 1.0
61 1.0
65 1.0
76 1.0
83 1.0
102 1.6020599913279625
107 1.0
135 1.3010299956639813
159 1.0
208 1.4771212547196624
234 1.0
253 1.0
272 1.4771212547196624
293 1.0
297 1.0
310 1.0
314 1.0
316 1.0
340 1.0
355 1.0
379 1.0
412 1.0
424 1.3010299956639813
428 1.3010299956639813
429 1.6989700043360187
440 1.0
452 1.4771212547196624
462 1.0
467 1.0
493 1.0
506 1.0
509 1.0
517 1.3010299956639813
539 1.0
540 1.0
558 1.845098040014257
559 1.0
567 1.0
570 1.0
575 1.3010299956639813
580 1.0
615 1.3010299956639813
621 1.3010299956639813
638 1.0
652 1.3010299956639813
682 1.3010299956639813
688 1.0
692 1.0
696 1.3010299956639813
708 1.0
724 1.0
738 1.0
741 1.3010299956639813
761 1.4771212547196624
765 1.0
769 1.0
795 1.3010299956639813
807 1.3010299956639813
838 1.3010299956639813
851 1.3010299956639813
855 1.3010299956639813
897 1.6020599913279625
904 1.0
918 1.3010299956639813
922 1.3010299956639813
951 1.0
1013 1.0
1062 1.3010299956639813
1065 1.0
1083 1.0
1086 1.0
1111 1.0
1112 1.0
1129 1.0
1130 1.0
1170 1.0
1183 1.0
1188 1.0
1204 1.0
1210 1.6989700043360187
1212 1.0
1226 1.0
1228 1.0
1259 1.0
1269 1.3010299956639813
1273 1.0
1285 1.0
1295 1.0
1298 1.0
