28 1.0
75 1.9030899869919435
234 1.0
249 1.0
275 1.0
293 1.0
314 1.0
329 1.0
340 1.0
374 1.0
453 1.0
540 1.0
546 1.0
592 1.3010299956639813
613 1.3010299956639813
621 1.0
676 1.0
687 1.3010299956639813
731 1.0
748 1.0
749 1.0
752 1.0
760 1.3010299956639813
769 1.0
795 1.0
815 1.0
826 1.3010299956639813
839 1.0
840 1.0
870 1.0
893 1.0
924 1.4771212547196624
1043 1.0
1045 1.0
1071 1.0
1072 1.3010299956639813
1096 1.0
1102 1.3010299956639813
1103 1.0
1121 1.0
1194 1.6020599913279625
1202 1.0
1210 1.0
1220 1.0
1301 1.0
