3 1.0
34 1.0
56 1.0
57 1.3010299956639813
90 1.0
113 1.3010299956639813
114 1.3010299956639813
200 1.0
201 1.0
216 1.0
222 1.0
226 1.0
291 1.0
293 1.0
297 1.0
353 1.0
376 1.0
379 1.3010299956639813
403 1.0
449 1.0
482 1.0
493 1.0
498 1.0
521 1.0
543 1.0
544 1.0
587 1.0
605 1.0
606 1.0
644 1.0
662 1.0
669 1.0
682 1.3010299956639813
692 1.4771212547196624
723 1.3010299956639813
743 1.0
845 1.3010299956639813
874 1.3010299956639813
904 1.0
1027 1.0
1041 1.0
1073 1.0
1081 1.0
1087 1.0
1129 1.3010299956639813
1130 1.3010299956639813
1135 1.0
1136 1.0
1167 1.0
1170 1.0
1177 1.0
1197 1.0
1214 1.0
1219 1.0
1269 1.0
1314 1.0
