2 1.0
54 1.0
75 1.0
77 1.0
88 1.0
111 1.0
116 1.0
149 1.0
157 1.0
176 1.0
180 1.0
234 1.0
261 1.0
275 1.0
281 1.0
288 1.0
300 1.0
309 1.3010299956639813
310 1.0
314 1.0
329 1.0
336 1.0
346 1.3010299956639813
350 1.0
386 1.0
398 1.3010299956639813
429 1.0
433 1.0
444 1.0
449 1.0
474 1.0
482 1.0
498 1.0
517 1.0
532 1.0
539 1.0
550 1.0
567 1.0
575 1.3010299956639813
589 1.3010299956639813
592 1.0
609 1.0
613 1.0
620 1.0
625 1.0
630 1.0
649 1.0
651 1.0
657 1.0
659 1.3010299956639813
664 1.0
674 1.0
675 1.0
688 1.0
689 1.0
690 1.0
694 1.0
695 1.0
703 1.4771212547196624
711 1.0
717 1.0
723 1.0
758 1.0
761 1.0
785 1.0
796 1.0
798 1.3010299956639813
848 1.0
850 1.0
851 1.0
855 1.0
872 1.3010299956639813
887 1.0
889 1.0
890 1.0
909 1.0
923 1.0
924 1.0
925 1.0
927 1.0
939 1.3010299956639813
940 1.3010299956639813
950 1.0
965 1.0
979 1.0
995 1.0
998 1.0
1019 1.0
1026 1.0
1037 1.0
1055 1.0
1064 1.4771212547196624
1065 1.3010299956639813
1067 1.0
1070 1.3010299956639813
1072 1.0
1079 1.0
1084 1.0
1092 1.0
1096 1.0
1121 1.0
1124 1.0
1190 1.0
1222 1.3010299956639813
1226 1.0
1232 1.0
1313 1.0
