1 1.0
22 1.0
32 1.3010299956639813
59 1.3010299956639813
60 1.3010299956639813
63 1.0
70 1.3010299956639813
90 1.0
117 1.0
197 1.0
224 1.0
267 1.0
272 1.0
297 1.3010299956639813
309 1.0
310 1.0
312 1.0
380 1.0
399 1.0
417 1.0
418 1.0
456 1.0
461 1.0
467 1.0
473 1.0
474 1.0
482 1.0
496 1.0
520 1.0
550 1.0
555 1.0
565 1.0
618 1.0
656 1.0
657 1.0
682 1.0
739 1.3010299956639813
743 1.0
749 1.0
761 1.0
771 1.0
779 1.0
812 1.0
814 1.0
819 1.0
827 1.0
844 1.0
849 1.0
854 1.0
867 1.3010299956639813
874 1.0
878 1.0
893 1.0
895 1.3010299956639813
897 1.3010299956639813
902 1.0
922 1.0
932 1.4771212547196624
935 1.0
963 1.0
996 1.3010299956639813
1034 1.0
1071 1.0
1078 1.0
1079 1.3010299956639813
1090 1.0
1129 1.0
1130 1.0
1160 1.0
1190 1.0
1191 1.0
1204 1.0
1209 1.0
1302 1.0
1311 1.0
1318 1.0
1324 1.0
