7 1.0
24 1.4771212547196624
29 1.0
42 1.0
54 1.0
62 1.3010299956639813
90 1.0
91 1.0
111 1.4771212547196624
121 1.4771212547196624
125 1.0
189 1.0
192 1.0
206 1.0
219 1.0
244 1.0
251 1.0
261 1.0
270 1.0
273 1.0
278 1.0
297 1.3010299956639813
300 1.0
302 1.0
306 1.0
309 1.0
310 1.3010299956639813
323 1.0
329 1.4771212547196624
342 1.4771212547196624
356 1.0
373 1.0
386 1.0
399 1.0
400 1.0
408 1.4771212547196624
409 1.0
410 1.0
425 1.3010299956639813
429 1.0
432 1.3010299956639813
440 1.0
444 1.3010299956639813
445 1.0
459 1.0
463 1.3010299956639813
480 1.0
501 1.3010299956639813
518 1.0
539 1.0
540 1.0
565 1.0
570 1.3010299956639813
572 1.0
575 1.0
577 1.0
578 1.0
580 1.0
592 1.0
615 1.4771212547196624
643 1.3010299956639813
659 1.0
674 1.0
675 1.0
676 1.0
680 1.0
685 1.0
690 1.0
693 1.0
706 1.0
735 1.0
743 1.0
751 1.0
767 1.4771212547196624
769 1.0
771 1.0
781 1.0
795 1.0
815 1.0
821 1.0
824 1.3010299956639813
825 1.3010299956639813
849 1.0
870 1.0
897 1.6020599913279625
914 1.0
918 1.0
930 1.0
941 1.0
948 1.0
963 1.4771212547196624
968 1.0
973 1.3010299956639813
1000 1.0
1025 1.0
1028 1.0
1037 1.0
1044 1.4771212547196624
1045 1.3010299956639813
1054 1.0
1096 1.0
1104 1.0
1155 1.3010299956639813
1156 1.0
1166 1.0
1169 1.0
1191 1.0
1198 1.0
1227 1.0
1230 1.0
1235 1.4771212547196624
1263 1.0
1274 1.3010299956639813
1278 1.0
1285 1.3010299956639813
1290 1.0
1299 1.0
1318 1.0
1324 1.0
