16 1.0
30 1.7781512503836436
51 1.0
54 1.0
71 1.0
77 1.0
90 1.3010299956639813
107 1.0
118 1.0
122 1.3010299956639813
135 1.3010299956639813
142 1.0
144 1.0
188 1.0
189 1.0
199 1.4771212547196624
227 1.0
264 1.0
267 1.3010299956639813
273 1.3010299956639813
302 1.0
305 1.6989700043360187
322 1.0
348 1.3010299956639813
350 1.0
360 1.0
388 1.6989700043360187
395 1.0
408 1.0
430 1.0
472 1.0
473 1.0
501 1.3010299956639813
517 1.6989700043360187
528 1.0
539 1.0
580 1.0
588 1.3010299956639813
597 1.3010299956639813
598 1.3010299956639813
615 1.0
630 1.0
633 1.0
647 1.0
648 1.3010299956639813
669 1.6020599913279625
687 1.0
694 1.3010299956639813
700 1.6989700043360187
701 1.0
721 1.0
725 1.0
739 1.0
743 1.0
758 1.0
777 1.0
793 1.0
829 1.0
848 1.0
855 1.0
867 1.3010299956639813
884 1.3010299956639813
887 1.3010299956639813
894 1.6020599913279625
895 1.4771212547196624
897 1.4771212547196624
913 1.0
922 1.3010299956639813
927 1.3010299956639813
929 1.3010299956639813
935 1.0
951 1.0
952 1.4771212547196624
954 1.3010299956639813
959 1.3010299956639813
965 1.0
966 1.0
971 1.0
972 1.3010299956639813
989 1.0
995 1.0
998 1.3010299956639813
1000 1.0
1032 1.0
1045 1.0
1072 1.7781512503836436
1073 1.0
1079 1.0
1081 1.0
1084 1.3010299956639813
1105 1.0
1106 1.0
1119 1.0
1140 1.0
1228 1.0
1230 1.3010299956639813
1243 1.0
1264 1.7781512503836436
1279 1.3010299956639813
1283 1.0
1294 1.3010299956639813
