12 1.0
18 1.0
24 1.0
37 1.3010299956639813
39 1.0
41 1.0
43 1.0
45 1.0
53 1.3010299956639813
77 1.3010299956639813
81 1.6989700043360187
82 1.0
86 1.0
93 1.4771212547196624
94 1.0
98 1.4771212547196624
101 1.0
110 1.0
116 1.0
117 1.0
125 1.0
139 1.0
142 1.0
148 1.0
149 1.0
153 1.3010299956639813
159 1.4771212547196624
181 1.0
182 1.0
197 1.4771212547196624
202 1.3010299956639813
216 1.0
219 1.0
220 1.0
231 1.0
238 1.0
240 1.0
248 1.0
254 1.3010299956639813
256 1.0
260 1.0
269 1.0
274 1.0
278 1.0
288 1.3010299956639813
300 1.4771212547196624
302 1.0
304 1.3010299956639813
305 1.0
309 1.0
310 1.0
313 1.0
317 1.3010299956639813
318 1.3010299956639813
319 1.0
329 1.3010299956639813
330 1.3010299956639813
333 1.3010299956639813
337 1.3010299956639813
344 1.3010299956639813
345 1.0
346 1.7781512503836436
347 1.0
361 1.0
364 1.6020599913279625
368 1.0
383 1.0
401 1.0
409 1.3010299956639813
412 1.0
414 1.0
415 1.0
423 1.0
432 1.0
433 1.3010299956639813
440 1.0
442 1.0
444 1.0
446 1.0
448 1.0
450 1.0
466 1.0
468 1.0
475 1.0
477 1.3010299956639813
478 1.0
498 1.0
503 1.0
506 1.0
509 1.0
516 1.0
518 1.0
527 1.3010299956639813
542 1.0
548 1.0
567 1.3010299956639813
572 1.0
581 1.0
584 1.0
585 1.0
601 1.0
611 1.0
612 1.0
613 1.0
615 1.0
647 1.0
649 1.0
658 1.0
663 1.0
671 1.3010299956639813
681 1.4771212547196624
685 1.3010299956639813
686 1.0
687 1.6989700043360187
689 1.0
692 1.0
694 1.0
696 1.0
700 1.0
704 1.0
713 1.3010299956639813
714 1.0
739 1.0
767 1.0
781 1.0
784 1.6020599913279625
789 1.6989700043360187
794 1.4771212547196624
797 1.6020599913279625
800 1.0
808 1.0
809 1.3010299956639813
826 1.0
832 1.3010299956639813
833 1.3010299956639813
838 1.0
844 1.0
848 1.0
849 1.6020599913279625
855 1.0
856 1.0
858 1.3010299956639813
864 1.3010299956639813
865 1.3010299956639813
867 1.3010299956639813
870 1.0
880 1.0
887 1.0
888 1.4771212547196624
889 1.3010299956639813
890 1.3010299956639813
892 1.0
897 1.3010299956639813
903 1.0
914 1.0
924 1.3010299956639813
927 1.3010299956639813
933 1.0
936 1.0
942 1.0
943 1.3010299956639813
944 1.3010299956639813
958 1.3010299956639813
963 1.4771212547196624
968 1.0
969 1.0
971 1.0
972 1.0
977 1.0
979 1.0
981 1.3010299956639813
982 1.3010299956639813
983 1.0
985 1.4771212547196624
986 1.0
987 1.4771212547196624
991 1.0
994 1.0
995 1.0
996 1.0
997 1.0
1002 1.3010299956639813
1013 1.0
1026 1.4771212547196624
1039 1.0
1043 1.0
1045 1.0
1047 1.3010299956639813
1055 1.0
1089 1.0
1090 1.0
1107 1.0
1108 1.0
1114 1.0
1129 1.845098040014257
1130 1.845098040014257
1143 1.3010299956639813
1144 1.3010299956639813
1147 1.0
1148 1.0
1151 1.3010299956639813
1156 1.0
1161 1.0
1172 1.3010299956639813
1181 1.3010299956639813
1188 1.0
1192 1.0
1228 1.0
1235 1.0
1236 1.4771212547196624
1239 1.0
1241 1.3010299956639813
1245 1.3010299956639813
1249 1.0
1260 1.0
1269 1.3010299956639813
1275 1.0
1277 1.0
1279 1.0
1281 1.0
1294 1.0
1302 1.0
1307 1.0
1311 1.0
1317 1.0
1318 1.3010299956639813
1319 1.0
1320 1.0
1321 1.0
