29 1.0
30 1.4771212547196624
53 1.3010299956639813
69 1.3010299956639813
71 1.4771212547196624
74 2.146128035678238
75 1.0
77 1.0
107 2.146128035678238
108 1.0
110 1.3010299956639813
111 1.3010299956639813
132 2.113943352306837
135 1.0
137 1.0
152 1.0
157 2.204119982655925
163 1.6989700043360187
169 1.6989700043360187
178 1.0
180 1.0
184 1.4771212547196624
185 1.6020599913279625
207 2.1760912590556813
230 2.0413926851582254
236 1.0
247 1.3010299956639813
250 1.0
256 1.4771212547196624
258 1.0
264 1.0
265 1.3010299956639813
270 1.845098040014257
272 1.0
273 1.3010299956639813
276 1.0
281 1.4771212547196624
283 1.0
296 1.845098040014257
301 1.3010299956639813
302 1.0
305 1.0
307 1.6020599913279625
310 1.0
319 1.0
323 1.3010299956639813
329 1.845098040014257
332 1.4771212547196624
337 1.0
344 1.3010299956639813
345 1.0
350 1.6020599913279625
352 1.0
354 2.278753600952829
356 1.0
361 1.7781512503836436
365 1.0
382 1.4771212547196624
398 1.7781512503836436
400 1.4771212547196624
401 1.0
422 1.0
429 1.3010299956639813
430 1.0
438 1.0
443 1.0
445 2.0413926851582254
449 1.4771212547196624
467 1.0
474 1.6989700043360187
491 1.0
494 1.0
497 1.7781512503836436
499 1.0
503 1.0
517 1.0
537 1.6989700043360187
543 1.0
544 1.0
556 1.0
557 1.3010299956639813
559 1.0
561 1.0
562 1.0
563 1.0
567 1.0
570 1.6020599913279625
571 1.845098040014257
576 1.4771212547196624
582 1.0
583 1.0
584 1.3010299956639813
585 1.3010299956639813
589 1.7781512503836436
592 1.3010299956639813
594 1.0
595 1.4771212547196624
596 1.9542425094393248
609 2.0413926851582254
610 1.3010299956639813
611 1.0
614 1.0
615 1.0
618 1.4771212547196624
623 1.0
625 1.0
626 1.0
628 1.4771212547196624
630 1.3010299956639813
632 1.6020599913279625
633 1.6020599913279625
636 1.0
640 1.0
644 1.6020599913279625
648 1.845098040014257
651 1.4771212547196624
653 1.0
656 1.0
664 1.0
670 1.0
671 1.0
694 1.6020599913279625
698 1.3010299956639813
699 1.0
700 1.0
704 1.0
711 1.3010299956639813
715 1.6989700043360187
717 1.0
721 1.3010299956639813
736 1.0
737 1.0
766 1.3010299956639813
769 1.7781512503836436
772 1.4771212547196624
775 1.0
776 1.0
777 1.0
778 1.4771212547196624
779 1.3010299956639813
783 1.3010299956639813
789 1.3010299956639813
793 1.0
802 1.0
803 1.0
806 1.0
807 1.3010299956639813
809 1.6989700043360187
816 1.0
817 1.4771212547196624
818 1.4771212547196624
819 1.0
820 1.3010299956639813
824 1.0
825 1.0
839 1.6020599913279625
840 1.6020599913279625
847 1.0
849 1.4771212547196624
852 1.0
853 1.0
854 1.0
855 1.6989700043360187
856 1.0
857 1.3010299956639813
862 1.0
863 1.0
864 1.0
867 1.0
868 1.3010299956639813
869 1.3010299956639813
870 1.3010299956639813
871 1.0
872 1.6020599913279625
878 1.6989700043360187
882 1.0
884 1.3010299956639813
889 1.3010299956639813
890 1.3010299956639813
892 1.3010299956639813
893 1.0
894 1.0
895 1.4771212547196624
896 1.0
897 2.1760912590556813
901 1.3010299956639813
903 1.0
916 1.3010299956639813
917 1.0
920 1.0
921 1.845098040014257
923 1.3010299956639813
929 1.4771212547196624
937 1.3010299956639813
938 1.0
940 1.0
943 1.4771212547196624
944 1.4771212547196624
945 1.0
946 1.0
947 1.0
952 1.0
954 1.0
956 1.0
959 1.3010299956639813
962 1.0
963 1.845098040014257
965 1.3010299956639813
966 1.0
967 1.0
969 1.0
970 1.0
972 1.0
975 1.0
977 1.4771212547196624
979 2.3010299956639813
981 1.0
982 1.3010299956639813
985 1.3010299956639813
986 1.4771212547196624
987 1.0
988 1.7781512503836436
989 1.0
992 1.3010299956639813
994 1.0
995 1.0
996 1.0
997 1.6020599913279625
998 1.0
999 1.0
1000 1.3010299956639813
1006 1.3010299956639813
1008 1.0
1022 1.0
1030 1.0
1032 1.4771212547196624
1034 1.6020599913279625
1036 1.3010299956639813
1037 1.0
1041 1.3010299956639813
1054 1.0
1056 1.0
1060 1.3010299956639813
1070 1.0
1072 1.0
1078 1.0
1080 1.0
1086 1.4771212547196624
1091 1.0
1092 1.3010299956639813
1098 1.0
1115 1.0
1116 1.0
1121 1.0
1129 1.7781512503836436
1130 1.7781512503836436
1135 1.3010299956639813
1136 1.3010299956639813
1139 1.3010299956639813
1140 1.6020599913279625
1149 1.3010299956639813
1150 1.6020599913279625
1151 1.845098040014257
1159 1.0
1161 1.0
1164 1.3010299956639813
1165 1.6989700043360187
1171 1.3010299956639813
1173 1.4771212547196624
1185 1.0
1189 1.0
1193 1.4771212547196624
1203 1.0
1222 1.6989700043360187
1226 1.3010299956639813
1227 1.6020599913279625
1228 1.9542425094393248
1230 1.9542425094393248
1231 1.6989700043360187
1233 1.6020599913279625
1235 2.146128035678238
1237 1.0
1238 1.3010299956639813
1239 1.0
1241 1.6020599913279625
1260 1.0
1265 1.845098040014257
1266 2.230448921378274
1276 1.9030899869919435
1277 2.204119982655925
1285 1.0
1294 1.0
1300 1.0
1311 1.0
1314 1.0
1322 1.0
