2 1.0
13 1.0
17 1.3010299956639813
34 1.3010299956639813
45 1.0
59 1.3010299956639813
60 1.3010299956639813
62 1.0
63 1.0
69 1.0
81 1.0
86 1.4771212547196624
88 1.0
98 1.0
104 1.0
138 1.0
145 1.0
162 1.0
170 1.0
180 1.0
183 1.3010299956639813
189 1.0
192 1.3010299956639813
193 1.0
201 1.0
215 1.0
216 1.0
229 1.3010299956639813
231 1.0
234 1.0
242 1.0
252 1.0
254 1.0
255 1.0
262 1.0
264 1.0
268 1.3010299956639813
273 1.0
278 1.0
287 1.0
300 1.6020599913279625
305 1.0
319 1.3010299956639813
323 1.0
330 1.0
333 1.0
337 1.4771212547196624
344 1.0
346 1.0
361 1.3010299956639813
363 1.0
367 1.0
371 1.0
383 1.0
384 1.0
396 1.0
403 1.0
411 1.0
430 1.0
443 1.0
453 1.0
456 1.0
457 1.0
463 1.0
472 1.0
480 1.0
488 1.0
499 1.0
500 1.3010299956639813
517 1.0
521 1.0
523 1.0
550 1.0
551 1.0
608 1.0
615 1.0
625 1.0
635 1.0
636 1.0
643 1.0
656 1.0
664 1.0
666 1.0
676 1.0
683 1.0
688 1.0
689 1.3010299956639813
701 1.0
712 1.0
715 1.0
742 1.3010299956639813
745 1.0
751 1.3010299956639813
754 1.3010299956639813
765 1.0
771 1.0
772 1.0
779 1.3010299956639813
788 1.0
790 1.0
791 1.0
792 1.0
798 1.0
815 1.3010299956639813
823 1.0
829 1.9542425094393248
832 1.0
833 1.0
836 1.0
843 1.0
848 1.0
850 1.4771212547196624
859 1.3010299956639813
864 1.3010299956639813
865 1.0
871 1.0
872 1.0
876 1.0
881 1.3010299956639813
884 1.0
896 1.3010299956639813
899 1.3010299956639813
900 1.0
907 1.0
914 1.0
924 1.0
926 1.3010299956639813
933 1.0
939 1.0
940 1.3010299956639813
943 1.0
944 1.0
945 1.0
949 1.3010299956639813
950 1.3010299956639813
952 1.3010299956639813
962 1.0
967 1.0
969 1.7781512503836436
978 1.3010299956639813
981 1.3010299956639813
983 1.0
988 1.0
991 1.4771212547196624
993 1.0
999 1.4771212547196624
1002 1.0
1005 1.0
1006 1.0
1013 1.4771212547196624
1015 1.0
1016 1.0
1027 1.0
1040 1.0
1047 1.0
1068 1.3010299956639813
1072 1.3010299956639813
1104 1.3010299956639813
1117 1.0
1118 1.0
1129 1.0
1130 1.0
1135 1.0
1136 1.0
1159 1.0
1161 1.0
1166 1.0
1185 1.3010299956639813
1189 1.3010299956639813
1198 1.0
1214 1.0
1218 1.4771212547196624
1239 1.3010299956639813
1253 1.0
1260 1.4771212547196624
1261 1.0
1266 1.0
1285 1.0
1289 1.0
1290 1.0
1291 1.0
1304 1.0
1323 1.0
