107 1.0
253 1.0
272 1.3010299956639813
305 1.0
307 1.3010299956639813
310 1.4771212547196624
329 1.3010299956639813
352 1.0
361 1.0
376 1.3010299956639813
417 1.0
433 1.0
496 1.3010299956639813
535 1.0
543 1.0
544 1.0
557 1.6020599913279625
565 1.3010299956639813
570 1.0
584 1.6020599913279625
585 1.6020599913279625
587 1.0
596 1.0
651 1.4771212547196624
653 1.0
749 1.0
765 1.0
809 1.3010299956639813
832 1.0
833 1.0
850 1.3010299956639813
884 1.0
896 1.4771212547196624
897 1.6020599913279625
903 1.0
904 1.3010299956639813
928 1.0
929 1.3010299956639813
933 1.0
940 1.0
952 1.4771212547196624
954 1.4771212547196624
959 1.4771212547196624
979 1.0
983 1.0
1000 1.0
1029 1.0
1032 1.0
1036 1.4771212547196624
1060 1.3010299956639813
1083 1.0
1086 1.4771212547196624
1151 1.3010299956639813
1221 1.0
1227 1.0
1228 1.0
1232 1.3010299956639813
1266 1.0
1283 1.0
