6 1.3010299956639813
15 1.3010299956639813
59 1.4771212547196624
60 1.4771212547196624
77 1.0
79 1.0
99 1.0
109 1.0
111 1.0
131 1.0
136 1.0
148 1.0
173 1.0
174 1.0
194 1.0
195 1.0
197 1.0
223 1.3010299956639813
226 1.0
241 1.0
243 1.0
247 1.0
251 1.0
257 1.0
273 1.0
290 1.0
293 1.0
300 1.0
302 1.0
317 1.0
318 1.0
322 1.3010299956639813
323 1.0
326 1.3010299956639813
346 1.0
349 1.0
376 1.0
387 1.0
397 1.0
399 1.0
400 1.0
407 1.0
411 1.0
417 1.6020599913279625
422 1.0
449 1.0
459 1.0
467 1.3010299956639813
475 1.0
479 1.0
482 1.0
496 1.0
503 1.0
514 1.0
517 1.0
531 1.0
555 1.0
568 1.3010299956639813
569 1.3010299956639813
578 1.0
587 1.0
609 1.0
615 1.3010299956639813
617 1.0
618 1.0
621 1.0
624 1.0
627 1.0
640 1.3010299956639813
652 1.3010299956639813
656 1.0
669 1.4771212547196624
671 1.0
688 1.0
694 1.6989700043360187
701 1.0
706 1.0
707 1.0
717 1.0
739 1.0
741 1.0
748 1.0
751 1.0
752 1.0
754 1.4771212547196624
759 1.0
761 1.0
762 1.0
769 1.0
779 1.0
781 1.0
783 1.0
809 1.0
814 1.0
823 1.0
824 1.0
825 1.0
826 1.4771212547196624
838 1.0
851 1.0
867 1.6020599913279625
880 1.3010299956639813
881 1.0
896 1.0
897 1.0
898 1.0
906 1.3010299956639813
914 1.0
969 1.0
979 1.6020599913279625
989 1.0
1019 1.0
1020 1.0
1034 1.0
1036 1.0
1037 1.0
1039 1.6989700043360187
1043 1.0
1045 1.3010299956639813
1049 1.9030899869919435
1050 1.0
1062 1.0
1064 1.0
1065 1.0
1071 1.3010299956639813
1089 1.0
1090 1.0
1098 1.0
1101 1.0
1104 1.0
1129 1.4771212547196624
1130 1.4771212547196624
1143 1.3010299956639813
1144 1.3010299956639813
1147 1.0
1148 1.0
1149 1.3010299956639813
1150 1.3010299956639813
1169 1.3010299956639813
1206 1.0
1209 1.0
1221 1.3010299956639813
1222 1.0
1251 1.0
1257 1.0
1264 1.0
1276 1.0
1278 1.0
1285 1.3010299956639813
1294 1.0
1296 1.0
1302 1.0
1309 1.0
1315 1.0
1319 1.0
1322 1.0
