43 1.0
139 1.0
198 1.0
253 1.0
273 1.0
293 1.3010299956639813
300 1.4771212547196624
309 1.0
329 1.0
360 1.6020599913279625
368 1.0
386 1.0
401 1.4771212547196624
417 1.0
434 1.0
444 1.4771212547196624
463 1.0
465 1.0
539 1.4771212547196624
540 1.0
613 1.3010299956639813
624 1.3010299956639813
653 1.3010299956639813
657 1.0
658 1.3010299956639813
695 1.0
696 1.0
708 1.0
711 1.3010299956639813
713 1.0
720 1.0
742 1.0
749 1.0
758 1.7781512503836436
769 1.0
780 1.0
850 1.0
867 1.0
870 1.6989700043360187
895 1.3010299956639813
896 1.0
906 1.3010299956639813
941 1.0
964 1.0
979 1.0
983 1.0
989 1.3010299956639813
1038 1.0
1045 1.0
1072 1.0
1105 1.0
1106 1.0
1110 1.0
1124 1.6989700043360187
1155 1.0
1271 1.0
1285 1.0
1289 1.0
1293 1.3010299956639813
1320 1.3010299956639813
1321 1.0
