34 1.0
44 1.3010299956639813
45 1.3010299956639813
48 1.3010299956639813
49 1.0
56 1.0
89 1.0
105 1.3010299956639813
107 1.0
115 1.0
116 1.0
118 1.0
120 1.0
136 1.6020599913279625
142 1.3010299956639813
144 1.0
158 1.0
162 1.0
170 1.0
171 1.0
175 1.3010299956639813
176 1.0
183 1.0
189 1.0
190 1.3010299956639813
205 1.0
208 1.0
209 1.0
212 1.0
219 1.0
220 1.0
221 1.0
222 1.0
224 1.0
231 1.0
242 1.0
247 1.0
259 1.6020599913279625
260 1.0
271 1.3010299956639813
292 1.3010299956639813
306 1.0
319 1.0
327 1.0
341 1.0
344 1.0
356 1.0
361 1.0
370 1.0
375 1.0
398 1.0
436 1.0
441 1.4771212547196624
445 1.0
446 1.0
447 1.0
449 1.0
457 1.3010299956639813
459 1.0
461 1.0
463 1.0
468 1.6020599913279625
472 1.3010299956639813
474 1.0
479 1.0
485 1.0
491 1.0
496 1.0
498 1.6989700043360187
526 1.9542425094393248
528 1.0
534 1.3010299956639813
539 1.0
566 1.0
568 1.0
569 1.0
580 1.0
599 1.0
626 1.0
629 1.0
637 1.0
645 1.0
658 1.0
677 1.0
681 1.0
687 1.0
694 1.0
704 1.0
708 1.0
714 1.0
739 1.0
741 1.0
744 1.4771212547196624
748 1.0
751 1.0
755 1.0
773 1.0
779 1.0
801 1.0
808 1.0
814 1.0
815 1.0
837 1.0
889 1.3010299956639813
890 1.3010299956639813
902 1.0
905 1.0
929 1.3010299956639813
982 1.3010299956639813
1036 1.0
1040 1.0
1044 1.0
1045 1.0
1050 1.0
1082 1.0
1088 1.0
1190 1.0
1197 1.0
1199 1.0
1211 1.0
1218 1.0
1223 1.3010299956639813
1226 1.0
1243 1.0
1252 1.3010299956639813
1254 1.3010299956639813
1259 1.3010299956639813
1262 1.0
1264 1.4771212547196624
1286 1.3010299956639813
1295 1.0
1297 1.0
1298 1.6020599913279625
1303 1.0
1307 1.0
1310 1.0
1317 1.3010299956639813
1319 1.0
