3 1.3010299956639813
29 1.0
31 1.0
34 1.3010299956639813
61 1.0
78 1.0
86 1.0
117 1.0
123 1.0
124 1.0
176 1.3010299956639813
182 1.0
229 1.3010299956639813
238 1.4771212547196624
256 1.0
268 1.0
289 1.0
297 1.0
329 1.0
403 1.0
420 1.0
440 1.0
457 1.0
463 1.0
468 1.0
484 1.3010299956639813
491 1.0
493 1.0
498 1.0
500 1.0
506 1.3010299956639813
520 1.3010299956639813
521 1.0
572 1.3010299956639813
581 1.3010299956639813
589 1.0
592 1.3010299956639813
593 1.0
601 1.0
602 1.0
603 1.0
608 1.0
614 1.0
625 1.0
643 1.0
651 1.3010299956639813
679 1.0
685 1.0
707 1.0
714 1.0
722 1.3010299956639813
723 1.0
741 1.0
751 1.0
779 1.0
788 1.0
826 1.3010299956639813
839 1.0
840 1.0
851 1.3010299956639813
870 1.0
981 1.0
1017 1.0
1032 1.0
1066 1.3010299956639813
1086 1.0
1254 1.0
1263 1.0
1274 1.0
1294 1.3010299956639813
1322 1.0
