34 1.0
40 1.0
70 1.0
209 1.0
214 1.0
218 1.0
222 1.3010299956639813
223 1.6989700043360187
225 1.0
229 1.0
231 1.0
233 1.0
245 1.0
293 1.0
412 1.0
425 1.0
446 1.3010299956639813
470 1.0
478 1.0
479 1.0
480 1.0
509 1.0
532 1.0
546 1.3010299956639813
548 1.0
551 1.0
552 1.0
576 1.0
588 1.0
681 1.0
693 1.0
715 1.0
716 1.0
722 1.0
739 1.6020599913279625
755 1.0
761 1.0
770 1.0
773 1.0
823 1.0
826 1.0
864 1.0
885 1.0
889 1.0
890 1.0
918 1.0
932 1.0
1057 1.0
1058 1.0
1090 1.0
1105 1.0
1106 1.0
1119 1.0
1126 1.0
1137 1.0
1138 1.0
1139 1.3010299956639813
1140 1.3010299956639813
1143 1.0
1144 1.0
1149 1.0
1150 1.0
1202 1.0
1207 1.0
1214 1.0
1226 1.0
1250 1.0
1255 1.0
1267 1.0
1273 1.0
1285 1.3010299956639813
1286 1.0
1294 1.0
1298 1.0
1309 1.0
