6 1.0
29 1.3010299956639813
54 1.3010299956639813
70 1.3010299956639813
83 1.0
86 1.3010299956639813
88 1.0
102 1.0
107 1.4771212547196624
110 1.7781512503836436
111 1.9030899869919435
123 1.3010299956639813
124 1.3010299956639813
132 1.6020599913279625
149 1.0
184 1.6020599913279625
185 1.7781512503836436
200 1.6020599913279625
201 1.6020599913279625
207 1.6020599913279625
208 1.3010299956639813
230 1.6989700043360187
244 1.6020599913279625
256 1.3010299956639813
272 1.6989700043360187
274 1.6989700043360187
280 1.7781512503836436
303 1.0
305 1.6989700043360187
309 1.3010299956639813
310 1.4771212547196624
330 1.9030899869919435
331 1.3010299956639813
332 1.9542425094393248
333 1.6020599913279625
346 1.3010299956639813
352 1.6020599913279625
353 1.4771212547196624
366 1.0
367 1.6020599913279625
398 1.0
399 1.4771212547196624
418 1.0
422 1.4771212547196624
428 1.4771212547196624
440 1.3010299956639813
441 1.3010299956639813
449 1.6020599913279625
480 1.3010299956639813
482 1.3010299956639813
487 1.3010299956639813
545 1.4771212547196624
565 1.6989700043360187
566 1.9030899869919435
571 1.4771212547196624
577 1.6989700043360187
584 1.6989700043360187
585 1.6989700043360187
611 1.0
616 1.4771212547196624
622 1.3010299956639813
628 1.4771212547196624
651 1.9030899869919435
659 1.4771212547196624
664 1.4771212547196624
677 1.6989700043360187
692 1.4771212547196624
701 1.4771212547196624
708 1.3010299956639813
725 1.3010299956639813
739 1.0
758 1.3010299956639813
769 1.6989700043360187
772 1.0
776 1.7781512503836436
779 1.4771212547196624
802 1.9030899869919435
803 1.9030899869919435
824 1.9542425094393248
825 1.9542425094393248
838 1.3010299956639813
839 1.6020599913279625
840 1.6020599913279625
848 1.3010299956639813
854 1.4771212547196624
855 1.6989700043360187
863 1.3010299956639813
870 1.7781512503836436
889 1.6989700043360187
890 1.6989700043360187
893 1.4771212547196624
897 1.7781512503836436
913 1.4771212547196624
936 1.6020599913279625
943 1.4771212547196624
944 1.4771212547196624
952 1.0
954 1.4771212547196624
959 1.4771212547196624
964 1.6989700043360187
972 1.6989700043360187
989 1.6989700043360187
1019 1.6989700043360187
1031 1.0
1034 1.9542425094393248
1036 1.6020599913279625
1048 1.3010299956639813
1078 1.3010299956639813
1079 1.3010299956639813
1080 1.6989700043360187
1109 1.3010299956639813
1123 1.0
1133 1.0
1134 1.0
1182 1.0
1226 1.845098040014257
1232 1.0
1233 1.4771212547196624
1264 1.0
1285 1.9030899869919435
1307 1.0
1313 1.7781512503836436
1314 1.0
