8 1.0
13 1.0
17 1.0
21 1.0
24 1.4771212547196624
33 1.0
34 1.0
37 1.4771212547196624
43 1.3010299956639813
45 1.0
47 1.0
58 1.0
67 1.0
69 1.0
77 1.0
82 1.0
84 1.3010299956639813
86 1.0
90 1.0
94 1.0
96 1.3010299956639813
100 1.0
103 1.0
107 1.0
110 1.0
116 1.0
118 1.0
121 1.4771212547196624
127 1.0
139 1.4771212547196624
145 1.0
148 1.6020599913279625
151 1.0
161 1.3010299956639813
163 1.3010299956639813
176 1.0
188 1.0
192 1.0
193 1.3010299956639813
195 1.3010299956639813
198 1.0
201 1.0
203 1.0
211 1.0
213 1.0
217 1.0
220 1.0
222 1.3010299956639813
247 1.0
249 1.0
255 1.0
268 1.0
274 1.0
276 1.0
290 1.0
293 1.0
300 1.0
306 1.0
309 1.0
312 1.0
318 1.0
322 1.0
330 1.0
332 1.0
337 1.0
340 1.0
341 1.3010299956639813
349 1.0
372 1.0
384 1.0
394 1.0
396 1.7781512503836436
400 1.7781512503836436
401 1.0
402 1.4771212547196624
409 1.3010299956639813
410 1.3010299956639813
414 1.0
417 1.0
420 1.0
421 1.0
424 1.0
431 1.0
446 1.0
457 1.0
459 1.0
463 1.0
473 1.0
482 1.6020599913279625
493 1.0
494 1.3010299956639813
496 1.0
497 1.6020599913279625
503 1.0
506 1.3010299956639813
510 1.0
517 1.0
522 1.0
524 1.0
530 1.0
542 1.0
543 1.3010299956639813
544 1.3010299956639813
546 1.0
549 1.0
557 1.0
565 1.0
566 1.0
575 1.0
576 1.0
577 1.0
581 1.0
584 1.0
585 1.0
586 1.0
587 1.0
588 1.0
589 1.0
599 1.0
609 1.0
612 1.0
615 1.0
627 1.0
640 1.0
644 1.0
665 1.0
669 1.7781512503836436
671 1.0
678 1.0
679 1.0
682 1.4771212547196624
688 1.0
690 1.0
691 1.0
692 1.0
699 1.0
703 1.0
704 1.0
708 1.0
715 1.6989700043360187
724 1.3010299956639813
739 1.0
742 1.3010299956639813
758 1.3010299956639813
761 1.0
768 1.0
769 1.0
779 1.3010299956639813
782 1.0
788 1.4771212547196624
790 1.3010299956639813
794 1.3010299956639813
795 1.0
809 1.0
823 1.0
827 1.0
837 1.0
850 1.0
858 1.0
861 1.6020599913279625
867 1.0
871 1.3010299956639813
874 1.3010299956639813
896 1.0
915 1.0
922 1.0
929 1.3010299956639813
970 1.0
996 1.0
1001 1.0
1005 1.0
1008 1.0
1021 1.0
1028 1.3010299956639813
1047 1.6020599913279625
1051 1.3010299956639813
1053 1.0
1054 1.0
1055 1.0
1056 1.0
1068 1.0
1072 1.3010299956639813
1083 1.0
1086 1.0
1092 1.3010299956639813
1095 1.0
1096 1.3010299956639813
1099 1.0
1104 1.3010299956639813
1105 1.0
1106 1.0
1111 1.3010299956639813
1112 1.3010299956639813
1129 1.0
1130 1.0
1131 1.0
1132 1.0
1135 1.0
1136 1.0
1149 1.3010299956639813
1150 1.3010299956639813
1152 1.0
1153 1.0
1156 1.0
1160 1.3010299956639813
1186 1.0
1222 1.0
1226 1.0
1234 1.0
1235 1.0
1236 1.0
1239 1.0
1242 1.0
1243 1.0
1254 1.0
1257 1.0
1265 1.0
1271 1.0
1274 1.0
1276 1.0
1286 1.3010299956639813
1289 1.0
1291 1.0
1304 1.3010299956639813
1308 1.0
