34 1.7781512503836436
38 1.4771212547196624
43 1.3010299956639813
45 1.0
55 1.0
58 1.7781512503836436
61 1.0
83 1.3010299956639813
84 1.9030899869919435
86 1.6020599913279625
91 1.0
113 1.3010299956639813
114 1.3010299956639813
115 1.3010299956639813
127 1.4771212547196624
142 1.3010299956639813
147 1.3010299956639813
148 1.6989700043360187
159 1.4771212547196624
162 1.3010299956639813
170 1.4771212547196624
188 1.3010299956639813
189 1.6020599913279625
192 1.7781512503836436
197 1.6020599913279625
211 1.3010299956639813
213 1.4771212547196624
216 1.4771212547196624
222 1.845098040014257
245 1.9030899869919435
249 1.6020599913279625
254 1.6020599913279625
272 1.3010299956639813
277 1.3010299956639813
288 1.3010299956639813
293 1.0
318 1.7781512503836436
329 1.0
337 1.6989700043360187
338 1.3010299956639813
339 1.9030899869919435
341 1.3010299956639813
349 1.7781512503836436
360 1.3010299956639813
361 1.3010299956639813
363 1.0
375 1.0
378 1.4771212547196624
383 1.3010299956639813
384 1.845098040014257
387 1.0
392 1.0
393 1.0
395 1.3010299956639813
396 1.3010299956639813
409 1.6020599913279625
411 1.0
415 1.4771212547196624
417 1.3010299956639813
433 1.0
436 1.3010299956639813
454 1.3010299956639813
463 1.4771212547196624
478 1.0
482 1.0
488 1.6020599913279625
493 1.3010299956639813
496 1.0
497 1.4771212547196624
500 1.3010299956639813
503 1.4771212547196624
506 1.3010299956639813
507 1.6989700043360187
508 1.4771212547196624
513 1.0
515 1.0
524 1.3010299956639813
528 1.3010299956639813
534 2.0413926851582254
537 1.6020599913279625
538 1.6020599913279625
546 1.3010299956639813
548 1.0
550 1.4771212547196624
558 1.4771212547196624
575 1.0
580 1.3010299956639813
581 1.3010299956639813
596 1.0
615 1.6989700043360187
631 1.0
640 2.0
658 1.0
659 1.0
681 1.4771212547196624
682 1.6020599913279625
687 1.6020599913279625
688 1.6020599913279625
689 1.3010299956639813
693 1.4771212547196624
699 1.0
703 1.4771212547196624
705 1.0
707 1.3010299956639813
711 1.0
716 1.0
717 1.9030899869919435
720 1.0
727 1.0
730 1.0
732 1.6020599913279625
748 1.0
761 1.0
794 1.3010299956639813
802 1.3010299956639813
803 1.3010299956639813
827 1.0
831 1.845098040014257
842 1.4771212547196624
858 1.7781512503836436
860 1.3010299956639813
861 1.0
862 1.6020599913279625
867 1.6020599913279625
871 1.4771212547196624
895 1.3010299956639813
903 1.0
917 1.0
978 1.3010299956639813
996 1.0
1001 1.3010299956639813
1013 1.0
1022 1.3010299956639813
1027 1.9542425094393248
1043 1.3010299956639813
1044 1.6020599913279625
1047 1.3010299956639813
1055 1.0
1065 1.0
1085 1.3010299956639813
1087 1.4771212547196624
1099 1.6989700043360187
1111 1.4771212547196624
1112 1.4771212547196624
1127 1.3010299956639813
1128 1.3010299956639813
1129 2.0
1130 2.0
1135 1.0
1136 1.0
1143 1.0
1144 1.0
1147 1.6020599913279625
1148 1.6020599913279625
1154 1.3010299956639813
1155 1.6020599913279625
1157 1.3010299956639813
1163 1.3010299956639813
1182 1.0
1190 1.0
1194 1.0
1199 1.0
1213 1.0
1218 1.0
1222 1.0
1259 1.3010299956639813
1267 1.0
1269 1.6020599913279625
1283 1.3010299956639813
1293 1.0
1297 1.0
1302 1.3010299956639813
1317 1.3010299956639813
