3 1.845098040014257
25 1.0
31 1.0
34 1.6020599913279625
38 1.0
59 1.0
60 1.0
79 1.0
88 1.0
116 1.4771212547196624
142 1.3010299956639813
146 2.113943352306837
165 1.0
180 1.0
189 1.9542425094393248
208 1.0
210 1.3010299956639813
211 1.3010299956639813
217 1.4771212547196624
222 1.3010299956639813
223 1.3010299956639813
255 1.0
271 1.0
284 1.0
287 1.0
288 1.4771212547196624
298 1.3010299956639813
313 1.4771212547196624
333 1.0
386 1.0
393 1.0
411 1.0
412 1.0
434 1.0
444 1.3010299956639813
446 1.3010299956639813
479 1.3010299956639813
482 1.3010299956639813
483 1.0
493 1.4771212547196624
494 1.0
500 1.3010299956639813
502 1.0
503 1.3010299956639813
523 1.3010299956639813
581 1.0
599 1.0
602 1.0
603 1.0
605 1.0
606 1.0
644 1.0
651 1.4771212547196624
663 1.0
669 1.0
683 1.3010299956639813
685 1.3010299956639813
713 2.146128035678238
719 1.0
730 1.6989700043360187
779 1.0
790 1.0
795 1.0
811 1.0
836 1.0
852 1.0
867 1.4771212547196624
881 1.0
902 1.0
929 1.3010299956639813
954 1.0
964 1.0
1002 1.0
1027 1.4771212547196624
1055 1.0
1083 1.0
1096 1.4771212547196624
1222 1.0
1263 1.3010299956639813
1269 1.4771212547196624
1296 1.3010299956639813
1304 1.3010299956639813
1314 1.0
1317 1.3010299956639813
1320 1.3010299956639813
