12 1.0
15 1.3010299956639813
34 1.0
54 1.6989700043360187
59 1.4771212547196624
60 1.4771212547196624
110 1.3010299956639813
139 1.0
176 1.0
209 1.3010299956639813
223 1.0
224 1.0
256 1.4771212547196624
261 1.4771212547196624
274 1.4771212547196624
278 1.0
310 1.4771212547196624
329 1.3010299956639813
330 1.3010299956639813
386 1.0
402 1.0
421 1.0
433 1.3010299956639813
444 1.0
446 1.0
474 1.6989700043360187
496 1.4771212547196624
537 1.3010299956639813
541 1.4771212547196624
550 1.4771212547196624
552 1.6020599913279625
558 1.845098040014257
565 1.9542425094393248
567 1.845098040014257
580 1.6020599913279625
608 1.6020599913279625
651 1.3010299956639813
659 1.0
688 1.4771212547196624
693 1.4771212547196624
720 1.0
755 1.0
769 1.3010299956639813
772 2.0413926851582254
797 1.3010299956639813
837 1.4771212547196624
851 1.4771212547196624
888 1.6989700043360187
893 1.7781512503836436
897 1.6989700043360187
901 1.3010299956639813
903 1.3010299956639813
906 1.0
914 1.3010299956639813
953 1.0
995 1.0
1001 1.0
1078 1.0
1090 1.3010299956639813
1102 1.0
1113 1.0
1169 1.6020599913279625
1190 1.4771212547196624
1210 1.3010299956639813
1221 1.0
