15 1.0
33 1.0
54 1.0
93 1.3010299956639813
94 1.3010299956639813
113 1.3010299956639813
114 1.3010299956639813
256 1.0
257 1.0
388 1.6020599913279625
424 1.0
536 1.0
547 1.0
588 1.0
678 1.0
682 1.0
687 1.0
696 1.0
707 1.3010299956639813
709 1.0
711 1.0
717 1.0
721 1.0
724 1.0
748 1.0
751 1.0
764 1.3010299956639813
779 1.0
781 1.4771212547196624
797 1.0
901 1.3010299956639813
915 1.0
1071 1.0
1080 1.3010299956639813
1086 1.0
1097 1.0
1113 1.0
1120 1.0
1129 1.3010299956639813
1130 1.3010299956639813
1147 1.0
1148 1.0
1171 1.0
1177 1.0
