6 1.4771212547196624
34 1.4771212547196624
39 1.4771212547196624
75 1.9030899869919435
115 1.0
136 1.0
142 1.0
174 1.0
201 1.0
209 1.3010299956639813
211 1.3010299956639813
221 1.3010299956639813
229 1.4771212547196624
233 1.0
238 1.3010299956639813
244 1.0
247 1.0
259 1.3010299956639813
265 1.0
272 1.3010299956639813
305 1.4771212547196624
307 1.4771212547196624
310 1.0
312 1.0
357 1.0
359 1.0
361 1.0
386 1.0
405 1.0
451 1.3010299956639813
453 1.0
463 1.0
487 1.0
506 1.0
528 1.0
537 1.0
539 1.0
541 1.3010299956639813
542 1.0
543 1.3010299956639813
544 1.3010299956639813
545 1.0
551 1.0
561 1.0
565 1.0
567 1.0
570 1.0
584 1.4771212547196624
585 1.4771212547196624
600 1.3010299956639813
608 1.4771212547196624
611 1.3010299956639813
618 1.0
624 1.0
630 1.0
633 1.0
639 1.0
647 1.4771212547196624
653 1.4771212547196624
681 1.0
686 1.0
710 1.0
716 1.3010299956639813
772 1.3010299956639813
782 1.0
789 1.0
809 1.0
837 1.4771212547196624
851 1.0
855 1.3010299956639813
896 1.3010299956639813
897 1.0
915 1.3010299956639813
931 1.0
935 1.0
939 1.3010299956639813
940 1.6020599913279625
948 1.6020599913279625
950 1.0
989 1.3010299956639813
995 1.0
1029 1.3010299956639813
1034 1.4771212547196624
1037 1.0
1039 1.0
1043 1.0
1050 1.4771212547196624
1056 1.0
1070 1.0
1078 1.3010299956639813
1090 1.0
1214 1.0
1222 1.0
1322 1.3010299956639813
