0 1.0
9 1.0
24 1.3010299956639813
42 1.0
48 1.0
54 1.3010299956639813
69 1.0
75 1.0
121 1.0
131 1.0
171 1.0
172 1.3010299956639813
209 1.4771212547196624
211 1.4771212547196624
223 1.0
234 1.3010299956639813
236 1.0
245 1.0
255 1.0
256 1.0
278 1.3010299956639813
307 1.3010299956639813
309 1.0
322 1.0
346 1.4771212547196624
350 1.0
362 1.0
367 1.0
376 1.0
386 1.0
388 1.0
390 1.0
391 1.0
396 1.0
424 1.0
431 1.0
445 1.0
449 1.4771212547196624
460 1.0
474 1.0
482 1.845098040014257
489 1.0
497 1.3010299956639813
506 1.0
509 1.0
521 1.0
535 1.0
542 1.0
554 1.0
567 1.0
570 1.3010299956639813
592 1.0
602 1.0
603 1.0
623 1.0
624 1.0
640 1.0
659 1.0
664 1.0
683 1.0
698 1.0
723 1.0
741 1.0
748 1.0
758 1.0
759 1.0
787 1.0
789 1.0
800 1.0
839 1.0
840 1.0
848 1.7781512503836436
861 1.3010299956639813
870 1.0
871 1.0
877 1.0
904 1.0
915 1.0
918 1.3010299956639813
924 1.0
926 1.0
941 1.3010299956639813
965 1.3010299956639813
988 1.0
989 1.0
998 1.6020599913279625
1003 1.0
1004 1.0
1031 1.0
1044 1.0
1071 1.3010299956639813
1072 1.0
1076 1.3010299956639813
1086 1.3010299956639813
1115 1.0
1116 1.0
1129 1.0
1130 1.0
1145 1.0
1146 1.0
1176 1.0
1189 1.0
1190 1.0
1194 1.0
1202 1.0
1237 1.0
1238 1.0
1277 1.4771212547196624
1285 1.0
1300 1.0
1314 1.0
