4 1.3010299956639813
24 1.0
47 1.0
61 1.3010299956639813
66 1.0
107 1.0
113 1.0
114 1.0
116 1.3010299956639813
121 1.0
137 1.0
149 1.6020599913279625
172 1.4771212547196624
174 1.3010299956639813
177 1.0
209 1.4771212547196624
211 1.0
234 1.0
247 1.0
254 1.3010299956639813
261 1.0
274 1.3010299956639813
307 1.3010299956639813
309 1.0
329 1.6020599913279625
357 1.0
400 1.0
424 1.0
442 1.0
447 1.0
449 1.4771212547196624
460 1.0
466 1.0
482 1.0
493 1.0
494 1.0
547 1.0
558 1.3010299956639813
567 1.0
575 1.3010299956639813
577 1.0
589 1.7781512503836436
592 1.3010299956639813
608 1.0
651 1.0
667 1.4771212547196624
682 1.0
686 1.0
688 1.0
694 1.0
695 1.0
765 1.0
768 1.0
794 1.0
809 1.845098040014257
823 1.0
851 1.0
870 1.0
889 1.9030899869919435
890 1.9030899869919435
921 1.3010299956639813
922 1.0
929 1.0
931 1.3010299956639813
941 1.3010299956639813
943 1.6020599913279625
944 1.6020599913279625
982 1.6020599913279625
986 1.4771212547196624
1032 1.3010299956639813
1104 1.0
1109 1.0
1129 1.0
1130 1.0
1143 1.0
1144 1.0
1161 1.0
1172 1.0
1191 1.4771212547196624
1210 1.4771212547196624
1254 1.3010299956639813
1281 1.0
1292 1.0
