74 1.0
93 1.0
107 1.6989700043360187
168 1.6989700043360187
169 1.0
176 1.6020599913279625
177 1.7781512503836436
178 1.3010299956639813
180 1.0
185 1.0
190 1.3010299956639813
191 1.0
204 1.4771212547196624
207 1.0
237 1.3010299956639813
247 1.0
264 1.0
276 1.6989700043360187
375 1.0
384 1.0
388 1.6020599913279625
401 1.3010299956639813
429 1.6020599913279625
430 1.0
442 1.3010299956639813
443 1.3010299956639813
488 1.0
497 2.690196080028514
500 1.6020599913279625
501 1.0
534 1.6989700043360187
561 1.3010299956639813
562 1.3010299956639813
563 1.3010299956639813
566 2.0
567 1.0
568 1.6020599913279625
569 1.6020599913279625
570 1.4771212547196624
575 1.0
576 1.3010299956639813
582 1.0
583 1.0
597 1.6989700043360187
598 1.6989700043360187
602 1.845098040014257
603 1.845098040014257
605 1.3010299956639813
606 1.3010299956639813
608 1.3010299956639813
637 1.0
650 1.6989700043360187
682 1.3010299956639813
684 1.0
689 1.3010299956639813
691 2.230448921378274
694 1.3010299956639813
695 1.0
700 1.0
715 1.0
717 1.9030899869919435
721 2.0413926851582254
723 1.0
731 1.9030899869919435
735 1.0
740 1.0
748 1.0
751 1.7781512503836436
764 1.4771212547196624
770 1.0
771 1.0
779 1.4771212547196624
829 2.3222192947339195
850 1.0
914 1.0
1019 1.0
1032 1.7781512503836436
1056 1.3010299956639813
1059 1.0
1080 1.3010299956639813
1091 1.0
1092 1.0
1117 1.0
1118 1.0
1119 1.0
1127 1.0
1128 1.0
1129 1.845098040014257
1130 1.845098040014257
1137 1.0
1138 1.0
1140 1.6989700043360187
1199 1.3010299956639813
1217 1.6020599913279625
1232 1.4771212547196624
1234 1.6989700043360187
1236 1.0
1242 1.0
1253 1.3010299956639813
1260 1.3010299956639813
1274 1.0
