5 1.0
6 1.0
7 1.0
13 1.0
17 1.0
18 1.3010299956639813
19 1.0
41 1.0
54 1.0
74 1.0
77 1.0
113 1.0
114 1.0
127 1.0
157 1.0
163 1.3010299956639813
192 1.0
209 1.0
218 1.0
222 1.0
224 1.0
260 1.0
270 1.0
271 1.0
287 1.0
304 1.3010299956639813
340 1.0
343 1.0
352 1.0
361 1.0
370 1.0
376 1.3010299956639813
383 1.0
408 1.0
412 1.0
451 1.0
461 1.0
468 1.0
477 1.0
484 1.0
506 1.0
534 1.0
537 1.0
542 1.0
558 1.0
588 1.0
617 1.0
619 1.0
630 1.0
680 1.3010299956639813
688 1.3010299956639813
698 1.0
707 1.0
714 1.0
751 1.0
758 1.0
760 1.0
764 1.0
768 1.0
772 1.0
779 1.0
790 1.3010299956639813
805 1.3010299956639813
826 1.0
1007 1.0
1010 1.0
1068 1.0
1078 1.0
1079 1.0
1083 1.6989700043360187
1123 1.6020599913279625
1173 1.0
1177 1.0
1193 1.0
1254 1.0
1271 1.0
1277 1.0
1298 1.3010299956639813
1299 1.0
1315 1.0
