0 2.0413926851582254
7 1.9030899869919435
8 1.4771212547196624
9 1.0
11 2.0
13 1.845098040014257
15 1.6020599913279625
16 1.0
17 1.4771212547196624
21 1.3010299956639813
24 2.113943352306837
26 1.3010299956639813
29 1.0
33 1.4771212547196624
35 1.0
39 1.0
42 1.3010299956639813
45 1.845098040014257
46 1.6989700043360187
47 1.9030899869919435
54 1.7781512503836436
56 1.7781512503836436
57 1.7781512503836436
61 1.0
63 1.9030899869919435
69 1.7781512503836436
70 1.9030899869919435
73 1.4771212547196624
107 2.079181246047625
108 1.0
119 1.3010299956639813
125 1.3010299956639813
129 1.845098040014257
133 1.9030899869919435
134 1.3010299956639813
137 1.0
138 1.0
143 2.1760912590556813
148 1.0
149 1.3010299956639813
150 1.0
151 1.0
152 1.0
154 1.4771212547196624
155 2.113943352306837
157 1.6020599913279625
167 1.6989700043360187
176 1.4771212547196624
179 1.0
180 1.3010299956639813
186 1.0
187 1.4771212547196624
190 1.3010299956639813
191 1.0
194 1.0
207 1.0
228 1.0
243 1.0
256 1.3010299956639813
265 1.0
267 2.4913616938342726
268 1.0
269 1.0
273 1.0
274 1.0
275 1.3010299956639813
276 1.0
277 1.4771212547196624
289 1.0
294 1.6020599913279625
297 1.4771212547196624
300 1.3010299956639813
301 1.6020599913279625
304 1.4771212547196624
306 1.845098040014257
310 1.0
311 1.7781512503836436
314 1.0
316 1.6020599913279625
318 2.0
319 1.0
324 2.0
325 1.4771212547196624
326 1.0
327 1.0
329 1.6989700043360187
331 1.6989700043360187
332 1.845098040014257
335 1.0
336 2.0
337 2.462397997898956
338 1.0
339 1.3010299956639813
343 1.6989700043360187
346 1.0
349 1.7781512503836436
353 1.0
358 1.0
363 1.6020599913279625
364 2.0
366 1.0
367 2.230448921378274
372 1.9542425094393248
373 1.0
375 1.845098040014257
376 1.0
377 1.3010299956639813
379 2.079181246047625
388 1.7781512503836436
391 1.0
400 1.4771212547196624
401 1.0
404 1.3010299956639813
405 1.0
406 1.0
410 1.845098040014257
415 1.4771212547196624
427 1.0
442 1.0
444 1.3010299956639813
449 1.0
457 1.3010299956639813
459 1.0
473 1.0
496 1.0
504 1.0
505 1.0
508 1.9542425094393248
512 1.4771212547196624
513 1.9542425094393248
517 1.3010299956639813
518 1.0
529 1.3010299956639813
539 1.0
540 1.0
550 1.0
555 1.4771212547196624
557 1.9030899869919435
580 1.0
582 1.3010299956639813
583 1.3010299956639813
584 2.0413926851582254
585 2.0413926851582254
588 1.7781512503836436
589 1.0
593 1.0
596 1.6989700043360187
602 1.0
603 1.0
609 1.3010299956639813
610 1.0
614 1.4771212547196624
615 1.0
619 1.6989700043360187
625 1.0
626 1.0
636 1.4771212547196624
639 1.3010299956639813
653 1.0
654 1.3010299956639813
657 1.3010299956639813
661 1.3010299956639813
662 1.0
666 1.3010299956639813
668 1.0
669 1.0
677 1.6989700043360187
680 1.9542425094393248
682 1.6989700043360187
684 1.845098040014257
687 1.4771212547196624
688 1.0
689 1.3010299956639813
692 1.0
694 1.3010299956639813
698 1.0
707 1.0
708 1.0
713 1.0
715 1.0
723 1.7781512503836436
727 1.0
731 1.0
732 2.230448921378274
743 1.6020599913279625
746 1.0
748 1.3010299956639813
749 1.0
755 1.0
758 1.3010299956639813
761 1.7781512503836436
763 1.0
764 1.0
765 1.0
769 2.113943352306837
774 1.0
780 1.0
783 1.4771212547196624
784 1.3010299956639813
789 1.0
794 1.0
795 1.3010299956639813
797 1.4771212547196624
805 1.0
807 1.3010299956639813
810 1.6020599913279625
812 1.9542425094393248
813 1.0
817 1.0
818 1.0
821 1.0
822 1.0
826 1.0
827 1.3010299956639813
829 1.3010299956639813
834 1.6989700043360187
835 1.6989700043360187
837 1.0
838 1.3010299956639813
842 1.3010299956639813
843 1.3010299956639813
845 1.4771212547196624
850 1.0
852 1.0
855 1.4771212547196624
856 1.3010299956639813
862 2.0
864 1.0
867 1.0
870 1.6989700043360187
877 1.0
878 1.0
881 1.0
885 1.3010299956639813
886 1.6989700043360187
889 1.0
890 1.0
893 1.6989700043360187
894 1.0
897 2.146128035678238
903 1.0
906 1.0
907 1.3010299956639813
908 1.0
910 1.0
912 1.0
914 1.0
924 1.3010299956639813
925 1.6989700043360187
926 1.3010299956639813
929 1.0
932 1.0
940 1.0
951 1.0
958 1.0
964 2.0
965 1.0
967 1.3010299956639813
969 1.6020599913279625
978 1.0
981 1.3010299956639813
982 1.3010299956639813
984 1.4771212547196624
990 1.0
991 2.146128035678238
995 1.0
999 1.0
1005 1.0
1016 1.0
1018 1.6020599913279625
1025 1.7781512503836436
1027 2.380211241711606
1030 1.0
1035 1.0
1039 1.0
1048 1.3010299956639813
1050 1.3010299956639813
1053 1.3010299956639813
1064 1.4771212547196624
1065 1.3010299956639813
1072 1.4771212547196624
1089 1.0
1091 1.845098040014257
1092 1.0
1093 1.0
1096 1.0
1099 2.5440680443502757
1103 1.0
1115 1.4771212547196624
1116 1.4771212547196624
1117 1.0
1118 1.0
1127 1.3010299956639813
1128 1.3010299956639813
1129 1.9542425094393248
1130 1.9542425094393248
1140 1.0
1141 1.0
1142 1.0
1150 1.0
1151 1.0
1156 1.4771212547196624
1157 1.0
1162 1.9030899869919435
1163 1.0
1165 1.4771212547196624
1167 1.4771212547196624
1168 1.3010299956639813
1170 1.4771212547196624
1172 1.7781512503836436
1178 1.7781512503836436
1180 1.0
1182 1.3010299956639813
1183 1.0
1187 1.0
1190 1.0
1193 1.0
1196 1.3010299956639813
1197 1.0
1198 1.6020599913279625
1199 1.6020599913279625
1203 1.3010299956639813
1225 1.0
1226 1.0
1231 1.0
1232 1.0
1237 1.0
1251 1.3010299956639813
1275 1.0
1276 1.4771212547196624
1292 1.0
1294 1.0
1297 1.0
1304 1.4771212547196624
1309 1.0
1313 1.0
1318 1.4771212547196624
1324 1.0
