12 1.0
46 1.0
59 1.0
60 1.0
65 1.0
83 1.0
93 1.3010299956639813
123 1.3010299956639813
124 1.3010299956639813
137 1.0
273 1.3010299956639813
305 1.0
379 1.0
392 1.0
408 1.0
420 1.0
434 1.0
446 1.0
462 1.0
480 1.0
493 1.6020599913279625
495 1.0
504 1.0
506 1.0
540 1.3010299956639813
575 1.6989700043360187
577 1.0
587 1.0
588 1.0
589 1.0
613 1.0
624 1.0
652 1.0
677 1.0
686 1.0
709 1.6020599913279625
741 1.4771212547196624
755 1.0
756 1.4771212547196624
759 1.0
812 1.3010299956639813
814 1.0
845 1.0
851 1.0
918 1.0
1007 1.0
1010 1.0
1028 1.0
1037 1.0
1050 1.0
1065 1.0
1066 1.0
1067 1.0
1073 1.0
1085 1.0
1120 1.0
1127 1.3010299956639813
1128 1.3010299956639813
1194 1.0
1210 1.0
1237 1.0
1259 1.3010299956639813
1321 1.0
