141 1.4771212547196624
147 1.4771212547196624
171 1.6989700043360187
209 1.3010299956639813
211 1.3010299956639813
213 1.6989700043360187
221 1.0
229 1.0
235 1.0
243 1.4771212547196624
246 1.3010299956639813
259 1.4771212547196624
390 1.6020599913279625
394 1.0
412 1.3010299956639813
414 1.6020599913279625
436 1.0
437 1.0
440 1.3010299956639813
446 1.0
451 1.3010299956639813
452 1.0
462 1.0
463 1.6989700043360187
466 1.0
468 1.0
469 1.0
476 1.0
481 1.0
485 1.0
490 1.0
510 1.3010299956639813
521 1.0
527 1.0
538 1.4771212547196624
542 1.0
546 1.0
560 1.0
599 1.0
600 1.0
631 1.3010299956639813
683 1.3010299956639813
693 1.0
710 1.0
720 1.3010299956639813
744 1.3010299956639813
790 1.0
1243 1.0
1263 1.3010299956639813
1298 1.0
1308 1.0
