128 1.0
277 1.0
280 1.0
304 1.3010299956639813
343 1.0
355 1.0
399 1.3010299956639813
450 1.4771212547196624
592 1.6020599913279625
645 1.3010299956639813
676 1.4771212547196624
684 1.3010299956639813
711 1.3010299956639813
798 1.0
823 1.0
845 1.0
902 1.0
929 1.3010299956639813
1002 1.0
1005 1.9030899869919435
1071 1.0
1100 1.0
1111 1.3010299956639813
1112 1.3010299956639813
1143 2.079181246047625
1144 2.079181246047625
1213 1.845098040014257
1221 1.3010299956639813
1249 1.3010299956639813
1307 1.0
