24 1.0
47 1.0
79 1.0
91 1.0
123 1.0
124 1.0
209 1.0
216 1.0
217 1.0
220 1.0
222 1.0
268 1.0
291 1.0
297 1.0
309 1.0
369 1.0
399 1.0
409 1.3010299956639813
412 1.0
427 1.0
450 1.3010299956639813
478 1.0
485 1.0
510 1.4771212547196624
527 1.0
584 1.0
585 1.0
613 1.0
618 1.3010299956639813
629 1.0
642 1.0
689 1.4771212547196624
696 1.0
713 1.3010299956639813
720 1.0
724 1.4771212547196624
730 1.0
733 1.0
748 1.0
790 1.0
893 1.0
1034 1.4771212547196624
1038 1.0
1053 1.0
1068 1.0
1126 1.0
1156 1.0
1161 1.0
1198 1.0
1204 1.0
1270 1.3010299956639813
1298 1.0
1308 1.0
1313 1.0
