14 1.0
17 1.0
45 1.0
48 1.0
55 1.0
58 1.0
59 1.0
60 1.0
65 1.0
69 1.0
74 1.3010299956639813
75 1.0
79 1.6989700043360187
84 1.0
89 1.0
99 1.0
126 1.0
127 1.7781512503836436
132 1.0
134 1.3010299956639813
144 1.3010299956639813
148 1.6020599913279625
153 1.3010299956639813
158 1.4771212547196624
161 1.0
163 1.3010299956639813
168 1.0
173 1.4771212547196624
175 1.0
185 1.3010299956639813
189 2.0413926851582254
193 1.4771212547196624
199 1.0
210 1.3010299956639813
211 1.0
223 1.0
230 1.3010299956639813
231 1.6020599913279625
243 1.0
252 1.3010299956639813
256 1.0
259 1.0
266 1.0
270 1.3010299956639813
298 1.4771212547196624
301 1.4771212547196624
303 1.0
309 1.6989700043360187
313 1.0
314 1.6989700043360187
319 1.0
322 1.0
326 1.3010299956639813
329 1.3010299956639813
336 1.0
349 1.0
359 1.0
361 1.0
362 1.3010299956639813
364 1.0
365 1.0
389 1.4771212547196624
419 1.0
420 1.4771212547196624
435 1.0
439 1.0
459 1.0
462 1.0
470 1.0
472 1.4771212547196624
473 1.3010299956639813
476 1.0
493 1.0
500 1.3010299956639813
503 1.0
514 1.4771212547196624
523 1.0
525 1.3010299956639813
530 1.3010299956639813
532 1.0
540 1.4771212547196624
541 2.0413926851582254
560 1.0
561 1.0
565 1.0
566 1.845098040014257
567 1.4771212547196624
568 1.6020599913279625
569 1.6020599913279625
571 1.0
580 1.0
592 1.3010299956639813
595 1.3010299956639813
597 2.079181246047625
598 2.079181246047625
609 1.0
613 1.0
624 1.0
633 1.0
636 1.0
650 1.4771212547196624
651 1.3010299956639813
657 1.0
669 1.0
671 1.0
676 1.3010299956639813
677 1.9030899869919435
682 1.9030899869919435
684 1.0
687 1.6989700043360187
689 1.6989700043360187
690 1.6020599913279625
692 1.9542425094393248
694 1.9542425094393248
695 1.3010299956639813
703 1.3010299956639813
704 1.6020599913279625
706 1.3010299956639813
717 1.0
721 1.3010299956639813
724 1.6020599913279625
729 1.6989700043360187
731 1.7781512503836436
749 1.0
755 1.0
763 1.0
765 1.0
770 1.0
773 1.0
783 1.0
807 1.0
809 1.3010299956639813
814 1.0
819 1.0
843 1.4771212547196624
850 1.0
853 1.0
855 1.0
866 1.7781512503836436
867 1.6020599913279625
883 1.3010299956639813
887 1.0
901 1.0
910 1.0
914 1.3010299956639813
917 1.6989700043360187
930 1.0
951 1.3010299956639813
963 1.0
993 1.0
1000 1.0
1005 1.3010299956639813
1016 1.0
1020 1.0
1026 2.0413926851582254
1041 1.0
1048 1.0
1054 1.7781512503836436
1055 1.3010299956639813
1059 1.0
1064 1.0
1080 1.0
1089 1.0
1095 1.0
1096 1.3010299956639813
1097 1.0
1119 1.0
1123 1.0
1129 2.113943352306837
1130 2.113943352306837
1137 1.0
1138 1.0
1140 1.3010299956639813
1141 1.3010299956639813
1142 1.3010299956639813
1143 2.0413926851582254
1144 2.0413926851582254
1150 1.0
1151 1.0
1159 1.0
1160 1.0
1175 1.0
1176 1.0
1180 1.0
1184 1.7781512503836436
1190 2.0
1196 1.0
1204 1.3010299956639813
1214 1.0
1228 1.3010299956639813
1231 1.0
1235 1.3010299956639813
1238 1.3010299956639813
1244 1.6989700043360187
1246 1.0
1247 1.0
1251 1.6020599913279625
1259 1.0
1264 1.0
1265 1.3010299956639813
1266 1.0
1277 1.0
1279 1.3010299956639813
1285 1.6020599913279625
1289 1.3010299956639813
1290 1.0
1294 1.3010299956639813
1302 2.204119982655925
1305 1.0
1306 1.0
1310 1.0
1313 1.6020599913279625
1321 1.0
