8 1.0
9 1.4771212547196624
13 1.0
18 1.0
34 1.0
35 1.0
37 1.3010299956639813
41 1.0
43 1.0
47 1.4771212547196624
56 1.3010299956639813
69 1.0
77 1.0
81 1.0
84 1.3010299956639813
90 1.0
99 1.0
103 1.3010299956639813
115 1.0
118 1.0
123 1.0
124 1.0
130 1.0
136 1.3010299956639813
143 1.0
145 1.0
146 1.0
148 1.0
155 1.3010299956639813
159 1.0
177 1.0
183 1.0
193 1.4771212547196624
228 1.0
236 1.0
241 1.0
267 1.0
272 1.0
274 1.3010299956639813
287 1.0
294 1.0
297 1.6020599913279625
307 1.6020599913279625
314 1.0
328 1.0
329 1.0
331 1.0
335 1.3010299956639813
337 1.0
342 1.3010299956639813
349 1.0
350 1.0
361 1.0
364 1.6989700043360187
382 1.3010299956639813
398 1.0
400 1.3010299956639813
401 1.0
420 1.0
434 1.0
440 1.0
457 1.0
488 1.0
494 1.0
528 1.0
533 1.0
539 1.4771212547196624
547 1.3010299956639813
550 1.0
551 1.0
564 1.0
565 1.0
567 1.0
580 1.6020599913279625
586 1.3010299956639813
591 1.0
634 1.0
657 1.3010299956639813
683 1.0
703 1.0
718 1.0
728 1.0
730 1.0
757 1.3010299956639813
758 1.0
759 1.0
761 1.4771212547196624
769 1.4771212547196624
771 1.3010299956639813
772 1.0
779 1.3010299956639813
783 1.0
790 1.0
794 1.0
795 1.0
802 1.3010299956639813
803 1.3010299956639813
806 1.0
808 1.0
812 1.4771212547196624
816 1.0
821 1.0
822 1.0
831 1.0
837 1.0
848 1.3010299956639813
853 1.3010299956639813
855 1.0
861 1.3010299956639813
862 1.3010299956639813
864 1.0
868 1.0
869 1.0
875 1.4771212547196624
891 1.0
894 1.0
924 1.3010299956639813
929 1.0
938 1.0
939 1.0
941 1.3010299956639813
951 1.0
989 1.4771212547196624
990 1.0
1005 1.0
1027 1.0
1028 1.3010299956639813
1032 1.0
1044 1.0
1045 1.0
1048 1.0
1049 1.0
1051 1.0
1057 1.0
1058 1.0
1060 1.0
1072 1.3010299956639813
1078 1.0
1099 1.0
1111 1.0
1112 1.0
1117 1.0
1118 1.0
1129 1.0
1130 1.0
1160 1.0
1170 1.0
1179 1.0
1185 1.0
1191 1.4771212547196624
1198 1.0
1221 1.0
1241 1.0
1242 1.0
1324 1.0
