11 1.3010299956639813
14 1.0
72 1.0
90 1.0
101 1.0
123 1.0
124 1.0
172 1.0
175 1.0
209 1.0
210 1.0
211 1.4771212547196624
214 1.3010299956639813
215 1.0
224 1.4771212547196624
228 1.0
229 1.0
236 1.0
237 1.0
242 1.4771212547196624
257 1.0
271 1.0
276 1.0
323 1.0
333 1.4771212547196624
337 1.0
373 1.4771212547196624
374 1.0
390 1.3010299956639813
394 1.0
412 1.0
434 1.0
477 1.0
504 1.0
533 1.0
534 1.6989700043360187
538 1.0
554 1.0
568 1.6989700043360187
569 1.6989700043360187
578 1.6989700043360187
597 1.0
598 1.0
601 1.0
637 1.0
645 1.0
659 1.0
674 1.0
675 1.0
679 1.0
693 1.3010299956639813
711 1.0
721 1.0
723 1.0
725 1.0
739 1.9030899869919435
749 1.0
751 1.0
768 1.0
770 1.3010299956639813
771 1.0
779 1.3010299956639813
786 1.3010299956639813
787 1.0
790 1.0
804 1.0
822 1.0
841 1.0
848 1.0
851 1.6989700043360187
864 1.7781512503836436
885 1.4771212547196624
901 1.0
903 1.0
905 1.3010299956639813
907 1.4771212547196624
911 1.0
924 1.4771212547196624
925 1.0
932 1.0
950 1.6989700043360187
985 1.3010299956639813
995 1.0
997 1.0
1005 1.6020599913279625
1028 1.0
1050 1.0
1054 1.4771212547196624
1059 1.6989700043360187
1062 1.0
1080 1.3010299956639813
1085 1.0
1088 1.0
1104 1.3010299956639813
1114 1.0
1117 1.3010299956639813
1118 1.3010299956639813
1119 1.4771212547196624
1123 1.0
1127 1.0
1128 1.0
1131 1.0
1132 1.0
1137 1.0
1138 1.0
1139 1.0
1140 1.0
1141 1.6989700043360187
1142 1.6989700043360187
1147 1.0
1148 1.0
1149 1.7781512503836436
1150 1.7781512503836436
1190 2.079181246047625
1202 1.3010299956639813
1204 1.0
1213 1.7781512503836436
1247 1.0
1249 1.0
1276 1.0
1278 1.0
1293 1.0
1297 1.0
1298 1.4771212547196624
1306 1.3010299956639813
1308 1.0
1313 1.0
1321 1.0
