0 2.079181246047625
34 1.9030899869919435
74 1.0
107 1.3010299956639813
135 1.6020599913279625
152 1.0
157 1.0
176 1.4771212547196624
215 1.0
219 1.3010299956639813
230 1.0
244 1.0
270 1.0
296 1.0
385 1.0
403 1.4771212547196624
414 1.0
428 1.4771212547196624
436 1.9030899869919435
445 1.3010299956639813
446 1.7781512503836436
448 1.845098040014257
456 1.4771212547196624
464 1.4771212547196624
487 1.9542425094393248
491 1.3010299956639813
493 1.3010299956639813
501 1.0
520 1.0
521 1.9030899869919435
524 2.3010299956639813
597 1.0
598 1.0
712 1.0
829 1.3010299956639813
889 1.0
890 1.0
1015 1.0
1016 1.0
1018 1.4771212547196624
1031 1.0
1057 1.0
1058 1.0
1190 1.0
1218 1.0
1241 1.3010299956639813
1242 1.3010299956639813
1246 1.0
1252 1.3010299956639813
1265 1.0
1304 1.3010299956639813
1319 1.6020599913279625
