18 1.0
38 1.3010299956639813
46 1.0
50 1.6020599913279625
84 1.0
107 1.3010299956639813
130 1.0
139 1.3010299956639813
163 1.0
189 1.0
205 1.0
209 1.0
215 1.0
220 1.0
236 1.0
261 1.0
306 1.0
325 1.3010299956639813
415 1.0
443 1.0
457 1.0
463 1.0
496 1.3010299956639813
509 1.0
540 1.0
555 1.0
575 1.0
629 1.6989700043360187
659 1.0
689 1.0
705 1.0
731 1.0
744 1.0
764 1.0
769 1.0
790 1.0
914 1.0
918 1.4771212547196624
1013 1.3010299956639813
1038 1.0
1047 1.0
1065 1.0
1073 1.0
1143 1.0
1144 1.0
1156 1.0
1160 1.0
1183 1.0
1191 1.0
1228 1.0
1230 1.3010299956639813
1233 1.0
1266 1.0
1276 1.0
1300 1.0
1315 1.0
1322 1.0
1323 1.0
