46 1.0
69 1.0
75 1.3010299956639813
100 1.0
131 1.0
209 1.0
224 1.0
260 1.3010299956639813
267 1.0
278 1.0
280 1.0
309 1.3010299956639813
333 1.0
394 1.0
425 1.0
431 1.0
436 1.3010299956639813
440 1.0
448 1.3010299956639813
453 1.0
456 1.3010299956639813
493 1.0
500 1.0
506 1.0
510 1.0
523 1.3010299956639813
541 1.0
551 1.0
558 1.0
561 1.0
564 1.0
572 1.3010299956639813
577 1.0
608 1.0
615 1.4771212547196624
619 1.0
624 1.0
644 1.0
650 1.0
659 1.0
682 1.0
687 1.0
702 1.0
731 1.0
733 1.0
755 1.0
770 1.0
775 1.0
778 1.3010299956639813
779 1.0
797 1.0
826 1.0
845 1.0
857 1.3010299956639813
887 1.0
888 1.0
891 1.3010299956639813
894 1.3010299956639813
895 1.4771212547196624
924 1.0
933 1.0
939 1.0
945 1.0
956 1.0
963 1.0
996 1.0
1002 1.0
1019 1.0
1040 1.0
1072 1.3010299956639813
1078 1.0
1085 1.0
1125 1.0
1156 1.0
1202 1.3010299956639813
1213 1.0
1272 1.0
1279 1.0
1293 1.3010299956639813
1317 1.3010299956639813
