5 1.0
9 2.079181246047625
59 1.0
60 1.0
71 1.0
106 1.0
107 1.0
108 1.0
136 1.0
191 1.0
211 1.0
232 1.6020599913279625
265 2.4471580313422194
274 1.0
276 1.0
278 1.0
285 1.3010299956639813
314 1.0
327 1.3010299956639813
366 1.0
398 1.0
451 1.0
493 1.0
518 1.0
531 1.0
547 1.0
595 1.0
597 1.4771212547196624
598 1.4771212547196624
624 1.4771212547196624
639 1.0
657 1.0
669 1.4771212547196624
681 1.0
697 1.0
710 1.3010299956639813
721 1.0
756 1.0
761 1.3010299956639813
770 1.0
771 1.0
774 1.6989700043360187
783 2.1760912590556813
793 1.0
826 1.0
843 1.3010299956639813
845 1.0
851 1.3010299956639813
856 1.0
866 1.0
905 1.3010299956639813
907 1.0
914 1.4771212547196624
929 1.6020599913279625
940 1.0
950 1.3010299956639813
1015 1.0
1016 1.3010299956639813
1020 1.0
1025 1.6020599913279625
1047 1.0
1057 1.0
1058 1.0
1065 1.0
1066 1.0
1085 1.0
1099 1.0
1115 1.845098040014257
1116 1.845098040014257
1123 1.0
1129 1.3010299956639813
1130 1.3010299956639813
1139 1.0
1140 1.3010299956639813
1150 1.0
1160 1.0
1165 1.0
1173 1.3010299956639813
1182 1.6020599913279625
1192 1.6989700043360187
1197 1.0
1199 1.0
1204 1.0
1220 1.0
1221 1.0
1225 1.0
1242 1.0
1277 1.4771212547196624
1285 1.0
1288 1.0
1289 1.0
