28 1.0
30 1.0
40 1.0
41 1.0
58 1.3010299956639813
69 1.3010299956639813
75 1.0
103 1.3010299956639813
111 1.3010299956639813
117 1.0
165 1.3010299956639813
168 1.3010299956639813
174 1.0
176 1.0
179 1.0
186 1.0
187 1.6989700043360187
190 1.3010299956639813
193 2.361727836017593
199 1.3010299956639813
209 1.0
230 1.0
247 1.0
251 1.0
256 1.0
265 1.6989700043360187
266 1.3010299956639813
270 1.0
277 1.0
321 1.0
323 1.0
326 1.0
353 1.6989700043360187
382 1.4771212547196624
384 1.0
388 1.0
461 1.0
463 1.3010299956639813
464 1.0
472 1.845098040014257
475 1.3010299956639813
497 1.3010299956639813
498 1.4771212547196624
506 1.4771212547196624
535 1.0
543 1.6989700043360187
544 1.6989700043360187
573 1.3010299956639813
574 1.3010299956639813
577 1.0
584 1.3010299956639813
585 1.3010299956639813
589 2.079181246047625
594 1.0
596 1.0
608 1.3010299956639813
620 1.0
650 1.0
678 1.3010299956639813
679 1.0
687 1.0
690 1.0
693 1.3010299956639813
703 1.0
707 1.0
715 1.9542425094393248
717 1.0
742 1.4771212547196624
743 1.0
744 1.0
751 1.0
761 1.0
775 1.0
776 1.0
786 1.0
788 1.0
794 1.0
823 1.0
844 1.3010299956639813
845 2.0413926851582254
850 1.0
862 1.3010299956639813
866 1.3010299956639813
867 1.3010299956639813
889 1.0
890 1.0
895 1.7781512503836436
901 1.9030899869919435
903 1.0
914 1.0
919 1.0
921 1.0
928 1.0
951 1.0
993 1.0
998 1.4771212547196624
1001 1.3010299956639813
1009 1.3010299956639813
1016 1.0
1034 1.0
1037 1.3010299956639813
1059 1.9542425094393248
1068 1.0
1072 1.0
1081 1.4771212547196624
1089 1.3010299956639813
1097 1.0
1123 1.0
1126 1.0
1129 1.6020599913279625
1130 1.6020599913279625
1139 1.0
1140 1.3010299956639813
1149 1.3010299956639813
1150 1.4771212547196624
1151 1.3010299956639813
1152 1.6020599913279625
1153 1.3010299956639813
1173 1.0
1185 1.0
1218 1.3010299956639813
1224 1.0
1234 1.6989700043360187
1235 1.3010299956639813
1236 1.4771212547196624
1239 1.0
1242 1.0
1252 1.0
1260 1.0
1261 1.0
1265 1.6989700043360187
1266 1.3010299956639813
1272 1.6989700043360187
1274 1.3010299956639813
1277 1.6020599913279625
1283 1.3010299956639813
1298 1.6020599913279625
