17 1.0
51 1.6989700043360187
67 2.0
74 1.3010299956639813
75 1.0
89 1.9030899869919435
100 1.845098040014257
131 1.7781512503836436
138 1.0
144 1.6989700043360187
161 1.0
173 1.0
231 1.0
262 1.4771212547196624
287 2.0413926851582254
311 1.0
314 1.0
316 1.0
327 1.0
349 1.0
380 1.9030899869919435
388 1.4771212547196624
395 1.6020599913279625
460 1.0
470 1.0
485 1.0
489 1.0
514 1.0
516 1.0
522 1.0
580 1.0
622 1.7781512503836436
643 1.0
753 1.0
883 2.0413926851582254
889 1.0
890 1.0
994 1.0
996 1.0
1022 1.0
1101 1.6989700043360187
1160 1.3010299956639813
1162 1.3010299956639813
1167 1.0
1180 1.0
1196 1.0
1198 1.0
1234 1.0
1264 1.0
1303 1.0
