5 1.3010299956639813
6 1.0
9 1.0
15 1.0
18 1.4771212547196624
21 1.3010299956639813
25 1.0
34 1.3010299956639813
53 1.0
58 1.0
62 1.3010299956639813
68 1.0
75 1.0
80 1.0
94 1.3010299956639813
101 1.3010299956639813
104 1.0
110 1.0
111 1.0
117 1.3010299956639813
126 1.0
129 1.0
135 1.0
138 1.0
143 1.0
150 1.0
166 1.0
189 1.0
190 1.4771212547196624
191 1.0
199 1.0
215 1.0
219 1.0
220 1.0
222 1.0
236 1.3010299956639813
237 1.0
247 1.0
262 1.0
267 1.0
272 1.0
285 1.0
286 1.0
306 1.0
318 1.0
323 1.0
334 1.0
349 1.3010299956639813
364 1.6020599913279625
369 1.0
404 1.3010299956639813
416 1.0
418 1.3010299956639813
422 1.0
424 1.0
436 1.0
473 1.3010299956639813
488 1.0
493 1.0
497 1.0
499 1.0
501 1.0
507 1.0
508 1.0
534 1.845098040014257
537 1.0
546 1.0
550 1.0
576 1.0
586 1.4771212547196624
588 1.3010299956639813
615 1.0
637 1.0
640 1.0
669 1.0
677 1.0
686 1.0
688 1.0
690 1.0
692 1.0
706 1.0
728 1.0
735 1.0
750 1.0
813 1.0
850 1.0
855 1.0
864 1.0
866 1.0
875 1.6020599913279625
881 1.0
929 1.0
932 1.3010299956639813
1005 1.0
1008 1.0
1011 1.0
1012 1.0
1015 1.0
1016 1.0
1022 1.0
1047 1.0
1051 1.4771212547196624
1057 1.0
1058 1.0
1078 1.0
1094 1.0
1099 1.3010299956639813
1104 1.3010299956639813
1105 1.0
1106 1.0
1110 1.0
1111 1.0
1112 1.0
1115 1.3010299956639813
1116 1.3010299956639813
1126 1.0
1141 1.0
1142 1.0
1149 1.0
1150 1.0
1151 1.0
1154 1.0
1155 1.0
1156 1.0
1173 1.0
1184 1.0
1229 1.0
1241 1.0
1273 1.0
1277 1.0
1294 1.0
1317 1.0
