7 1.3010299956639813
174 1.0
208 1.0
214 1.0
233 1.0
247 1.0
253 1.0
261 1.4771212547196624
297 1.0
335 1.0
420 1.0
424 1.0
520 1.6020599913279625
522 1.0
539 1.3010299956639813
543 1.0
544 1.0
558 1.0
575 1.0
589 1.3010299956639813
615 1.0
642 1.0
644 1.0
646 1.0
647 1.0
654 1.0
694 1.0
736 1.3010299956639813
749 1.0
752 1.6020599913279625
758 1.0
796 1.0
811 1.3010299956639813
812 1.0
824 1.0
825 1.0
839 1.6020599913279625
840 1.6020599913279625
893 1.3010299956639813
902 1.0
918 1.3010299956639813
924 1.3010299956639813
939 1.6020599913279625
941 1.0
948 1.0
973 1.0
1038 1.0
1042 1.6989700043360187
1043 1.0
1061 1.0
1064 1.4771212547196624
1065 1.3010299956639813
1066 1.0
1070 1.3010299956639813
1078 1.0
1079 1.0
1104 1.3010299956639813
1110 1.0
1209 1.0
1314 1.0
