57 1.0
83 1.0
113 1.0
114 1.0
137 1.0
234 1.3010299956639813
253 1.0
264 1.6989700043360187
277 1.6020599913279625
297 1.4771212547196624
302 1.3010299956639813
304 1.0
306 1.0
314 1.0
316 1.0
340 1.0
343 1.0
356 1.0
367 1.0
375 1.3010299956639813
401 1.0
420 1.3010299956639813
421 1.0
440 1.0
454 1.3010299956639813
482 1.0
550 1.7781512503836436
557 1.6020599913279625
565 1.0
637 1.0
650 1.0
682 1.0
698 1.0
743 1.7781512503836436
747 1.0
760 1.0
761 1.4771212547196624
765 1.0
769 1.3010299956639813
837 1.0
845 1.0
861 1.0
893 1.0
895 1.3010299956639813
914 1.0
929 1.6989700043360187
942 1.6020599913279625
943 1.3010299956639813
944 1.3010299956639813
956 1.3010299956639813
963 1.3010299956639813
994 1.0
996 1.0
999 1.3010299956639813
1007 1.0
1032 1.0
1043 1.0
1065 1.0
1079 1.0
1085 1.0
1086 1.7781512503836436
1090 1.0
1167 1.0
1170 1.0
1172 1.3010299956639813
1180 1.0
1191 1.0
1273 1.0
