28 1.0
29 1.6020599913279625
54 1.0
61 1.0
75 1.3010299956639813
83 1.4771212547196624
102 1.0
107 1.0
111 1.0
194 1.3010299956639813
200 1.0
201 1.0
208 1.0
214 1.3010299956639813
217 1.0
218 1.0
220 1.3010299956639813
223 1.6989700043360187
225 1.0
226 1.0
228 1.4771212547196624
231 1.0
234 1.4771212547196624
238 1.3010299956639813
241 1.0
244 1.0
253 2.0413926851582254
256 1.3010299956639813
265 1.0
272 1.3010299956639813
273 1.6989700043360187
275 1.0
276 1.0
277 1.6989700043360187
278 1.0
297 1.3010299956639813
305 1.4771212547196624
310 1.0
314 1.3010299956639813
329 1.3010299956639813
330 1.0
337 1.0
350 1.0
351 1.4771212547196624
361 1.0
398 1.0
403 1.0
408 1.0
409 1.0
417 1.3010299956639813
420 1.7781512503836436
427 1.0
433 1.0
441 1.0
453 1.0
454 1.0
473 1.3010299956639813
476 1.0
480 1.0
481 1.3010299956639813
485 1.0
490 1.3010299956639813
493 1.0
496 1.6989700043360187
500 1.0
501 1.0
512 1.0
522 1.4771212547196624
533 1.3010299956639813
537 1.0
539 1.3010299956639813
549 1.0
550 1.3010299956639813
565 1.4771212547196624
567 1.3010299956639813
570 1.3010299956639813
572 1.6020599913279625
576 1.0
581 1.6020599913279625
587 2.0413926851582254
591 1.0
599 1.4771212547196624
601 1.6989700043360187
615 1.0
631 1.6989700043360187
637 1.3010299956639813
649 1.0
651 1.0
653 1.3010299956639813
658 1.0
664 1.0
674 1.0
675 1.0
676 1.0
679 1.7781512503836436
681 1.4771212547196624
685 1.3010299956639813
686 1.3010299956639813
688 1.4771212547196624
692 1.0
693 1.0
694 1.6020599913279625
710 1.0
714 1.7781512503836436
718 1.3010299956639813
720 1.0
722 1.0
723 1.0
731 1.0
739 1.0
748 1.0
749 1.3010299956639813
761 1.9542425094393248
765 1.0
769 1.6020599913279625
770 1.3010299956639813
771 1.0
772 1.3010299956639813
786 1.0
790 1.3010299956639813
797 1.3010299956639813
812 1.0
820 1.6020599913279625
826 1.0
837 1.0
844 1.0
847 1.0
851 1.4771212547196624
855 1.0
864 1.0
870 1.845098040014257
885 1.0
893 1.7781512503836436
895 1.3010299956639813
897 1.0
914 1.3010299956639813
918 1.0
922 1.845098040014257
926 1.0
929 1.4771212547196624
943 1.6020599913279625
944 1.6020599913279625
954 1.3010299956639813
960 1.0
982 1.0
988 1.3010299956639813
996 1.6020599913279625
1010 1.6020599913279625
1013 1.4771212547196624
1022 1.0
1029 1.0
1032 1.3010299956639813
1045 1.0
1062 1.3010299956639813
1065 1.6020599913279625
1068 1.7781512503836436
1079 1.6020599913279625
1086 1.9542425094393248
1088 1.6020599913279625
1090 1.0
1091 1.0
1092 1.0
1096 1.3010299956639813
1109 1.0
1117 1.3010299956639813
1118 1.3010299956639813
1122 1.0
1123 1.7781512503836436
1129 1.0
1130 1.0
1133 1.0
1134 1.0
1137 1.3010299956639813
1138 1.3010299956639813
1139 1.9542425094393248
1140 1.9542425094393248
1141 1.4771212547196624
1142 1.4771212547196624
1143 1.3010299956639813
1144 1.3010299956639813
1145 1.3010299956639813
1146 1.3010299956639813
1147 1.0
1148 1.0
1166 1.3010299956639813
1186 1.4771212547196624
1190 1.0
1191 1.3010299956639813
1195 1.0
1204 1.0
1237 1.0
1254 1.0
1255 1.0
1263 1.3010299956639813
1267 1.0
1285 1.0
1286 1.0
1307 1.3010299956639813
1322 1.0
