0 1.0
1 1.0
5 1.0
19 1.0
21 1.3010299956639813
28 1.0
29 1.0
32 1.6989700043360187
54 1.3010299956639813
59 1.0
60 1.0
61 1.0
62 1.0
63 1.0
66 1.0
68 1.0
74 1.3010299956639813
75 1.4771212547196624
84 1.0
94 1.0
107 1.6020599913279625
111 1.0
125 1.0
127 1.3010299956639813
132 1.0
135 1.0
139 1.0
152 1.3010299956639813
157 1.3010299956639813
163 1.6020599913279625
174 1.3010299956639813
175 1.0
176 2.0413926851582254
180 1.3010299956639813
184 1.0
185 1.0
190 1.6989700043360187
200 1.3010299956639813
201 1.3010299956639813
202 1.3010299956639813
204 1.0
207 1.9030899869919435
214 1.0
230 1.4771212547196624
232 1.0
236 1.0
241 1.0
247 1.4771212547196624
253 1.6989700043360187
261 1.4771212547196624
265 1.3010299956639813
269 1.4771212547196624
272 1.6020599913279625
273 1.6989700043360187
274 1.0
284 1.0
293 1.0
300 1.4771212547196624
302 1.0
305 1.845098040014257
310 1.3010299956639813
327 1.0
329 1.0
333 1.4771212547196624
335 1.0
340 1.0
350 1.0
351 1.6020599913279625
352 1.4771212547196624
359 2.0413926851582254
373 1.0
375 1.0
376 1.6020599913279625
387 1.6989700043360187
398 1.0
399 1.3010299956639813
400 1.0
401 1.3010299956639813
408 1.3010299956639813
410 1.0
417 1.4771212547196624
424 1.0
429 1.0
432 1.845098040014257
433 1.7781512503836436
434 1.0
449 1.4771212547196624
450 1.6989700043360187
453 1.3010299956639813
467 1.0
472 1.0
487 1.0
495 1.3010299956639813
496 1.3010299956639813
501 1.3010299956639813
504 1.0
505 1.0
515 1.0
517 1.4771212547196624
518 1.0
523 1.0
535 1.3010299956639813
537 1.0
539 1.4771212547196624
540 1.3010299956639813
543 1.3010299956639813
544 1.3010299956639813
548 1.3010299956639813
550 1.0
556 1.4771212547196624
558 1.3010299956639813
561 1.0
565 1.6020599913279625
566 1.6989700043360187
568 1.0
569 1.0
570 1.4771212547196624
571 2.0
573 1.3010299956639813
574 1.3010299956639813
575 1.7781512503836436
576 1.6020599913279625
593 1.3010299956639813
595 1.0
596 1.3010299956639813
597 1.3010299956639813
598 1.3010299956639813
602 1.0
603 1.0
605 1.0
606 1.0
608 1.3010299956639813
611 1.0
613 1.0
615 1.0
616 1.4771212547196624
618 1.0
622 1.3010299956639813
625 1.6989700043360187
626 1.0
627 1.3010299956639813
630 1.0
633 1.3010299956639813
640 1.0
642 1.0
644 1.0
645 1.4771212547196624
648 1.9542425094393248
651 1.9030899869919435
653 1.0
655 1.0
664 1.0
674 1.4771212547196624
675 1.4771212547196624
677 1.0
678 1.0
682 1.0
688 1.0
689 1.0
690 1.0
692 1.4771212547196624
694 1.3010299956639813
696 1.3010299956639813
702 1.3010299956639813
711 1.0
712 1.0
713 1.3010299956639813
717 1.0
720 1.0
721 1.0
724 1.3010299956639813
725 1.0
735 1.0
737 1.3010299956639813
740 1.3010299956639813
746 1.0
748 1.7781512503836436
749 1.0
751 1.0
761 1.0
764 1.6989700043360187
765 1.4771212547196624
766 1.0
767 1.4771212547196624
769 1.0
770 1.0
771 1.3010299956639813
777 1.0
779 1.6989700043360187
780 1.0
783 1.6020599913279625
801 1.0
804 1.0
807 1.0
808 1.0
809 1.4771212547196624
816 1.0
824 1.6989700043360187
825 1.6989700043360187
838 1.4771212547196624
839 1.3010299956639813
840 1.3010299956639813
843 1.6989700043360187
845 1.0
848 1.0
849 1.3010299956639813
851 1.0
852 1.0
855 1.0
862 1.0
870 1.3010299956639813
877 1.3010299956639813
878 1.0
887 1.6020599913279625
889 1.3010299956639813
890 1.3010299956639813
893 1.3010299956639813
895 1.3010299956639813
896 1.4771212547196624
897 1.4771212547196624
902 1.6020599913279625
904 1.0
910 1.0
915 1.0
918 1.0
922 1.0
924 1.845098040014257
928 1.3010299956639813
929 1.0
930 1.3010299956639813
935 1.0
936 1.0
939 1.0
940 1.7781512503836436
948 1.6020599913279625
952 1.0
959 1.0
963 1.9030899869919435
964 1.845098040014257
971 1.6989700043360187
972 1.0
978 1.0
979 1.6989700043360187
980 1.0
982 1.6989700043360187
984 1.7781512503836436
989 1.7781512503836436
990 1.6989700043360187
991 1.0
993 1.0
994 1.0
1000 1.0
1002 1.3010299956639813
1006 1.0
1008 1.0
1019 1.0
1027 1.0
1028 1.0
1029 1.0
1034 1.3010299956639813
1035 1.0
1036 1.9542425094393248
1037 1.3010299956639813
1040 1.0
1043 1.3010299956639813
1046 1.0
1061 1.0
1064 1.4771212547196624
1065 1.0
1068 1.0
1070 1.3010299956639813
1072 1.0
1078 1.0
1079 1.6989700043360187
1080 1.4771212547196624
1086 1.0
1091 1.0
1092 1.0
1096 1.0
1104 1.0
1105 1.0
1106 1.0
1109 1.0
1123 1.0
1139 1.0
1140 1.3010299956639813
1151 1.0
1159 1.0
1160 1.0
1162 1.0
1168 1.0
1173 1.6020599913279625
1175 1.4771212547196624
1185 1.0
1189 1.0
1190 1.0
1193 1.0
1198 1.0
1201 1.0
1202 1.4771212547196624
1206 1.0
1220 1.0
1221 1.3010299956639813
1226 1.0
1227 1.3010299956639813
1228 1.4771212547196624
1230 1.9030899869919435
1232 1.7781512503836436
1235 1.0
1238 1.0
1239 1.0
1258 1.0
1264 1.0
1266 1.9542425094393248
1274 1.3010299956639813
1276 1.7781512503836436
1292 1.0
1306 1.0
1322 1.3010299956639813
1324 1.0
