18 1.0
43 1.0
58 1.0
62 1.0
76 1.0
77 1.0
84 1.0
94 1.0
132 1.0
135 1.0
149 1.0
158 1.0
179 1.0
187 1.0
220 1.0
222 1.3010299956639813
234 1.0
251 1.0
270 1.3010299956639813
292 1.0
299 1.0
302 1.3010299956639813
315 1.0
327 1.0
344 1.0
363 1.0
431 1.0
443 1.0
462 1.3010299956639813
468 1.0
554 1.0
564 1.0
578 1.0
629 1.0
650 1.0
656 1.0
681 1.0
685 1.0
689 1.0
693 1.0
698 1.0
699 1.0
703 1.3010299956639813
708 1.6989700043360187
712 1.0
721 1.0
725 1.3010299956639813
740 1.0
771 1.0
779 1.3010299956639813
790 1.0
802 1.0
803 1.0
846 1.0
868 1.0
869 1.0
872 1.0
889 1.0
890 1.0
895 1.0
901 1.0
906 1.3010299956639813
932 1.0
945 1.0
963 1.0
1033 1.0
1036 1.0
1049 1.4771212547196624
1052 1.3010299956639813
1060 1.0
1072 1.0
1073 1.0
1074 1.0
1075 1.0
1078 1.0
1087 1.0
1105 1.0
1106 1.0
1123 1.0
1127 1.0
1128 1.0
1129 1.0
1130 1.0
1139 1.0
1140 1.0
1147 1.0
1148 1.0
1164 1.3010299956639813
1173 1.0
1183 1.0
1184 1.0
1214 1.0
1222 1.0
1228 1.0
1254 1.0
1259 1.0
1266 1.0
1280 1.0
1293 1.0
1297 1.0
1300 1.0
