5 1.0
17 1.3010299956639813
24 1.0
54 1.0
81 1.6989700043360187
82 1.4771212547196624
131 1.0
148 1.0
229 1.0
259 1.0
265 1.3010299956639813
268 1.6989700043360187
274 1.0
297 1.0
298 1.3010299956639813
350 1.0
368 1.0
386 1.3010299956639813
400 1.3010299956639813
434 1.0
454 1.3010299956639813
467 1.0
469 1.0
474 1.0
481 1.3010299956639813
489 1.0
494 1.0
496 1.0
498 1.0
511 1.0
517 1.0
518 1.0
523 1.0
540 1.0
541 1.0
543 1.0
544 1.0
565 1.0
575 1.0
577 1.0
584 1.0
585 1.0
588 1.3010299956639813
591 1.0
608 1.3010299956639813
615 1.4771212547196624
624 1.0
637 1.0
651 1.0
658 1.0
667 1.0
678 1.0
682 1.0
687 1.0
699 1.0
703 1.0
715 1.0
749 1.0
771 1.6020599913279625
774 1.0
783 1.0
787 1.4771212547196624
795 1.4771212547196624
821 1.3010299956639813
851 1.0
852 1.0
878 1.0
893 1.4771212547196624
896 1.0
906 1.0
911 1.0
918 1.0
924 1.0
939 1.3010299956639813
948 1.0
950 1.0
962 1.0
974 1.0
988 1.3010299956639813
1019 1.0
1034 1.0
1062 1.0
1065 1.3010299956639813
1074 1.0
1075 1.0
1085 1.0
1092 1.3010299956639813
1107 1.0
1109 1.3010299956639813
1127 1.0
1128 1.0
1129 1.3010299956639813
1130 1.3010299956639813
1133 1.0
1134 1.0
1172 1.0
1177 1.0
1219 1.0
1228 1.0
1248 1.0
1257 1.0
1279 1.0
1285 1.6989700043360187
1289 1.0
1290 1.0
1304 1.6989700043360187
1311 1.3010299956639813
1322 1.0
