28 1.0
32 1.3010299956639813
34 1.0
68 1.0
72 1.0
94 1.0
115 1.0
127 1.3010299956639813
158 1.0
176 1.3010299956639813
190 1.6020599913279625
216 1.0
244 1.0
247 1.3010299956639813
253 1.0
261 1.0
265 1.6020599913279625
310 1.0
329 1.0
340 1.0
354 1.845098040014257
361 1.0
369 1.0
407 1.0
409 1.3010299956639813
457 1.0
487 1.4771212547196624
489 1.0
496 1.6020599913279625
500 1.0
501 1.6020599913279625
506 1.3010299956639813
535 1.0
540 1.0
541 1.4771212547196624
543 1.0
544 1.0
555 1.0
566 1.0
568 1.0
569 1.0
575 1.0
586 1.0
592 1.3010299956639813
597 1.0
598 1.0
601 1.0
622 1.0
661 1.3010299956639813
667 1.0
677 1.0
680 1.0
682 1.0
686 1.3010299956639813
690 1.3010299956639813
692 1.0
693 1.6020599913279625
703 1.0
710 1.0
714 1.3010299956639813
772 1.0
786 1.0
807 1.0
820 1.0
851 1.4771212547196624
853 1.0
855 1.0
868 1.7781512503836436
869 1.7781512503836436
893 1.6020599913279625
895 1.0
902 1.0
914 1.3010299956639813
926 1.0
946 1.0
954 1.3010299956639813
963 1.3010299956639813
964 1.3010299956639813
1019 1.0
1020 1.0
1055 1.0
1065 1.3010299956639813
1070 1.0
1096 1.6020599913279625
1117 1.7781512503836436
1118 1.7781512503836436
1119 1.3010299956639813
1152 1.0
1182 1.0
1186 1.3010299956639813
1226 1.0
1229 1.0
1243 1.0
1250 1.0
1251 1.3010299956639813
1259 1.0
1293 1.0
1296 1.0
