2 1.9030899869919435
33 1.0
41 1.0
47 1.0
54 1.0
69 1.0
77 1.3010299956639813
86 1.7781512503836436
88 1.7781512503836436
92 1.0
96 1.0
97 1.0
101 1.0
104 1.3010299956639813
107 1.7781512503836436
110 1.0
121 1.0
128 1.0
132 1.0
139 1.0
142 1.6989700043360187
152 1.4771212547196624
160 1.0
162 1.0
176 1.0
182 1.0
185 1.6020599913279625
190 1.3010299956639813
209 1.0
214 1.0
230 1.6020599913279625
236 1.0
251 1.3010299956639813
256 1.0
263 1.0
266 1.0
270 1.0
275 1.0
301 1.0
302 1.0
307 1.0
316 1.3010299956639813
319 1.0
322 1.0
324 1.0
327 1.3010299956639813
346 1.3010299956639813
350 1.0
351 1.3010299956639813
354 1.6989700043360187
364 1.6989700043360187
374 1.0
388 1.3010299956639813
402 1.0
403 1.0
409 1.0
411 1.3010299956639813
419 1.0
432 1.0
442 1.0
454 1.0
455 1.0
474 1.0
487 1.0
492 1.3010299956639813
493 1.0
498 1.3010299956639813
499 1.0
501 1.0
503 1.0
506 1.0
537 1.0
541 1.0
545 1.0
554 1.0
556 1.0
576 1.0
577 1.0
592 1.0
595 1.3010299956639813
605 1.3010299956639813
606 1.3010299956639813
624 1.6989700043360187
626 1.0
627 1.3010299956639813
631 1.0
640 1.0
641 1.0
648 1.4771212547196624
650 1.0
657 1.4771212547196624
661 1.0
669 1.0
670 1.3010299956639813
671 1.3010299956639813
676 1.0
678 1.3010299956639813
686 1.0
697 1.3010299956639813
706 1.0
709 1.0
724 1.0
728 1.0
733 1.4771212547196624
747 1.0
754 1.9542425094393248
755 1.7781512503836436
756 1.0
757 1.0
774 1.0
790 1.0
794 1.0
802 1.3010299956639813
803 1.3010299956639813
811 1.0
815 1.0
822 1.0
829 1.0
836 1.3010299956639813
845 1.3010299956639813
850 1.0
862 1.3010299956639813
866 1.9030899869919435
868 1.6020599913279625
869 1.6020599913279625
871 1.0
893 1.0
897 1.0
903 1.0
906 1.4771212547196624
920 1.0
930 1.0
954 1.0
956 1.0
963 1.0
964 1.0
996 1.3010299956639813
1006 1.0
1028 1.0
1032 1.3010299956639813
1038 1.0
1060 1.0
1063 1.0
1064 1.6020599913279625
1065 1.0
1072 1.3010299956639813
1076 1.0
1077 1.0
1085 1.3010299956639813
1089 1.7781512503836436
1096 1.4771212547196624
1097 1.0
1104 1.0
1105 1.3010299956639813
1106 1.3010299956639813
1107 1.3010299956639813
1109 1.0
1119 1.0
1124 1.0
1127 1.0
1128 1.0
1139 1.3010299956639813
1140 1.3010299956639813
1149 1.0
1150 1.0
1170 1.0
1173 1.0
1177 1.0
1199 1.0
1203 1.0
1204 1.845098040014257
1207 1.0
1212 1.0
1221 2.079181246047625
1230 1.0
1231 1.0
1233 1.3010299956639813
1238 1.0
1239 1.0
1241 1.3010299956639813
1251 1.0
1265 1.3010299956639813
1266 1.0
1277 1.3010299956639813
