5 1.0
14 1.0
31 1.0
32 1.0
41 1.0
47 1.3010299956639813
48 1.0
49 1.0
88 1.0
90 1.0
93 1.0
100 1.3010299956639813
103 1.0
118 1.0
122 1.3010299956639813
130 1.0
132 1.0
155 1.0
175 1.4771212547196624
180 1.0
182 1.0
185 1.4771212547196624
194 1.3010299956639813
196 1.3010299956639813
202 1.4771212547196624
209 1.0
211 1.0
220 1.3010299956639813
222 1.4771212547196624
223 1.3010299956639813
229 1.0
233 1.0
244 1.0
247 1.4771212547196624
248 1.0
261 1.4771212547196624
272 1.0
274 1.3010299956639813
280 1.9542425094393248
293 1.3010299956639813
310 1.0
314 1.0
329 1.0
330 1.3010299956639813
351 1.6020599913279625
356 1.0
374 1.6020599913279625
386 1.0
390 1.0
392 1.4771212547196624
398 1.3010299956639813
399 1.4771212547196624
400 1.0
402 1.0
405 1.6020599913279625
409 1.3010299956639813
417 1.0
421 1.7781512503836436
424 1.0
427 1.0
429 1.0
432 1.0
434 1.0
440 1.0
449 1.0
452 1.0
453 1.0
454 1.0
455 1.0
463 1.0
473 1.0
485 1.0
487 1.0
493 1.0
497 1.0
498 1.0
504 1.7781512503836436
506 1.3010299956639813
522 1.0
523 1.0
528 1.0
539 1.0
540 1.3010299956639813
541 1.0
543 1.4771212547196624
544 1.4771212547196624
545 1.0
546 1.0
550 1.6020599913279625
556 1.0
558 1.0
573 1.0
574 1.0
581 1.3010299956639813
584 1.0
585 1.0
588 1.3010299956639813
590 1.3010299956639813
592 1.3010299956639813
608 1.4771212547196624
611 1.0
613 1.9030899869919435
622 1.3010299956639813
624 1.0
626 1.0
631 1.0
642 1.0
643 1.0
644 1.0
652 1.0
655 1.3010299956639813
658 1.0
664 1.0
668 1.0
679 1.0
681 1.0
682 1.0
685 1.0
688 1.3010299956639813
694 1.0
710 1.0
720 1.0
721 1.0
739 1.0
741 1.3010299956639813
742 1.0
743 1.0
746 1.0
757 1.0
764 1.0
765 1.0
768 1.0
769 1.3010299956639813
770 1.0
779 1.0
788 1.3010299956639813
795 1.6020599913279625
802 1.3010299956639813
803 1.3010299956639813
811 1.0
812 1.0
824 1.0
825 1.0
837 1.3010299956639813
839 1.0
840 1.0
845 1.3010299956639813
846 1.0
849 1.0
851 1.3010299956639813
854 1.4771212547196624
855 1.0
864 1.0
868 1.4771212547196624
869 1.4771212547196624
870 1.0
871 1.0
881 1.0
893 1.0
895 1.3010299956639813
896 1.3010299956639813
904 1.0
914 1.0
918 1.0
929 1.6020599913279625
939 1.0
940 1.0
943 1.3010299956639813
944 1.3010299956639813
954 1.0
971 1.4771212547196624
984 1.3010299956639813
988 1.3010299956639813
1000 1.0
1013 1.0
1034 1.6020599913279625
1036 1.3010299956639813
1037 1.0
1038 1.0
1039 1.0
1042 1.0
1043 1.4771212547196624
1064 1.0
1071 1.0
1072 1.3010299956639813
1089 1.0
1095 1.0
1109 1.0
1113 1.3010299956639813
1121 1.0
1125 1.0
1131 1.3010299956639813
1132 1.3010299956639813
1194 1.4771212547196624
1201 1.0
1202 1.0
1209 1.0
1211 1.0
1222 1.3010299956639813
1224 1.0
1226 1.0
1235 1.0
1244 1.0
1245 1.0
1248 1.0
1254 1.0
1259 1.3010299956639813
1272 1.0
1289 1.3010299956639813
1298 1.0
1301 1.0
1304 1.3010299956639813
1306 1.7781512503836436
