3 1.0
26 1.0
38 1.0
41 1.0
45 1.0
46 1.3010299956639813
58 1.0
65 1.0
66 1.0
71 1.0
72 1.0
88 1.0
96 1.4771212547196624
97 1.0
100 1.0
102 1.0
103 1.0
116 1.0
121 1.3010299956639813
123 1.3010299956639813
124 1.3010299956639813
127 1.0
132 1.0
135 1.0
137 1.0
140 1.0
141 1.0
146 1.0
149 1.3010299956639813
157 1.0
161 1.0
189 1.4771212547196624
226 1.0
232 1.0
233 1.0
234 1.0
261 1.0
273 1.0
275 1.0
277 1.0
279 1.0
280 1.0
281 1.0
288 1.3010299956639813
289 1.6989700043360187
293 1.0
297 1.0
305 1.3010299956639813
309 1.6989700043360187
314 1.0
321 1.0
325 1.0
331 1.3010299956639813
332 1.3010299956639813
336 1.0
341 1.4771212547196624
350 1.0
351 1.0
353 1.0
358 1.3010299956639813
374 1.0
396 1.0
398 1.4771212547196624
401 1.0
408 1.3010299956639813
413 1.0
417 1.3010299956639813
419 1.0
420 1.0
421 1.0
422 1.0
429 1.0
434 1.0
439 1.3010299956639813
449 1.0
454 1.0
458 1.0
468 1.0
494 1.0
496 1.0
497 1.3010299956639813
499 1.0
501 1.0
523 1.3010299956639813
525 1.0
526 1.6020599913279625
531 1.0
532 1.0
539 1.0
541 1.9030899869919435
555 1.0
559 1.0
565 1.0
568 1.0
569 1.0
570 1.3010299956639813
572 1.0
575 1.0
576 1.0
577 1.3010299956639813
578 1.0
580 1.3010299956639813
586 1.6020599913279625
589 1.0
593 1.0
596 1.3010299956639813
609 1.0
610 1.0
622 1.0
625 1.0
634 1.0
648 1.0
653 1.0
656 1.0
669 1.3010299956639813
684 1.0
692 1.0
694 1.0
696 1.0
701 1.0
709 1.0
713 1.0
715 1.0
725 1.0
730 1.0
733 1.0
736 1.3010299956639813
739 1.0
742 1.0
748 1.0
761 1.0
769 1.3010299956639813
772 1.3010299956639813
787 1.0
794 1.0
795 1.0
801 1.0
807 1.0
819 1.0
821 1.0
831 1.3010299956639813
842 1.3010299956639813
851 1.0
855 1.3010299956639813
866 1.0
868 1.0
869 1.0
879 1.0
884 1.3010299956639813
886 1.0
898 1.0
904 1.0
906 1.0
911 1.0
922 1.4771212547196624
924 1.0
929 1.4771212547196624
932 1.0
935 1.0
941 1.0
951 1.0
954 1.0
959 1.0
967 1.0
996 1.0
1000 1.6989700043360187
1002 1.0
1003 1.4771212547196624
1013 1.4771212547196624
1020 1.0
1052 1.3010299956639813
1055 1.3010299956639813
1061 1.0
1062 1.0
1068 1.0
1072 1.4771212547196624
1073 1.3010299956639813
1083 1.0
1095 1.3010299956639813
1104 1.0
1109 1.0
1113 1.3010299956639813
1117 1.4771212547196624
1118 1.4771212547196624
1127 1.3010299956639813
1128 1.3010299956639813
1139 1.0
1140 1.0
1149 1.4771212547196624
1150 1.4771212547196624
1153 1.0
1156 1.0
1160 1.0
1167 1.0
1185 1.4771212547196624
1186 1.6020599913279625
1202 1.0
1223 1.0
1224 1.0
1231 1.0
1234 1.0
1237 1.0
1243 1.0
1259 1.3010299956639813
1262 1.3010299956639813
1274 1.0
1276 1.0
1277 1.0
1283 1.0
1291 1.0
1303 1.0
1316 1.0
1321 1.3010299956639813
1322 1.0
1323 1.0
