34 1.3010299956639813
55 1.9030899869919435
61 1.0
64 1.0
65 1.3010299956639813
118 1.3010299956639813
121 1.4771212547196624
127 1.3010299956639813
135 1.3010299956639813
136 1.0
139 1.4771212547196624
145 1.0
165 1.0
179 1.0
185 1.6020599913279625
242 1.4771212547196624
253 1.0
256 1.0
275 1.3010299956639813
279 2.079181246047625
289 1.7781512503836436
290 1.3010299956639813
314 1.7781512503836436
342 1.0
346 1.0
355 1.0
374 1.845098040014257
449 1.4771212547196624
456 1.0
457 1.3010299956639813
482 1.0
487 1.6020599913279625
496 1.3010299956639813
497 1.6989700043360187
498 1.3010299956639813
500 1.0
528 1.3010299956639813
541 2.0
584 1.3010299956639813
585 1.3010299956639813
587 1.0
592 1.4771212547196624
602 1.0
603 1.0
612 1.0
638 1.0
640 1.6989700043360187
644 1.6020599913279625
656 1.845098040014257
657 1.0
667 1.0
669 1.4771212547196624
670 1.0
671 1.3010299956639813
683 1.0
690 1.9030899869919435
692 1.3010299956639813
695 1.0
696 1.3010299956639813
697 1.0
721 1.3010299956639813
723 1.3010299956639813
744 1.0
764 1.3010299956639813
793 1.0
795 1.7781512503836436
802 1.4771212547196624
803 1.4771212547196624
823 1.4771212547196624
829 1.0
838 1.9542425094393248
839 1.3010299956639813
840 1.3010299956639813
845 1.6020599913279625
868 1.7781512503836436
869 1.7781512503836436
871 1.3010299956639813
889 1.7781512503836436
890 1.7781512503836436
893 1.7781512503836436
904 1.4771212547196624
906 1.3010299956639813
922 1.6989700043360187
951 1.3010299956639813
952 1.3010299956639813
1031 1.0
1054 1.3010299956639813
1065 1.4771212547196624
1072 1.7781512503836436
1093 1.0
1095 1.7781512503836436
1097 1.0
1127 1.4771212547196624
1128 1.4771212547196624
1151 1.0
1159 1.0
1204 1.0
1205 1.0
1218 1.6020599913279625
1242 1.3010299956639813
1244 1.3010299956639813
1255 1.0
1258 1.0
1268 1.3010299956639813
1273 1.0
