18 1.3010299956639813
21 1.0
43 1.0
49 1.3010299956639813
52 1.3010299956639813
71 1.0
72 1.0
100 1.0
103 1.0
104 1.0
107 1.0
117 1.3010299956639813
120 1.0
122 1.0
150 1.0
168 1.0
171 1.3010299956639813
179 1.3010299956639813
180 1.845098040014257
185 1.3010299956639813
190 1.0
191 1.0
193 1.6989700043360187
207 1.4771212547196624
209 1.0
210 1.0
211 1.0
213 1.3010299956639813
215 1.0
218 1.0
220 1.3010299956639813
221 1.0
228 1.0
230 1.0
231 1.3010299956639813
236 1.3010299956639813
237 1.3010299956639813
243 1.0
250 1.0
251 1.3010299956639813
259 1.0
268 2.3979400086720375
270 1.0
271 1.3010299956639813
272 1.0
274 1.0
276 1.4771212547196624
283 1.0
294 1.4771212547196624
298 1.0
313 1.0
315 1.0
341 1.4771212547196624
344 1.0
346 1.3010299956639813
349 1.3010299956639813
350 1.4771212547196624
359 1.0
370 1.0
388 1.3010299956639813
390 1.0
391 1.0
400 1.4771212547196624
404 1.3010299956639813
406 1.3010299956639813
442 1.0
450 1.0
452 1.0
462 1.0
467 1.0
473 1.4771212547196624
507 1.0
517 1.0
525 1.0
533 1.3010299956639813
534 1.4771212547196624
541 1.0
545 1.0
546 1.0
551 1.0
558 1.0
560 2.0
568 1.0
569 1.0
571 1.0
584 1.3010299956639813
585 1.3010299956639813
586 1.0
587 1.3010299956639813
588 1.9030899869919435
592 1.0
593 1.0
599 1.0
602 1.0
603 1.0
604 1.3010299956639813
614 1.0
625 1.4771212547196624
637 1.3010299956639813
640 1.0
642 1.0
676 1.0
677 1.0
689 1.0
692 1.0
698 1.0
720 1.0
763 1.0
764 1.0
768 1.0
779 1.0
794 1.0
811 1.0
824 1.3010299956639813
825 1.3010299956639813
850 1.0
851 1.3010299956639813
864 1.3010299956639813
868 1.3010299956639813
869 1.3010299956639813
872 1.0
882 1.0
885 1.3010299956639813
895 1.0
903 1.0
906 1.4771212547196624
911 1.3010299956639813
919 1.0
929 1.0
942 1.6989700043360187
968 1.0
1014 1.3010299956639813
1024 1.6020599913279625
1036 1.3010299956639813
1054 1.0
1055 1.0
1064 1.0
1068 1.0
1072 1.0
1084 1.0
1096 1.3010299956639813
1097 1.0
1103 1.0
1104 1.0
1129 1.4771212547196624
1130 1.4771212547196624
1157 1.0
1159 2.146128035678238
1162 1.0
1174 1.0
1181 1.0
1185 1.0
1190 1.0
1195 1.0
1204 1.0
1228 1.0
1236 1.0
1239 1.0
1242 1.3010299956639813
1256 1.0
1262 1.0
1265 1.0
1266 1.0
1272 1.0
1274 1.0
1277 1.4771212547196624
1279 1.3010299956639813
1294 1.0
1298 1.3010299956639813
1304 1.0
