0 1.0
15 1.3010299956639813
41 1.0
61 1.0
76 1.0
100 1.0
121 1.6989700043360187
232 1.0
255 1.0
273 1.0
293 1.0
301 1.3010299956639813
302 1.0
420 1.0
518 1.0
589 1.0
599 1.0
617 1.6989700043360187
622 1.0
627 1.0
639 1.3010299956639813
741 1.0
761 1.0
814 1.0
817 1.3010299956639813
818 1.3010299956639813
901 1.0
912 1.4771212547196624
941 1.0
955 1.4771212547196624
1007 1.3010299956639813
1028 1.0
1043 1.0
1065 1.0
1066 1.0
1074 1.0
1075 1.0
1076 1.0
1119 1.0
1209 1.0
1211 1.0
1242 1.3010299956639813
1324 1.0
