2 1.0
3 1.4771212547196624
5 1.0
10 1.0
15 1.4771212547196624
16 1.3010299956639813
17 1.3010299956639813
18 1.0
21 1.3010299956639813
29 1.0
30 1.0
32 1.3010299956639813
34 1.0
35 1.3010299956639813
37 1.4771212547196624
40 1.3010299956639813
43 1.0
44 1.7781512503836436
48 1.0
51 1.4771212547196624
57 1.0
63 1.0
65 1.4771212547196624
75 1.4771212547196624
76 1.0
84 1.4771212547196624
89 1.0
90 1.4771212547196624
91 1.0
100 1.0
102 1.0
104 1.3010299956639813
111 1.0
115 1.0
116 1.3010299956639813
118 1.4771212547196624
121 1.3010299956639813
123 1.0
124 1.0
129 1.0
135 1.0
142 1.0
143 1.4771212547196624
148 1.3010299956639813
155 1.0
160 1.9030899869919435
162 1.3010299956639813
174 1.0
177 1.0
181 1.0
183 1.0
195 1.0
200 1.3010299956639813
201 1.3010299956639813
208 1.3010299956639813
213 1.0
216 1.0
219 1.0
220 1.4771212547196624
223 1.0
226 1.3010299956639813
232 1.0
241 1.0
242 1.0
247 1.9030899869919435
251 1.0
253 1.3010299956639813
261 1.0
265 1.4771212547196624
270 1.0
273 1.4771212547196624
274 1.9542425094393248
275 1.0
276 1.0
277 1.6020599913279625
280 1.3010299956639813
281 1.0
284 1.0
286 1.9030899869919435
289 2.255272505103306
293 1.0
297 2.1760912590556813
302 1.3010299956639813
305 1.3010299956639813
311 1.3010299956639813
312 1.0
314 1.4771212547196624
319 1.4771212547196624
321 1.6989700043360187
326 1.3010299956639813
327 1.4771212547196624
329 1.9030899869919435
332 1.0
335 1.3010299956639813
337 1.0
342 1.6020599913279625
344 1.4771212547196624
345 1.4771212547196624
350 1.4771212547196624
351 1.6020599913279625
352 1.3010299956639813
353 1.0
356 1.3010299956639813
357 1.4771212547196624
373 1.0
374 1.0
380 1.0
382 1.3010299956639813
383 1.3010299956639813
388 1.4771212547196624
392 1.6020599913279625
394 1.4771212547196624
398 2.113943352306837
400 1.3010299956639813
402 1.0
408 2.113943352306837
409 1.6989700043360187
412 1.0
414 1.0
417 1.0
420 1.4771212547196624
426 1.0
429 1.3010299956639813
433 1.0
434 1.6020599913279625
440 1.0
446 1.0
447 1.3010299956639813
449 1.4771212547196624
457 1.0
459 1.3010299956639813
463 1.0
472 1.0
473 1.0
474 1.0
478 1.0
480 1.0
482 1.3010299956639813
484 1.0
486 1.0
488 1.0
496 1.0
498 1.4771212547196624
500 1.0
501 1.3010299956639813
505 1.4771212547196624
512 1.0
513 1.0
518 1.3010299956639813
521 1.0
527 1.3010299956639813
528 1.0
529 1.4771212547196624
531 1.0
535 1.0
537 1.3010299956639813
538 1.0
539 1.0
540 1.0
541 1.6020599913279625
542 1.0
543 1.4771212547196624
544 1.4771212547196624
546 1.4771212547196624
548 1.0
550 1.3010299956639813
552 1.4771212547196624
555 1.0
557 1.0
558 2.113943352306837
561 1.0
562 1.0
563 1.0
565 2.3222192947339195
566 1.6989700043360187
567 1.7781512503836436
570 1.0
572 1.0
573 1.0
574 1.0
575 1.0
576 1.4771212547196624
580 1.845098040014257
586 1.7781512503836436
587 1.3010299956639813
589 1.3010299956639813
591 1.9030899869919435
592 1.4771212547196624
602 1.0
603 1.0
608 1.6020599913279625
613 1.3010299956639813
614 1.0
615 2.0
616 1.0
620 1.0
622 1.3010299956639813
627 1.0
629 1.0
630 1.4771212547196624
634 1.4771212547196624
638 1.0
640 1.0
641 1.0
644 1.3010299956639813
645 1.0
651 1.0
652 1.0
654 1.0
657 1.0
658 1.0
663 1.4771212547196624
668 1.0
670 1.6020599913279625
674 1.0
675 1.0
676 1.3010299956639813
677 1.3010299956639813
678 1.0
681 1.4771212547196624
682 1.3010299956639813
685 1.3010299956639813
686 1.0
687 1.4771212547196624
688 1.3010299956639813
689 1.6020599913279625
690 1.0
692 1.0
693 1.0
694 1.6020599913279625
696 1.0
697 1.0
698 1.6020599913279625
701 1.0
702 1.0
706 1.0
707 1.4771212547196624
709 1.0
714 1.0
721 1.3010299956639813
723 1.0
724 1.0
727 1.0
731 1.3010299956639813
736 1.0
738 1.3010299956639813
739 1.3010299956639813
740 1.0
742 1.0
743 1.4771212547196624
749 1.3010299956639813
755 1.6020599913279625
756 1.9030899869919435
758 1.6989700043360187
761 1.7781512503836436
763 1.0
765 1.845098040014257
769 2.079181246047625
771 1.4771212547196624
772 1.6989700043360187
775 1.3010299956639813
777 1.0
779 1.0
781 1.0
783 1.0
787 1.0
789 1.0
790 1.0
791 1.0
793 1.0
794 1.0
795 1.3010299956639813
799 1.0
802 1.6020599913279625
803 1.6020599913279625
806 1.6020599913279625
807 1.0
809 1.0
812 1.0
815 1.4771212547196624
821 1.3010299956639813
824 1.3010299956639813
825 1.3010299956639813
826 1.3010299956639813
829 1.0
830 1.0
837 1.0
838 1.3010299956639813
839 1.4771212547196624
840 1.4771212547196624
843 1.3010299956639813
844 1.6020599913279625
845 1.3010299956639813
847 1.9030899869919435
848 1.0
849 1.0
850 1.845098040014257
851 1.7781512503836436
853 1.3010299956639813
854 1.3010299956639813
855 1.4771212547196624
860 1.0
868 1.3010299956639813
869 1.3010299956639813
870 1.6020599913279625
877 1.0
884 1.0
887 1.3010299956639813
889 1.4771212547196624
890 1.4771212547196624
891 1.4771212547196624
893 1.0
894 1.0
895 1.6020599913279625
897 1.9542425094393248
901 1.4771212547196624
904 1.6020599913279625
906 1.0
913 1.3010299956639813
915 1.3010299956639813
917 1.3010299956639813
921 1.3010299956639813
922 1.3010299956639813
924 1.0
925 1.3010299956639813
926 1.6020599913279625
929 1.6989700043360187
932 1.0
938 1.0
940 1.0
941 1.845098040014257
942 1.6020599913279625
943 1.4771212547196624
944 1.4771212547196624
947 1.0
951 1.3010299956639813
955 1.0
964 1.3010299956639813
966 1.3010299956639813
967 1.0
968 1.0
970 1.0
971 1.0
972 1.7781512503836436
973 1.0
974 1.0
975 1.0
977 1.0
980 1.0
989 1.7781512503836436
990 1.0
992 1.0
993 1.3010299956639813
994 1.4771212547196624
995 1.0
1000 1.0
1002 1.0
1008 1.0
1017 1.3010299956639813
1019 1.3010299956639813
1022 1.4771212547196624
1028 1.0
1029 1.0
1032 1.6020599913279625
1033 1.0
1034 1.0
1044 1.3010299956639813
1047 1.0
1054 1.0
1055 1.0
1060 1.3010299956639813
1062 1.0
1064 1.4771212547196624
1065 1.0
1070 1.0
1072 1.6020599913279625
1078 1.0
1079 1.0
1083 1.0
1085 1.4771212547196624
1086 2.079181246047625
1102 1.0
1104 1.3010299956639813
1109 1.4771212547196624
1110 1.0
1113 1.0
1114 1.0
1117 1.3010299956639813
1118 1.3010299956639813
1119 1.3010299956639813
1125 1.0
1129 1.3010299956639813
1130 1.3010299956639813
1143 1.4771212547196624
1144 1.4771212547196624
1151 1.0
1155 1.6989700043360187
1156 1.0
1161 1.6020599913279625
1162 1.0
1163 1.0
1172 1.0
1177 1.3010299956639813
1183 1.0
1185 1.0
1190 1.0
1191 2.0413926851582254
1196 1.0
1201 1.0
1204 1.7781512503836436
1205 1.4771212547196624
1210 1.0
1213 1.0
1221 1.0
1227 1.0
1229 1.4771212547196624
1231 1.6020599913279625
1232 1.0
1233 1.0
1234 1.3010299956639813
1241 1.0
1245 1.3010299956639813
1247 1.0
1249 1.3010299956639813
1257 1.0
1259 1.3010299956639813
1268 1.0
1269 1.0
1281 1.4771212547196624
1283 1.0
1284 1.0
1285 1.0
1289 1.0
1293 1.4771212547196624
1298 1.0
1302 1.3010299956639813
1304 1.0
1305 1.0
1311 1.0
1317 1.3010299956639813
1318 1.4771212547196624
1320 1.0
1321 1.0
1322 1.0
1324 1.0
