3 1.0
17 1.0
34 1.0
41 1.3010299956639813
48 1.0
79 1.0
84 1.4771212547196624
86 1.0
96 1.0
115 1.0
136 1.3010299956639813
141 1.3010299956639813
142 1.0
148 1.0
174 1.0
180 1.3010299956639813
182 1.0
186 1.0
187 1.0
190 1.0
193 1.4771212547196624
218 1.0
229 1.4771212547196624
231 1.0
235 1.0
243 1.0
246 1.0
251 1.3010299956639813
265 1.3010299956639813
284 1.0
293 1.0
313 1.4771212547196624
322 1.0
354 1.3010299956639813
364 1.0
372 1.0
394 1.3010299956639813
411 1.0
421 1.3010299956639813
427 1.3010299956639813
461 1.4771212547196624
462 1.0
468 1.3010299956639813
478 1.0
482 1.0
484 1.0
489 1.0
494 1.0
497 1.0
506 1.0
509 1.0
511 1.0
536 1.0
538 1.0
551 1.0
572 1.3010299956639813
580 1.0
588 1.0
599 1.0
601 1.0
610 1.0
613 1.0
627 1.0
630 1.3010299956639813
640 1.0
649 1.0
659 1.0
683 1.0
684 1.0
685 1.0
687 1.0
692 1.0
706 1.0
714 1.0
725 1.0
744 1.0
748 1.0
749 1.0
754 1.6989700043360187
767 1.0
773 1.0
782 1.3010299956639813
787 1.0
788 1.0
790 1.0
794 1.0
850 1.3010299956639813
851 1.0
871 1.0
885 1.0
889 1.0
890 1.0
895 1.0
930 1.0
950 1.4771212547196624
971 1.0
977 1.0
994 1.0
1013 1.6989700043360187
1020 1.0
1036 1.0
1047 1.0
1048 1.0
1055 1.3010299956639813
1065 1.0
1083 2.255272505103306
1092 1.0
1093 1.0
1095 1.0
1120 1.0
1177 1.0
1194 1.0
1234 1.0
1236 1.0
1243 1.0
1278 1.0
1287 1.0
1297 1.0
1298 1.0
