3 1.0
10 1.3010299956639813
29 1.3010299956639813
54 1.0
58 1.3010299956639813
65 1.3010299956639813
72 1.0
90 1.0
103 1.0
115 1.0
117 1.0
132 1.0
157 1.0
189 1.0
200 1.0
201 1.0
209 1.0
222 1.0
223 1.0
232 1.0
252 1.0
265 1.3010299956639813
275 1.0
302 1.0
314 1.0
329 1.0
336 1.0
393 1.0
394 1.0
400 1.6020599913279625
409 1.3010299956639813
416 1.3010299956639813
422 1.0
436 1.0
441 1.4771212547196624
463 1.0
473 1.0
478 1.0
482 1.0
484 1.0
493 1.0
515 1.0
522 1.0
541 1.0
572 1.3010299956639813
581 1.0
590 1.0
599 1.0
601 1.3010299956639813
613 1.0
637 1.0
656 1.0
681 1.3010299956639813
689 1.0
693 1.0
707 1.3010299956639813
713 1.0
716 1.3010299956639813
741 1.0
761 1.9030899869919435
765 1.0
771 1.0
787 1.0
807 2.079181246047625
831 1.3010299956639813
842 1.0
848 1.9030899869919435
898 1.0
911 1.3010299956639813
924 1.3010299956639813
925 1.4771212547196624
931 1.0
932 1.0
950 1.6989700043360187
962 1.3010299956639813
989 1.0
990 1.4771212547196624
1020 1.0
1021 1.0
1096 1.3010299956639813
1109 1.0
1139 1.0
1140 1.0
1149 1.4771212547196624
1150 1.4771212547196624
1162 1.0
1167 1.0
1190 1.0
1254 1.0
1304 1.0
1316 1.0
