3 1.4771212547196624
9 1.0
11 1.3010299956639813
16 1.3010299956639813
25 1.0
30 1.0
34 1.0
37 1.0
48 1.3010299956639813
50 1.3010299956639813
71 1.0
87 1.0
90 1.3010299956639813
91 1.3010299956639813
96 1.0
97 1.3010299956639813
99 1.6020599913279625
100 1.3010299956639813
104 1.0
107 1.0
115 1.3010299956639813
118 1.6989700043360187
123 1.6989700043360187
124 1.6989700043360187
132 1.0
136 1.0
138 1.3010299956639813
144 1.0
146 1.0
153 1.0
155 1.3010299956639813
157 1.0
159 1.0
162 1.0
163 1.3010299956639813
165 1.0
197 1.0
199 1.0
205 1.0
209 1.4771212547196624
214 1.0
216 1.0
217 1.6020599913279625
219 1.3010299956639813
222 1.0
227 1.0
237 1.0
244 1.0
262 1.3010299956639813
263 1.3010299956639813
266 1.0
267 1.0
276 1.0
288 1.0
305 1.0
317 1.4771212547196624
320 1.0
323 1.9030899869919435
327 1.3010299956639813
332 1.0
337 1.3010299956639813
344 1.0
346 1.0
353 1.3010299956639813
354 1.4771212547196624
360 1.0
362 1.3010299956639813
364 1.0
367 1.0
371 1.0
373 1.0
386 1.0
390 1.3010299956639813
401 1.0
403 1.4771212547196624
409 1.6020599913279625
412 1.6020599913279625
414 1.0
417 1.3010299956639813
423 1.0
425 1.0
428 1.4771212547196624
436 1.4771212547196624
437 1.0
440 1.0
445 1.845098040014257
447 1.4771212547196624
455 1.3010299956639813
457 1.0
459 1.4771212547196624
460 1.3010299956639813
462 1.0
463 1.3010299956639813
465 1.0
467 1.0
472 1.0
474 1.0
476 1.0
477 1.3010299956639813
478 1.3010299956639813
480 1.0
481 1.0
483 1.3010299956639813
487 1.0
489 1.3010299956639813
492 1.4771212547196624
493 1.3010299956639813
494 1.0
501 1.0
502 1.0
506 1.3010299956639813
510 1.4771212547196624
520 1.0
521 1.6020599913279625
524 1.0
528 1.4771212547196624
531 1.0
553 1.3010299956639813
554 1.0
558 1.3010299956639813
565 1.0
568 1.0
569 1.0
572 1.3010299956639813
581 1.4771212547196624
582 1.4771212547196624
583 1.4771212547196624
586 1.0
596 1.4771212547196624
599 1.4771212547196624
601 1.0
618 1.0
629 1.3010299956639813
630 1.3010299956639813
631 1.0
644 1.6020599913279625
645 1.3010299956639813
656 1.3010299956639813
657 1.6020599913279625
658 1.0
661 1.0
662 1.3010299956639813
669 1.0
681 1.6989700043360187
683 1.0
685 1.4771212547196624
686 1.3010299956639813
690 1.0
693 1.6989700043360187
694 1.0
696 1.6989700043360187
698 1.0
706 1.4771212547196624
709 1.0
716 1.0
719 1.4771212547196624
721 1.0
725 1.0
727 1.0
732 1.0
739 1.0
746 1.0
755 1.6989700043360187
756 1.6020599913279625
757 1.0
758 1.4771212547196624
768 1.4771212547196624
771 1.0
776 1.0
785 1.0
786 1.0
790 1.0
797 1.0
804 1.0
807 1.0
809 1.3010299956639813
813 1.0
814 1.0
817 1.0
818 1.0
821 1.0
822 1.0
824 1.3010299956639813
825 1.3010299956639813
837 1.0
842 1.0
843 1.6020599913279625
845 1.3010299956639813
849 1.0
851 1.9030899869919435
853 1.0
854 1.0
856 1.0
859 1.3010299956639813
867 1.4771212547196624
878 1.0
895 1.6020599913279625
897 1.3010299956639813
901 1.3010299956639813
907 1.4771212547196624
908 1.4771212547196624
910 1.0
914 1.0
915 1.0
920 1.0
926 1.0
927 1.0
938 1.0
941 1.0
943 1.0
944 1.0
950 1.0
963 1.0
969 1.0
974 1.0
979 1.3010299956639813
982 1.3010299956639813
988 1.0
1002 1.0
1018 1.0
1020 1.0
1026 1.3010299956639813
1064 1.6020599913279625
1077 1.3010299956639813
1087 1.0
1089 1.3010299956639813
1094 1.0
1095 1.0
1096 1.0
1109 1.0
1110 1.0
1119 1.3010299956639813
1121 1.3010299956639813
1124 1.0
1139 1.0
1140 1.0
1151 1.0
1161 1.3010299956639813
1165 1.0
1182 1.3010299956639813
1194 1.0
1198 1.0
1203 1.0
1204 1.6020599913279625
1215 1.0
1219 1.3010299956639813
1221 1.6020599913279625
1222 1.3010299956639813
1226 1.3010299956639813
1227 1.0
1228 1.3010299956639813
1235 1.4771212547196624
1249 1.0
1250 1.4771212547196624
1255 1.3010299956639813
1259 1.3010299956639813
1263 1.0
1265 1.0
1266 1.0
1270 1.3010299956639813
1272 1.0
1276 1.0
1277 2.0413926851582254
1280 1.0
1281 1.0
1285 1.4771212547196624
1286 1.4771212547196624
1289 1.3010299956639813
1292 1.0
1293 1.4771212547196624
1294 1.0
1295 1.0
1297 1.0
1300 1.0
1303 1.0
1307 1.0
1310 1.0
1312 1.3010299956639813
1313 1.6989700043360187
1315 1.6020599913279625
1317 1.6989700043360187
1318 1.0
1320 1.0
1321 1.6020599913279625
1322 1.3010299956639813
