3 1.3010299956639813
6 1.4771212547196624
11 1.3010299956639813
17 1.3010299956639813
36 1.0
37 1.0
44 1.0
45 1.0
47 1.3010299956639813
48 1.0
56 1.0
59 1.0
60 1.0
69 1.3010299956639813
74 1.0
84 1.0
86 1.0
90 1.3010299956639813
91 1.3010299956639813
100 1.0
107 1.0
108 1.0
109 1.0
116 1.3010299956639813
131 1.0
136 1.0
143 1.0
144 1.0
145 1.3010299956639813
155 1.3010299956639813
161 1.3010299956639813
162 1.0
165 1.3010299956639813
171 1.0
177 1.0
180 1.0
185 1.0
195 1.0
207 1.4771212547196624
209 1.0
211 1.0
216 1.0
221 1.0
222 1.0
230 1.3010299956639813
243 1.0
244 1.0
248 1.0
263 1.0
267 1.3010299956639813
276 1.3010299956639813
284 1.0
289 1.0
290 1.3010299956639813
304 1.0
313 1.3010299956639813
319 1.3010299956639813
327 1.0
350 1.0
351 1.0
360 1.0
368 1.0
375 1.0
378 1.0
380 1.0
397 1.0
409 1.0
412 1.0
426 1.0
427 1.0
463 1.0
471 1.0
493 1.3010299956639813
494 1.0
499 1.0
500 1.0
506 1.0
518 1.0
537 1.0
559 1.0
591 1.0
596 1.4771212547196624
613 1.0
633 1.0
640 1.3010299956639813
656 1.0
679 1.0
686 1.0
693 1.0
705 1.0
744 1.0
765 1.0
794 1.0
811 1.0
901 1.0
931 1.0
939 1.0
940 1.0
943 1.0
944 1.0
973 1.0
989 1.0
1005 1.0
1008 1.0
1046 1.0
1060 1.0
1072 1.6020599913279625
1073 1.0
1097 1.3010299956639813
1098 1.0
1101 1.0
1115 1.0
1116 1.0
1129 1.0
1130 1.0
1151 1.3010299956639813
1160 1.0
1176 1.0
1198 1.0
1228 1.0
1234 1.3010299956639813
1241 1.0
1254 1.0
1265 1.3010299956639813
1266 1.3010299956639813
1276 1.0
1277 1.3010299956639813
1289 1.0
1293 1.3010299956639813
1317 1.0
