3 1.9030899869919435
5 1.3010299956639813
15 1.0
27 1.845098040014257
34 2.0413926851582254
37 1.845098040014257
40 1.0
48 1.845098040014257
49 1.9030899869919435
50 1.3010299956639813
59 1.845098040014257
60 1.845098040014257
61 1.0
71 1.0
74 1.9542425094393248
77 1.0
79 1.3010299956639813
81 1.0
84 2.204119982655925
88 1.0
90 1.9030899869919435
91 1.6020599913279625
96 1.4771212547196624
99 1.7781512503836436
107 1.9030899869919435
110 1.0
115 1.6020599913279625
118 1.845098040014257
120 1.3010299956639813
123 1.3010299956639813
124 1.3010299956639813
132 1.6989700043360187
136 1.7781512503836436
141 1.0
147 1.6989700043360187
150 1.6020599913279625
155 1.0
157 1.4771212547196624
158 1.6989700043360187
159 1.0
163 1.6020599913279625
171 1.4771212547196624
172 1.0
175 1.4771212547196624
182 1.6989700043360187
183 1.6020599913279625
184 1.3010299956639813
185 1.4771212547196624
196 1.3010299956639813
197 1.0
199 1.0
202 1.6020599913279625
205 1.6989700043360187
206 1.0
207 1.7781512503836436
209 1.9542425094393248
210 1.7781512503836436
211 1.9542425094393248
213 1.7781512503836436
214 1.0
215 1.0
216 1.4771212547196624
217 2.146128035678238
218 1.6020599913279625
219 1.4771212547196624
220 1.7781512503836436
221 1.7781512503836436
222 1.7781512503836436
223 1.4771212547196624
224 1.0
225 1.9030899869919435
226 1.6020599913279625
228 1.0
229 2.0413926851582254
230 1.7781512503836436
231 1.7781512503836436
233 1.0
235 1.6020599913279625
238 1.4771212547196624
240 1.3010299956639813
243 1.845098040014257
244 1.3010299956639813
246 1.4771212547196624
248 1.6020599913279625
249 1.9030899869919435
255 1.3010299956639813
260 2.0413926851582254
270 1.6989700043360187
271 1.7781512503836436
278 1.9030899869919435
280 1.0
288 1.3010299956639813
296 1.4771212547196624
308 1.6020599913279625
310 1.0
313 2.146128035678238
317 1.0
323 1.6020599913279625
337 1.0
359 1.3010299956639813
364 1.4771212547196624
385 1.0
388 1.0
390 1.3010299956639813
391 1.7781512503836436
393 1.3010299956639813
394 1.4771212547196624
403 1.7781512503836436
406 1.6020599913279625
409 1.845098040014257
412 1.845098040014257
425 1.7781512503836436
426 1.0
427 2.1760912590556813
428 1.845098040014257
436 1.9030899869919435
437 1.3010299956639813
440 1.9542425094393248
443 1.0
444 1.6020599913279625
446 2.0413926851582254
447 1.7781512503836436
448 1.0
451 2.0413926851582254
452 1.845098040014257
455 1.6020599913279625
457 1.9030899869919435
458 1.4771212547196624
461 1.9030899869919435
462 1.4771212547196624
463 2.1760912590556813
464 1.3010299956639813
465 1.4771212547196624
466 2.0413926851582254
468 1.3010299956639813
469 1.0
470 1.0
472 1.4771212547196624
473 1.0
476 1.4771212547196624
477 1.0
478 2.0413926851582254
479 1.0
480 1.0
482 2.0413926851582254
484 1.6989700043360187
486 1.9542425094393248
487 1.4771212547196624
491 1.6989700043360187
492 1.0
493 1.9030899869919435
494 1.6989700043360187
506 1.7781512503836436
509 1.7781512503836436
510 1.845098040014257
515 1.0
516 1.0
521 2.0413926851582254
524 2.278753600952829
525 1.3010299956639813
527 1.7781512503836436
528 1.0
530 1.0
531 1.3010299956639813
532 1.0
533 1.7781512503836436
536 1.7781512503836436
538 2.0
542 2.079181246047625
545 1.0
546 2.0
547 1.3010299956639813
548 2.146128035678238
549 1.3010299956639813
551 1.7781512503836436
552 1.6020599913279625
553 1.3010299956639813
560 2.0
564 1.3010299956639813
572 1.6989700043360187
581 1.0
584 1.0
585 1.0
587 1.0
590 1.4771212547196624
591 1.0
597 1.3010299956639813
598 1.3010299956639813
599 1.3010299956639813
600 1.4771212547196624
601 1.4771212547196624
608 1.0
609 1.4771212547196624
629 1.3010299956639813
631 1.845098040014257
649 1.4771212547196624
679 1.845098040014257
680 1.0
681 1.9542425094393248
683 1.3010299956639813
685 1.3010299956639813
686 1.9542425094393248
687 1.0
693 1.6020599913279625
694 1.0
707 1.6989700043360187
710 1.3010299956639813
712 1.0
713 1.0
714 2.0
716 1.6020599913279625
718 1.9542425094393248
719 1.845098040014257
720 2.079181246047625
723 1.0
732 1.0
734 1.9030899869919435
744 1.3010299956639813
758 1.0
765 1.0
768 1.6989700043360187
773 1.0
779 1.0
782 2.079181246047625
785 1.3010299956639813
786 1.4771212547196624
788 2.113943352306837
790 1.9542425094393248
802 1.3010299956639813
803 1.3010299956639813
841 1.0
867 1.0
872 1.3010299956639813
882 1.0
912 1.0
926 1.0
969 1.6020599913279625
976 1.0
981 1.3010299956639813
989 1.0
990 1.0
991 1.4771212547196624
995 1.0
1013 1.0
1018 1.0
1035 1.0
1036 1.0
1055 1.0
1082 1.0
1086 1.0
1091 1.0
1095 2.1760912590556813
1117 1.0
1118 1.0
1129 1.0
1130 1.0
1131 1.0
1132 1.0
1137 1.0
1138 1.0
1141 1.3010299956639813
1142 1.3010299956639813
1149 1.0
1150 1.0
1151 1.3010299956639813
1161 1.4771212547196624
1162 1.0
1165 1.3010299956639813
1177 1.6020599913279625
1178 1.0
1190 1.6020599913279625
1228 1.0
1231 1.0
1243 2.0413926851582254
1244 1.0
1245 2.079181246047625
1249 1.6020599913279625
1252 1.6020599913279625
1254 2.113943352306837
1255 1.3010299956639813
1256 1.4771212547196624
1257 1.6989700043360187
1259 2.0413926851582254
1263 1.4771212547196624
1264 1.6989700043360187
1266 1.3010299956639813
1267 1.4771212547196624
1268 1.4771212547196624
1269 1.4771212547196624
1270 1.3010299956639813
1271 1.3010299956639813
1272 1.4771212547196624
1276 1.0
1279 1.6020599913279625
1281 1.6020599913279625
1284 1.4771212547196624
1285 2.0
1286 1.6989700043360187
1289 1.0
1293 2.278753600952829
1294 1.6989700043360187
1295 1.6989700043360187
1298 1.9030899869919435
1300 1.4771212547196624
1301 1.9030899869919435
1302 1.4771212547196624
1303 1.3010299956639813
1305 1.4771212547196624
1306 1.0
1307 1.7781512503836436
1308 1.845098040014257
1309 1.3010299956639813
1310 1.6020599913279625
1311 1.3010299956639813
1312 1.0
1316 1.6989700043360187
1317 1.6020599913279625
1318 1.4771212547196624
1320 1.7781512503836436
1321 2.113943352306837
1324 1.3010299956639813
