3 1.3010299956639813
34 1.0
37 1.0
50 1.0
90 1.0
115 1.0
123 1.0
124 1.0
136 1.0
176 1.0
230 1.0
250 1.0
251 1.4771212547196624
264 1.0
382 1.3010299956639813
398 1.0
411 1.0
430 1.0
528 1.0
554 1.0
571 1.0
586 1.0
619 1.0
651 1.3010299956639813
711 1.0
771 1.3010299956639813
787 1.0
834 1.0
835 1.0
859 1.3010299956639813
872 1.4771212547196624
878 1.0
882 1.0
894 1.0
951 1.0
971 1.0
1000 1.0
1028 1.0
1070 1.0
1123 1.4771212547196624
1140 1.0
1156 1.3010299956639813
1185 1.0
1206 1.845098040014257
1217 1.0
