19 1.0
30 1.0
54 1.0
102 1.0
107 1.0
116 1.0
199 1.4771212547196624
200 1.0
201 1.0
226 1.0
227 1.4771212547196624
247 1.0
253 1.6020599913279625
258 1.0
295 1.0
296 1.0
307 1.0
329 1.0
435 1.4771212547196624
498 1.6020599913279625
535 1.0
541 2.462397997898956
558 1.0
565 1.0
579 1.3010299956639813
594 1.0
608 1.4771212547196624
613 1.6020599913279625
629 1.3010299956639813
651 1.0
672 1.0
682 1.4771212547196624
692 1.3010299956639813
737 1.0
738 1.0
839 1.0
840 1.0
887 1.4771212547196624
900 1.3010299956639813
929 1.3010299956639813
965 1.0
995 1.0
996 1.0
1002 1.0
1029 1.3010299956639813
1065 1.0
1085 1.3010299956639813
1105 1.0
1106 1.0
1119 1.0
1164 1.0
1191 1.0
1237 1.0
1304 1.3010299956639813
1314 1.6989700043360187
1320 1.0
