6 1.0
50 1.0
93 1.0
123 1.0
124 1.0
127 1.3010299956639813
168 1.0
191 1.3010299956639813
210 1.3010299956639813
220 1.0
222 1.0
229 1.0
237 1.3010299956639813
238 1.3010299956639813
239 1.3010299956639813
241 1.0
288 1.0
290 1.0
341 1.0
363 1.0
390 1.0
394 1.0
399 1.0
403 1.0
409 1.0
427 1.0
434 1.4771212547196624
436 1.0
490 1.0
493 1.0
496 1.4771212547196624
501 1.0
524 1.0
548 1.0
561 1.0
570 1.0
572 1.0
573 1.0
574 1.0
591 1.0
593 1.0
624 1.0
633 1.0
645 1.0
674 1.0
675 1.0
677 1.0
681 1.0
689 1.3010299956639813
693 1.3010299956639813
694 1.0
710 1.0
720 1.0
761 1.0
763 1.0
773 1.0
788 1.0
802 1.3010299956639813
803 1.3010299956639813
821 1.0
862 1.0
884 1.3010299956639813
901 1.0
939 1.0
942 1.0
958 1.0
1034 1.0
1037 1.0
1038 1.0
1078 1.0
1083 1.0
1104 1.3010299956639813
1159 1.0
1160 1.0
1161 1.0
1216 1.0
1230 1.0
1249 1.0
1258 1.0
1285 1.0
1293 1.0
1298 1.0
