15 1.0
22 1.0
28 1.0
30 1.0
31 1.0
32 1.4771212547196624
48 1.0
61 1.0
65 1.6989700043360187
71 1.0
75 1.4771212547196624
83 1.0
90 1.3010299956639813
91 1.0
113 1.0
114 1.0
123 1.0
124 1.0
136 1.0
142 1.0
148 1.0
158 1.0
174 1.3010299956639813
180 1.0
195 1.0
202 1.0
203 1.0
208 1.0
209 1.0
220 1.0
226 1.3010299956639813
234 1.845098040014257
247 1.0
249 1.3010299956639813
258 1.0
264 1.3010299956639813
265 1.0
272 1.0
273 1.3010299956639813
275 1.3010299956639813
280 1.0
289 1.6020599913279625
293 1.7781512503836436
297 1.0
301 1.0
306 1.0
312 1.3010299956639813
314 1.0
316 1.0
319 1.0
329 1.3010299956639813
340 1.0
351 1.3010299956639813
373 1.0
374 1.7781512503836436
379 1.0
382 1.0
385 1.3010299956639813
393 1.4771212547196624
401 1.0
402 1.6020599913279625
405 1.3010299956639813
409 1.0
414 1.0
421 1.3010299956639813
424 1.7781512503836436
425 1.0
426 1.0
429 1.3010299956639813
431 1.0
434 1.0
436 1.3010299956639813
447 1.0
449 1.0
453 1.0
462 1.0
473 1.3010299956639813
478 1.0
492 1.0
493 1.0
498 1.0
506 1.0
509 1.0
510 1.0
522 1.0
533 1.0
538 1.3010299956639813
540 1.3010299956639813
546 1.0
572 1.0
577 1.6989700043360187
578 1.0
588 1.0
592 1.845098040014257
601 1.0
611 1.0
621 1.0
645 1.9030899869919435
650 1.0
653 1.0
657 1.3010299956639813
659 1.0
661 1.0
664 1.0
665 1.6989700043360187
668 1.3010299956639813
676 1.0
679 1.0
681 1.0
689 1.3010299956639813
694 1.3010299956639813
697 1.0
707 1.6020599913279625
708 1.0
710 1.0
713 1.3010299956639813
714 1.0
719 1.0
724 1.6020599913279625
739 1.0
742 2.0413926851582254
743 1.3010299956639813
745 1.0
747 1.0
748 1.0
749 1.0
752 1.0
754 1.0
755 1.0
760 1.0
761 1.3010299956639813
762 1.0
769 1.0
779 1.3010299956639813
786 1.0
793 1.0
795 2.079181246047625
811 1.4771212547196624
814 1.4771212547196624
815 2.0
823 1.0
824 1.0
825 1.0
826 1.9030899869919435
839 1.4771212547196624
840 1.4771212547196624
845 1.6020599913279625
851 2.079181246047625
864 1.0
870 1.3010299956639813
885 1.0
893 2.1760912590556813
895 1.3010299956639813
901 1.6020599913279625
902 1.3010299956639813
903 1.0
908 1.0
914 1.0
915 1.3010299956639813
924 1.3010299956639813
929 1.0
940 1.0
963 1.3010299956639813
964 1.0
1008 1.3010299956639813
1010 1.0
1013 1.0
1017 1.3010299956639813
1039 1.3010299956639813
1043 1.0
1045 1.6020599913279625
1064 1.0
1065 1.6989700043360187
1070 1.0
1071 1.4771212547196624
1072 1.3010299956639813
1074 1.0
1075 1.0
1078 1.6989700043360187
1079 1.4771212547196624
1082 1.3010299956639813
1083 1.3010299956639813
1085 1.3010299956639813
1090 1.0
1096 1.0
1102 1.3010299956639813
1103 1.0
1109 1.6989700043360187
1110 1.3010299956639813
1113 1.3010299956639813
1120 1.6020599913279625
1121 1.0
1124 1.3010299956639813
1125 1.6020599913279625
1126 1.3010299956639813
1129 1.0
1130 1.0
1137 1.0
1138 1.0
1149 1.3010299956639813
1150 1.3010299956639813
1167 1.0
1171 1.0
1177 1.3010299956639813
1194 1.0
1202 1.4771212547196624
1204 1.845098040014257
1208 1.0
1209 1.0
1210 1.0
1212 1.0
1213 1.6989700043360187
1219 1.0
1220 1.0
1221 1.3010299956639813
1224 1.0
1226 1.0
1237 1.0
1243 1.0
1245 1.0
1259 1.0
1262 1.0
1263 1.0
1277 1.3010299956639813
1286 1.0
1293 1.3010299956639813
1295 1.0
1301 1.0
1304 1.0
1310 1.0
1314 1.3010299956639813
1317 1.0
1321 1.0
