5 1.0
75 1.4771212547196624
104 1.0
107 1.3010299956639813
132 1.3010299956639813
139 1.0
152 1.0
161 1.0
185 1.3010299956639813
200 1.0
201 1.0
230 1.0
231 1.0
233 1.0
247 1.3010299956639813
253 1.0
258 1.0
278 1.0
297 1.0
322 1.0
330 1.0
387 1.0
399 1.0
400 1.0
402 1.0
412 1.0
414 1.0
429 1.4771212547196624
438 1.0
444 1.3010299956639813
451 1.0
496 1.0
501 1.3010299956639813
513 1.0
527 1.3010299956639813
531 1.0
538 1.0
539 1.0
540 1.0
541 1.0
543 1.0
544 1.0
555 1.3010299956639813
559 1.3010299956639813
567 1.0
570 1.0
576 1.3010299956639813
579 1.0
580 1.3010299956639813
584 1.0
585 1.0
586 1.0
587 1.0
591 1.0
595 1.3010299956639813
602 1.0
603 1.0
615 1.0
623 1.0
624 1.0
629 1.0
633 1.0
651 1.3010299956639813
684 1.0
688 1.0
695 1.0
701 1.0
731 1.0
740 1.0
742 1.0
751 1.0
756 1.3010299956639813
759 1.0
765 1.4771212547196624
770 1.0
771 1.3010299956639813
837 1.3010299956639813
850 1.0
851 1.0
870 1.0
895 1.0
897 1.0
904 1.4771212547196624
914 1.0
915 1.0
930 1.0
934 1.0
943 1.0
944 1.0
963 1.3010299956639813
989 1.0
1060 1.3010299956639813
1061 1.0
1064 1.3010299956639813
1078 1.3010299956639813
1160 1.0
1202 1.4771212547196624
1208 1.0
1219 1.0
1228 1.0
1233 1.0
1239 1.9030899869919435
1251 1.3010299956639813
1266 1.3010299956639813
1277 1.6020599913279625
1299 1.3010299956639813
1304 1.4771212547196624
1317 1.0
