2 1.0
6 1.0
9 1.0
11 1.0
14 1.3010299956639813
17 1.3010299956639813
23 1.0
28 1.0
29 1.0
50 1.0
53 1.3010299956639813
66 1.0
69 1.0
75 1.0
81 2.0
84 1.0
102 1.0
113 1.3010299956639813
114 1.3010299956639813
117 1.0
121 1.4771212547196624
174 1.0
200 1.3010299956639813
201 1.3010299956639813
223 1.0
233 1.0
241 1.3010299956639813
242 1.0
267 1.0
268 1.0
273 1.0
276 1.0
280 1.0
298 1.3010299956639813
302 1.3010299956639813
307 1.0
314 1.845098040014257
329 1.0
346 1.4771212547196624
349 1.0
356 1.6020599913279625
367 1.0
374 1.0
375 1.0
391 1.0
399 1.0
402 1.4771212547196624
406 1.0
408 1.3010299956639813
429 1.3010299956639813
434 1.3010299956639813
452 1.0
453 1.3010299956639813
473 1.3010299956639813
482 1.0
491 1.0
493 1.3010299956639813
506 1.0
520 1.0
521 1.0
543 1.0
544 1.0
555 1.0
562 1.0
563 1.0
565 1.0
573 1.0
574 1.0
577 1.4771212547196624
588 1.0
589 1.6989700043360187
593 1.0
608 1.3010299956639813
611 1.0
622 1.4771212547196624
626 1.0
643 1.0
644 1.0
652 1.0
659 1.0
664 1.0
678 1.0
694 1.6020599913279625
695 1.0
708 1.3010299956639813
713 1.0
721 1.0
730 1.0
732 1.0
736 1.4771212547196624
741 1.4771212547196624
765 1.3010299956639813
769 1.0
788 1.0
794 1.0
796 1.0
807 1.4771212547196624
809 1.6020599913279625
821 1.3010299956639813
822 1.0
826 1.0
838 1.0
845 1.3010299956639813
855 1.0
893 1.0
895 1.4771212547196624
901 1.0
915 1.0
959 1.3010299956639813
985 1.0
988 1.3010299956639813
1004 1.3010299956639813
1013 1.0
1015 1.0
1016 1.0
1017 1.0
1020 1.0
1023 1.0
1037 1.4771212547196624
1038 1.3010299956639813
1045 1.0
1047 1.0
1056 1.0
1062 1.0
1072 1.3010299956639813
1078 1.3010299956639813
1090 1.3010299956639813
1096 1.0
1099 1.0
1119 1.0
1123 1.0
1129 1.0
1130 1.0
1149 1.0
1150 1.0
1171 1.0
1173 1.0
1177 1.0
1183 1.0
1214 1.3010299956639813
1219 1.4771212547196624
1226 1.0
1235 1.0
1237 1.0
1247 1.0
1274 1.0
1300 1.0
1302 1.0
1324 1.0
