3 2.361727836017593
5 1.6020599913279625
12 1.4771212547196624
13 1.4771212547196624
17 1.9030899869919435
21 1.4771212547196624
24 1.9030899869919435
27 1.3010299956639813
34 2.204119982655925
36 1.4771212547196624
37 2.1760912590556813
41 1.7781512503836436
43 1.7781512503836436
45 2.0413926851582254
47 2.1760912590556813
48 2.1760912590556813
50 1.9030899869919435
56 1.6020599913279625
59 1.9030899869919435
60 1.9030899869919435
69 1.9030899869919435
79 2.0
84 2.414973347970818
90 2.204119982655925
91 2.3222192947339195
92 1.0
93 1.0
97 1.3010299956639813
98 1.7781512503836436
107 2.4313637641589874
110 1.3010299956639813
113 1.4771212547196624
114 1.4771212547196624
115 2.1760912590556813
118 2.278753600952829
120 1.4771212547196624
123 1.9542425094393248
124 1.9542425094393248
130 2.0
140 1.0
142 1.6020599913279625
143 1.4771212547196624
148 1.6020599913279625
151 1.4771212547196624
152 1.9030899869919435
155 1.3010299956639813
162 1.0
163 1.9030899869919435
174 1.4771212547196624
176 1.4771212547196624
177 1.3010299956639813
179 1.0
182 2.079181246047625
186 1.3010299956639813
187 1.4771212547196624
189 2.204119982655925
190 1.3010299956639813
192 1.6989700043360187
193 2.079181246047625
197 1.0
198 1.0
200 1.6020599913279625
201 1.6020599913279625
202 1.4771212547196624
205 1.6020599913279625
206 1.3010299956639813
209 2.3222192947339195
210 2.113943352306837
211 2.380211241711606
213 1.4771212547196624
216 2.0
218 1.7781512503836436
219 1.4771212547196624
220 2.113943352306837
222 1.9542425094393248
229 1.4771212547196624
233 1.6020599913279625
234 1.845098040014257
235 1.6989700043360187
236 1.4771212547196624
244 1.4771212547196624
245 1.9030899869919435
248 1.3010299956639813
249 1.0
254 1.845098040014257
260 1.3010299956639813
267 1.6020599913279625
271 1.3010299956639813
273 1.9542425094393248
277 2.0
278 1.6020599913279625
293 1.3010299956639813
297 1.0
302 1.6989700043360187
305 1.3010299956639813
309 2.0413926851582254
310 1.3010299956639813
311 1.4771212547196624
314 2.0
316 1.6020599913279625
318 1.0
319 1.6989700043360187
323 1.4771212547196624
325 2.146128035678238
327 1.6020599913279625
328 1.4771212547196624
330 1.3010299956639813
336 1.4771212547196624
337 1.7781512503836436
341 1.7781512503836436
343 2.079181246047625
344 1.9542425094393248
349 2.146128035678238
353 1.6989700043360187
355 1.0
360 1.6020599913279625
361 1.6989700043360187
364 2.230448921378274
366 1.6020599913279625
368 2.079181246047625
376 1.4771212547196624
378 1.7781512503836436
379 1.7781512503836436
380 1.7781512503836436
387 1.3010299956639813
390 1.6020599913279625
394 1.9030899869919435
396 2.1760912590556813
399 1.845098040014257
403 1.845098040014257
405 1.3010299956639813
409 2.1760912590556813
411 1.6020599913279625
412 2.0413926851582254
415 1.9542425094393248
423 1.0
425 1.845098040014257
426 1.0
428 2.0
432 1.6989700043360187
436 1.9030899869919435
437 1.6989700043360187
442 1.6989700043360187
445 1.7781512503836436
447 1.7781512503836436
450 1.6020599913279625
451 1.3010299956639813
452 1.3010299956639813
453 1.7781512503836436
454 1.4771212547196624
457 2.146128035678238
459 1.6989700043360187
462 1.9030899869919435
463 2.146128035678238
466 1.4771212547196624
472 1.9542425094393248
481 1.6020599913279625
482 1.7781512503836436
485 1.0
486 1.6020599913279625
488 1.4771212547196624
493 2.230448921378274
494 2.079181246047625
496 1.4771212547196624
497 1.3010299956639813
498 1.6020599913279625
503 1.4771212547196624
505 1.0
506 2.633468455579586
509 1.9542425094393248
510 1.845098040014257
521 1.7781512503836436
527 1.6020599913279625
532 1.845098040014257
537 1.6989700043360187
538 1.6989700043360187
540 1.6020599913279625
541 1.6989700043360187
542 1.6020599913279625
545 1.7781512503836436
546 1.6020599913279625
547 1.4771212547196624
548 1.0
554 1.6020599913279625
556 1.9030899869919435
558 1.6020599913279625
564 1.9030899869919435
565 1.6020599913279625
566 2.0413926851582254
580 1.6020599913279625
584 1.6020599913279625
585 1.6020599913279625
586 1.4771212547196624
588 1.6020599913279625
589 1.845098040014257
591 1.4771212547196624
596 1.6989700043360187
599 2.0413926851582254
600 1.6989700043360187
601 2.255272505103306
631 1.9542425094393248
632 2.146128035678238
634 1.4771212547196624
640 1.6989700043360187
641 1.3010299956639813
644 1.4771212547196624
653 1.4771212547196624
656 1.0
663 1.0
669 2.230448921378274
670 1.3010299956639813
677 1.0
678 1.4771212547196624
679 2.230448921378274
682 1.3010299956639813
683 1.7781512503836436
684 1.3010299956639813
685 2.0
687 1.845098040014257
690 1.7781512503836436
693 2.146128035678238
694 2.146128035678238
696 1.6020599913279625
698 1.6020599913279625
699 1.4771212547196624
700 1.3010299956639813
705 1.9030899869919435
708 1.6020599913279625
710 1.845098040014257
713 1.3010299956639813
715 1.7781512503836436
716 2.079181246047625
719 1.7781512503836436
721 1.7781512503836436
723 1.6020599913279625
728 1.3010299956639813
730 1.4771212547196624
733 2.113943352306837
741 1.7781512503836436
744 1.6989700043360187
752 1.3010299956639813
756 1.0
765 1.9030899869919435
769 1.7781512503836436
771 1.4771212547196624
773 1.4771212547196624
777 1.0
782 1.7781512503836436
790 2.342422680822206
795 1.3010299956639813
813 1.3010299956639813
814 1.0
827 1.6989700043360187
831 1.3010299956639813
837 1.4771212547196624
839 1.0
840 1.0
842 1.6989700043360187
846 1.0
850 1.9542425094393248
861 1.0
873 1.6989700043360187
889 1.6989700043360187
890 1.6989700043360187
891 1.0
897 1.4771212547196624
901 2.113943352306837
908 1.7781512503836436
914 1.4771212547196624
918 1.7781512503836436
924 1.6020599913279625
935 1.3010299956639813
939 1.4771212547196624
941 1.3010299956639813
943 1.6020599913279625
944 1.6020599913279625
972 1.3010299956639813
973 1.0
975 1.0
981 1.3010299956639813
996 1.7781512503836436
1003 1.0
1008 1.4771212547196624
1015 1.3010299956639813
1016 1.6020599913279625
1027 1.6020599913279625
1028 1.3010299956639813
1038 1.6989700043360187
1041 1.4771212547196624
1044 1.6989700043360187
1046 1.3010299956639813
1047 1.4771212547196624
1049 2.0
1052 1.9030899869919435
1053 1.9542425094393248
1054 1.3010299956639813
1055 1.845098040014257
1057 1.0
1058 1.0
1064 1.6989700043360187
1071 1.0
1072 2.1760912590556813
1083 1.6989700043360187
1085 1.3010299956639813
1092 1.3010299956639813
1095 1.6020599913279625
1096 2.0413926851582254
1097 1.6020599913279625
1104 1.6989700043360187
1109 1.0
1110 1.3010299956639813
1111 1.6989700043360187
1112 1.6989700043360187
1113 1.0
1114 1.3010299956639813
1117 1.3010299956639813
1118 1.3010299956639813
1127 1.6989700043360187
1128 1.6989700043360187
1129 2.414973347970818
1130 2.414973347970818
1133 1.0
1134 1.0
1137 1.3010299956639813
1138 1.3010299956639813
1139 1.4771212547196624
1140 1.6020599913279625
1141 1.6020599913279625
1142 1.6020599913279625
1143 2.113943352306837
1144 2.113943352306837
1145 1.0
1146 1.0
1147 1.7781512503836436
1148 1.7781512503836436
1149 1.4771212547196624
1150 1.6989700043360187
1151 2.0
1153 1.9030899869919435
1156 1.6989700043360187
1159 1.0
1161 1.6989700043360187
1162 1.9542425094393248
1163 1.6989700043360187
1166 1.845098040014257
1167 1.9030899869919435
1169 1.3010299956639813
1170 1.6989700043360187
1172 1.3010299956639813
1176 1.3010299956639813
1180 1.9542425094393248
1181 1.0
1182 1.6020599913279625
1186 1.6989700043360187
1189 1.3010299956639813
1191 1.845098040014257
1193 1.7781512503836436
1196 1.6020599913279625
1197 1.9542425094393248
1198 1.9542425094393248
1204 1.7781512503836436
1213 1.3010299956639813
1217 1.0
1218 1.0
1226 1.6020599913279625
1232 1.0
1233 1.3010299956639813
1234 1.4771212547196624
1235 2.1760912590556813
1236 1.6020599913279625
1238 1.7781512503836436
1241 1.7781512503836436
1245 2.3010299956639813
1254 2.3222192947339195
1257 1.6989700043360187
1259 2.5051499783199063
1261 1.6989700043360187
1262 1.4771212547196624
1265 2.113943352306837
1266 2.3222192947339195
1267 2.113943352306837
1269 2.380211241711606
1270 2.204119982655925
1272 2.0
1273 1.6989700043360187
1278 1.3010299956639813
1281 2.230448921378274
1282 1.7781512503836436
1284 1.6989700043360187
1285 2.5440680443502757
1286 1.9542425094393248
1287 1.6989700043360187
1288 1.4771212547196624
1289 2.1760912590556813
1290 2.146128035678238
1291 1.7781512503836436
1292 1.7781512503836436
1293 2.380211241711606
1294 2.3979400086720375
1296 1.6020599913279625
1298 2.146128035678238
1300 1.845098040014257
1302 2.079181246047625
1304 2.146128035678238
1305 1.6989700043360187
1306 1.3010299956639813
1308 1.9542425094393248
1309 2.0
1311 1.9542425094393248
1313 1.9030899869919435
1316 1.3010299956639813
1318 2.278753600952829
1319 1.0
1320 2.079181246047625
1321 2.342422680822206
1322 1.9030899869919435
1323 1.3010299956639813
1324 1.7781512503836436
