5 1.0
6 1.6020599913279625
7 1.0
11 1.4771212547196624
22 1.0
24 1.0
45 1.4771212547196624
55 1.3010299956639813
56 1.4771212547196624
57 1.3010299956639813
61 1.0
65 1.4771212547196624
69 1.0
75 1.7781512503836436
76 1.0
93 1.0
94 1.3010299956639813
113 1.3010299956639813
114 1.3010299956639813
116 1.0
138 1.0
140 1.3010299956639813
148 1.0
168 1.4771212547196624
174 1.3010299956639813
179 1.0
185 1.0
200 1.4771212547196624
201 1.4771212547196624
210 1.0
223 1.0
226 1.4771212547196624
238 1.0
241 1.4771212547196624
245 1.0
253 1.6020599913279625
258 1.0
265 1.0
272 1.0
273 1.0
276 1.0
277 1.3010299956639813
280 1.0
301 1.0
302 1.0
305 1.0
306 1.0
310 1.7781512503836436
312 1.0
319 1.0
322 1.0
332 1.0
333 1.0
349 1.0
352 1.0
356 1.3010299956639813
361 1.0
384 1.0
388 1.0
399 1.0
400 1.3010299956639813
401 1.3010299956639813
402 1.3010299956639813
417 1.4771212547196624
422 1.3010299956639813
424 1.4771212547196624
428 1.0
429 1.0
430 1.0
432 1.0
434 1.3010299956639813
449 1.4771212547196624
482 1.0
494 1.0
497 1.0
498 1.0
500 1.0
505 1.3010299956639813
517 1.0
539 1.3010299956639813
540 1.3010299956639813
541 1.9030899869919435
542 1.0
543 1.6020599913279625
544 1.6020599913279625
550 1.0
558 1.4771212547196624
565 1.0
566 1.0
567 1.0
570 1.3010299956639813
571 1.0
575 1.0
584 1.7781512503836436
585 1.7781512503836436
588 1.4771212547196624
593 1.3010299956639813
599 1.0
608 1.7781512503836436
611 1.0
613 1.0
615 1.3010299956639813
622 1.0
624 1.3010299956639813
627 1.0
633 1.0
639 1.0
644 1.4771212547196624
645 1.3010299956639813
647 1.0
651 1.3010299956639813
657 1.0
659 1.3010299956639813
664 1.7781512503836436
669 1.0
677 1.6020599913279625
680 1.3010299956639813
682 1.7781512503836436
687 1.4771212547196624
688 1.3010299956639813
692 1.4771212547196624
694 1.0
702 1.0
703 1.0
704 1.0
705 1.0
707 1.0
715 1.0
720 1.0
740 1.6020599913279625
748 1.4771212547196624
749 1.0
754 1.0
757 1.0
758 1.4771212547196624
760 1.0
761 1.0
765 1.4771212547196624
779 1.3010299956639813
788 1.0
794 1.0
795 1.0
814 1.0
815 1.3010299956639813
821 1.0
824 1.0
825 1.0
826 1.3010299956639813
837 1.6989700043360187
839 1.4771212547196624
840 1.4771212547196624
851 1.3010299956639813
855 1.0
861 1.0
863 1.0
868 1.0
869 1.0
870 1.0
871 1.0
889 1.3010299956639813
890 1.3010299956639813
893 1.0
895 1.0
896 1.3010299956639813
897 1.3010299956639813
901 1.4771212547196624
902 1.0
903 1.0
908 1.3010299956639813
915 1.4771212547196624
918 1.6020599913279625
935 1.0
939 1.3010299956639813
940 1.0
948 1.3010299956639813
985 1.0
988 1.0
1004 1.3010299956639813
1006 1.4771212547196624
1020 1.0
1032 1.3010299956639813
1034 1.0
1036 1.0
1037 1.3010299956639813
1039 1.0
1041 1.0
1045 1.7781512503836436
1062 1.0
1064 1.3010299956639813
1065 1.3010299956639813
1071 1.0
1072 1.4771212547196624
1073 1.0
1074 1.0
1075 1.0
1078 1.7781512503836436
1079 1.0
1083 1.3010299956639813
1085 1.6020599913279625
1086 1.0
1090 1.6020599913279625
1097 1.0
1099 1.0
1103 1.0
1104 1.4771212547196624
1109 1.4771212547196624
1113 1.4771212547196624
1120 1.3010299956639813
1143 1.0
1144 1.0
1149 1.0
1150 1.0
1151 1.0
1152 1.0
1194 1.3010299956639813
1199 1.4771212547196624
1200 1.0
1202 1.6020599913279625
1204 1.0
1206 1.6020599913279625
1218 1.0
1219 1.0
1220 1.0
1221 1.0
1226 1.3010299956639813
1227 1.3010299956639813
1228 1.4771212547196624
1231 1.0
1235 1.4771212547196624
1241 1.0
1266 1.6020599913279625
1277 1.0
1283 1.3010299956639813
1285 1.0
1288 1.0
1312 1.0
