2 1.0
22 1.0
32 1.0
39 1.0
57 1.0
72 1.0
121 1.0
198 1.0
200 1.0
201 1.0
247 1.0
256 1.0
264 1.3010299956639813
277 1.0
300 1.0
304 1.0
312 2.230448921378274
314 1.0
319 1.0
388 1.0
399 1.0
401 1.0
418 1.6989700043360187
429 1.3010299956639813
430 1.0
433 1.0
434 1.0
488 1.3010299956639813
496 1.0
497 1.0
517 1.0
534 1.0
536 1.0
537 1.3010299956639813
541 1.0
550 1.0
568 1.0
569 1.0
580 1.4771212547196624
588 1.845098040014257
602 1.0
603 1.0
613 1.0
614 1.3010299956639813
624 1.0
653 1.3010299956639813
656 1.0
658 1.0
664 1.4771212547196624
670 1.0
671 1.0
680 1.0
689 1.6020599913279625
691 1.0
699 1.0
704 1.0
706 1.3010299956639813
711 1.0
712 1.0
731 1.3010299956639813
737 1.3010299956639813
739 1.6020599913279625
740 1.0
743 1.0
794 1.0
812 1.3010299956639813
838 1.3010299956639813
848 1.0
864 1.6020599913279625
870 1.6020599913279625
885 1.3010299956639813
918 1.0
932 1.3010299956639813
939 1.0
1004 1.0
1006 1.0
1028 1.0
1037 1.3010299956639813
1041 1.4771212547196624
1072 1.0
1090 1.0
1092 1.0
1107 1.0
1129 1.3010299956639813
1130 1.3010299956639813
1143 1.0
1144 1.0
1145 1.0
1146 1.0
1156 1.0
1166 1.3010299956639813
1168 1.3010299956639813
1204 1.0
1221 1.3010299956639813
1222 1.3010299956639813
1238 1.3010299956639813
1251 1.3010299956639813
1258 1.0
1275 1.0
1277 1.0
1294 1.0
1313 1.0
1324 1.0
