0 1.6020599913279625
2 1.4771212547196624
3 1.4771212547196624
4 1.3010299956639813
5 1.4771212547196624
7 2.1760912590556813
8 1.4771212547196624
9 1.6989700043360187
11 2.0413926851582254
12 1.3010299956639813
13 1.3010299956639813
15 1.4771212547196624
17 1.6020599913279625
18 1.0
22 1.3010299956639813
23 1.0
24 1.7781512503836436
25 1.6020599913279625
27 1.0
29 1.4771212547196624
30 1.0
31 1.0
33 1.6020599913279625
36 1.3010299956639813
38 1.7781512503836436
39 1.3010299956639813
41 1.3010299956639813
42 1.4771212547196624
43 1.6020599913279625
45 1.9030899869919435
46 1.0
47 1.9030899869919435
48 1.4771212547196624
54 1.0
56 1.4771212547196624
58 1.4771212547196624
59 1.3010299956639813
60 1.3010299956639813
61 1.0
62 1.4771212547196624
63 1.6989700043360187
67 1.3010299956639813
68 1.0
69 1.7781512503836436
70 1.3010299956639813
71 1.6020599913279625
72 1.0
73 1.6020599913279625
74 2.0
75 1.6989700043360187
77 1.3010299956639813
79 1.3010299956639813
80 1.0
81 1.0
82 1.0
84 1.0
86 1.6989700043360187
87 1.0
90 1.4771212547196624
94 1.0
98 1.4771212547196624
99 1.0
102 1.0
103 1.3010299956639813
104 1.0
106 1.6020599913279625
107 2.414973347970818
108 1.4771212547196624
110 1.0
111 1.0
115 1.4771212547196624
116 1.0
117 1.9030899869919435
118 1.0
119 1.3010299956639813
120 1.0
123 1.0
124 1.0
125 1.0
126 1.0
127 1.3010299956639813
128 1.0
130 1.845098040014257
132 1.6020599913279625
133 1.0
134 1.0
137 1.3010299956639813
138 1.3010299956639813
139 2.0413926851582254
142 1.0
143 1.3010299956639813
145 1.7781512503836436
146 1.4771212547196624
147 1.0
148 1.3010299956639813
149 1.4771212547196624
152 1.6989700043360187
153 1.0
154 1.6020599913279625
157 1.6989700043360187
158 1.0
160 1.3010299956639813
161 1.0
163 1.845098040014257
165 1.6989700043360187
166 1.0
167 1.3010299956639813
168 1.0
174 1.0
176 1.3010299956639813
177 1.0
180 1.3010299956639813
183 1.0
184 1.3010299956639813
185 2.0413926851582254
186 1.0
188 1.3010299956639813
189 2.079181246047625
190 1.0
191 1.0
192 1.0
193 1.0
195 1.0
199 1.0
202 1.0
203 1.0
205 1.0
207 1.6989700043360187
211 1.6989700043360187
213 1.0
217 1.6020599913279625
220 1.0
223 1.3010299956639813
226 1.0
229 1.0
230 1.9542425094393248
231 1.3010299956639813
233 1.0
234 1.4771212547196624
236 1.0
237 1.0
241 1.0
242 1.3010299956639813
247 1.3010299956639813
248 1.0
251 1.3010299956639813
253 1.0
254 1.6989700043360187
255 1.0
256 1.0
258 1.0
260 1.0
263 1.3010299956639813
265 2.7558748556724915
266 1.3010299956639813
267 1.0
268 1.3010299956639813
270 2.146128035678238
272 1.3010299956639813
273 1.7781512503836436
274 1.0
275 1.0
276 1.0
277 1.9030899869919435
278 1.3010299956639813
280 1.0
282 1.845098040014257
283 1.0
288 1.4771212547196624
290 2.230448921378274
291 1.3010299956639813
293 1.0
296 1.3010299956639813
300 1.0
301 1.6020599913279625
302 1.3010299956639813
303 1.0
304 1.4771212547196624
306 1.7781512503836436
307 1.0
309 1.0
311 1.0
312 1.0
314 1.0
316 1.0
317 1.0
319 1.4771212547196624
322 1.9030899869919435
323 1.3010299956639813
325 2.0413926851582254
327 1.0
330 1.0
332 1.0
333 1.0
334 1.0
335 1.0
336 1.3010299956639813
337 1.6020599913279625
338 1.4771212547196624
341 1.6989700043360187
343 1.4771212547196624
344 1.845098040014257
348 1.0
349 2.0
350 1.0
352 1.3010299956639813
353 1.4771212547196624
354 1.0
358 1.3010299956639813
359 1.0
360 1.0
361 1.4771212547196624
363 1.4771212547196624
364 1.9542425094393248
367 1.0
368 1.9542425094393248
369 1.7781512503836436
372 1.845098040014257
375 1.6020599913279625
376 1.3010299956639813
377 1.6020599913279625
378 1.4771212547196624
379 1.3010299956639813
380 1.6989700043360187
381 1.3010299956639813
383 1.0
384 1.3010299956639813
388 1.6020599913279625
391 1.0
392 1.0
393 1.0
395 1.6020599913279625
396 2.146128035678238
397 1.0
399 1.4771212547196624
400 1.9030899869919435
401 1.0
402 1.0
404 1.0
405 1.0
406 1.0
407 1.0
408 1.0
410 1.6020599913279625
411 1.0
412 1.0
414 1.3010299956639813
415 1.845098040014257
417 1.3010299956639813
418 1.0
420 1.3010299956639813
425 1.0
427 1.3010299956639813
429 1.6989700043360187
431 1.0
432 1.0
434 1.0
439 1.0
442 1.6020599913279625
443 1.3010299956639813
444 1.4771212547196624
445 1.6020599913279625
446 1.3010299956639813
449 1.3010299956639813
459 1.0
465 1.0
466 1.3010299956639813
474 1.0
479 1.4771212547196624
486 1.3010299956639813
493 1.6020599913279625
494 1.3010299956639813
496 1.0
497 1.0
498 1.4771212547196624
499 1.3010299956639813
502 1.0
503 1.3010299956639813
504 1.0
506 1.845098040014257
508 1.0
511 1.0
517 1.0
519 1.0
521 1.0
525 1.4771212547196624
527 1.0
528 1.0
535 1.0
537 1.4771212547196624
538 1.0
539 1.3010299956639813
540 1.4771212547196624
541 1.6020599913279625
543 1.4771212547196624
544 1.4771212547196624
545 1.0
546 1.0
553 1.0
554 1.3010299956639813
555 1.3010299956639813
557 1.0
561 1.0
565 1.0
566 1.0
567 1.0
568 1.0
569 1.0
570 1.0
571 1.4771212547196624
579 1.3010299956639813
582 1.3010299956639813
583 1.3010299956639813
584 1.4771212547196624
585 1.4771212547196624
586 1.3010299956639813
587 1.3010299956639813
588 1.3010299956639813
589 1.0
591 1.3010299956639813
592 1.4771212547196624
595 1.7781512503836436
596 1.4771212547196624
600 1.0
608 1.6989700043360187
609 1.9542425094393248
610 1.845098040014257
612 1.0
614 1.7781512503836436
615 1.3010299956639813
618 1.0
619 1.6020599913279625
623 1.3010299956639813
628 1.0
629 1.0
632 2.0
633 1.6020599913279625
634 1.0
639 1.3010299956639813
640 1.6020599913279625
643 1.0
650 1.3010299956639813
651 1.0
652 1.0
653 1.3010299956639813
654 1.0
658 1.0
659 1.3010299956639813
669 1.6989700043360187
671 1.3010299956639813
672 1.0
674 1.0
675 1.0
676 1.6989700043360187
678 1.0
679 1.0
680 2.0413926851582254
682 1.0
683 1.0
685 1.0
686 1.0
687 1.7781512503836436
688 1.3010299956639813
690 1.3010299956639813
693 1.0
694 1.7781512503836436
695 1.4771212547196624
696 1.3010299956639813
698 1.0
699 1.3010299956639813
700 1.0
701 1.0
703 1.6989700043360187
704 1.3010299956639813
705 1.7781512503836436
707 1.4771212547196624
709 1.4771212547196624
710 1.0
711 1.3010299956639813
712 1.3010299956639813
714 1.3010299956639813
715 1.4771212547196624
716 1.0
717 1.0
720 1.3010299956639813
721 1.4771212547196624
723 1.4771212547196624
724 1.9030899869919435
727 1.0
728 1.0
730 1.0
731 1.3010299956639813
732 1.6020599913279625
735 1.0
738 1.3010299956639813
739 1.4771212547196624
740 1.3010299956639813
742 1.0
743 1.4771212547196624
748 1.0
752 1.0
754 1.0
758 1.0
764 1.3010299956639813
765 1.6989700043360187
767 1.0
768 1.0
769 1.4771212547196624
770 1.0
771 1.0
774 1.0
779 1.6020599913279625
780 1.0
781 1.0
783 1.9030899869919435
788 1.0
789 1.0
790 1.3010299956639813
794 1.0
796 1.0
797 1.3010299956639813
805 1.0
807 1.4771212547196624
809 1.0
810 1.4771212547196624
813 1.0
817 1.0
818 1.0
819 1.4771212547196624
820 1.3010299956639813
821 1.0
824 1.3010299956639813
825 1.3010299956639813
827 1.3010299956639813
834 1.0
835 1.0
837 1.3010299956639813
842 1.4771212547196624
843 1.3010299956639813
844 1.3010299956639813
845 1.4771212547196624
848 1.3010299956639813
850 1.7781512503836436
851 1.3010299956639813
852 1.0
853 1.0
854 1.4771212547196624
855 1.4771212547196624
862 1.3010299956639813
864 1.6989700043360187
866 1.0
867 1.3010299956639813
868 1.3010299956639813
869 1.3010299956639813
870 1.3010299956639813
871 2.146128035678238
872 1.4771212547196624
873 1.6020599913279625
874 1.0
875 1.3010299956639813
877 1.0
879 1.3010299956639813
881 1.6020599913279625
885 1.0
887 1.0
888 1.0
889 1.4771212547196624
890 1.4771212547196624
893 1.3010299956639813
895 1.3010299956639813
896 1.3010299956639813
897 1.0
898 1.6989700043360187
901 2.0413926851582254
903 1.7781512503836436
910 1.4771212547196624
912 1.0
914 1.3010299956639813
917 1.3010299956639813
918 1.6989700043360187
924 1.3010299956639813
925 1.3010299956639813
926 1.3010299956639813
928 1.0
929 1.4771212547196624
930 1.0
932 1.3010299956639813
933 1.3010299956639813
935 1.0
938 1.0
939 1.3010299956639813
940 1.6020599913279625
941 1.0
949 1.3010299956639813
957 1.0
963 1.6020599913279625
965 1.0
967 1.0
974 1.0
979 1.3010299956639813
980 1.0
983 1.3010299956639813
986 1.0
988 1.0
989 1.0
995 1.0
996 1.6989700043360187
997 1.4771212547196624
1000 1.3010299956639813
1001 1.0
1002 1.3010299956639813
1006 1.0
1009 1.0
1010 1.0
1013 1.0
1014 1.0
1016 1.0
1019 1.4771212547196624
1020 1.6020599913279625
1021 1.0
1023 1.4771212547196624
1024 1.6020599913279625
1025 1.6020599913279625
1026 1.4771212547196624
1027 1.3010299956639813
1028 1.0
1030 1.0
1032 1.0
1034 1.3010299956639813
1036 1.4771212547196624
1037 1.6020599913279625
1038 1.3010299956639813
1041 1.3010299956639813
1042 1.0
1044 1.3010299956639813
1046 1.0
1047 1.0
1048 1.3010299956639813
1049 1.9030899869919435
1050 1.3010299956639813
1051 1.0
1052 1.6989700043360187
1053 1.0
1054 1.0
1055 1.6020599913279625
1060 1.0
1061 1.0
1062 1.3010299956639813
1063 1.0
1064 1.6020599913279625
1072 1.7781512503836436
1073 1.3010299956639813
1078 1.0
1083 1.6020599913279625
1085 1.0
1086 1.0
1087 1.4771212547196624
1088 1.0
1089 1.0
1090 1.0
1091 1.6020599913279625
1095 1.0
1096 1.7781512503836436
1097 1.4771212547196624
1098 1.0
1099 1.3010299956639813
1101 1.0
1104 1.0
1107 1.0
1111 1.6020599913279625
1112 1.6020599913279625
1117 1.0
1118 1.0
1119 1.4771212547196624
1124 1.3010299956639813
1126 1.0
1127 1.3010299956639813
1128 1.3010299956639813
1129 2.0
1130 2.0
1131 1.0
1132 1.0
1137 1.0
1138 1.0
1139 1.3010299956639813
1140 1.3010299956639813
1141 1.3010299956639813
1142 1.3010299956639813
1143 1.845098040014257
1144 1.845098040014257
1147 1.0
1148 1.0
1149 1.0
1150 1.3010299956639813
1151 1.9030899869919435
1153 1.845098040014257
1155 1.3010299956639813
1156 1.4771212547196624
1160 1.3010299956639813
1162 1.6989700043360187
1164 1.3010299956639813
1165 1.6989700043360187
1166 1.6989700043360187
1167 1.4771212547196624
1170 1.3010299956639813
1173 1.4771212547196624
1174 1.3010299956639813
1177 1.6989700043360187
1180 1.7781512503836436
1182 1.3010299956639813
1183 1.4771212547196624
1185 1.0
1187 1.4771212547196624
1189 1.0
1190 1.0
1191 1.0
1193 1.3010299956639813
1196 1.0
1198 1.7781512503836436
1204 1.0
1209 1.0
1211 1.0
1219 1.0
1221 1.0
1222 1.0
1226 1.3010299956639813
1227 1.4771212547196624
1228 2.0413926851582254
1230 1.6020599913279625
1231 1.6989700043360187
1233 1.0
1234 1.3010299956639813
1235 1.845098040014257
1237 1.0
1238 1.4771212547196624
1241 1.6989700043360187
1244 1.0
1247 1.3010299956639813
1248 1.0
1251 1.3010299956639813
1254 1.0
1258 1.0
1259 1.4771212547196624
1260 1.0
1264 1.0
1265 2.0
1266 2.230448921378274
1268 1.9030899869919435
1270 1.0
1271 1.0
1276 1.6020599913279625
1277 2.230448921378274
1279 1.845098040014257
1281 1.0
1285 1.6020599913279625
1289 1.0
1291 1.3010299956639813
1292 1.0
1293 1.0
1295 1.0
1299 1.0
1300 1.6989700043360187
1301 1.0
1302 1.4771212547196624
1304 1.4771212547196624
1306 1.0
1308 1.0
1309 1.0
1313 1.0
1314 1.4771212547196624
1320 1.3010299956639813
1321 1.0
1322 1.3010299956639813
