24 1.0
29 1.0
34 1.0
69 1.0
174 1.0
234 1.0
307 1.0
310 1.3010299956639813
312 1.0
340 1.0
385 1.0
386 1.3010299956639813
392 1.6020599913279625
402 2.0
405 1.3010299956639813
418 1.4771212547196624
420 1.0
421 1.3010299956639813
426 1.0
431 1.0
433 1.0
444 1.9542425094393248
454 1.0
459 1.0
496 1.6020599913279625
518 1.0
540 1.0
565 1.4771212547196624
567 1.0
587 1.0
589 1.0
622 1.3010299956639813
639 1.3010299956639813
652 1.0
653 1.0
659 1.0
683 1.0
692 1.0
696 1.3010299956639813
715 1.0
739 1.0
749 1.0
750 1.3010299956639813
786 1.0
788 1.0
795 1.0
823 1.0
845 1.0
893 1.0
909 1.0
948 1.0
989 1.0
1014 1.0
1032 1.0
1039 1.4771212547196624
1040 1.3010299956639813
1044 1.0
1045 1.0
1049 1.0
1064 1.0
1065 1.3010299956639813
1067 1.0
1076 1.3010299956639813
1078 1.0
1194 1.3010299956639813
1231 1.0
1271 1.0
1313 1.3010299956639813
1314 1.0
1320 1.0
