34 1.0
48 1.6020599913279625
59 1.3010299956639813
60 1.3010299956639813
71 1.6020599913279625
75 1.0
79 1.3010299956639813
111 1.3010299956639813
125 1.0
194 1.0
209 1.0
211 1.0
219 1.0
222 1.0
223 1.3010299956639813
224 1.0
233 1.0
238 1.0
244 1.0
289 1.0
302 1.0
364 1.0
409 1.3010299956639813
412 1.3010299956639813
467 1.0
479 1.0
493 1.0
509 1.0
521 1.0
576 1.0
581 1.0
584 1.0
585 1.0
601 1.3010299956639813
664 1.0
686 1.3010299956639813
690 1.0
693 1.0
850 1.0
851 1.0
904 1.0
905 1.0
927 1.0
1080 1.0
1105 1.0
1106 1.0
1226 1.0
1293 1.0
1304 1.3010299956639813
1310 1.3010299956639813
1317 1.3010299956639813
