14 1.0
43 1.0
64 1.3010299956639813
81 1.0
84 1.0
91 1.6020599913279625
118 1.3010299956639813
154 1.0
202 1.0
220 1.0
232 1.0
236 1.0
310 1.0
312 1.0
337 1.0
343 1.3010299956639813
378 1.3010299956639813
387 1.0
399 1.0
428 1.0
455 1.0
457 1.0
461 1.0
483 1.0
488 1.3010299956639813
493 1.0
506 1.3010299956639813
572 1.0
580 1.0
601 1.0
613 1.0
679 1.0
689 1.0
693 1.0
694 1.0
724 1.0
827 1.0
866 1.0
867 1.3010299956639813
868 1.0
869 1.0
892 1.0
967 1.0
1008 1.0
1014 1.0
1068 1.0
1092 1.0
1124 1.0
1162 1.0
1163 1.6020599913279625
1187 1.0
1204 1.3010299956639813
1209 1.0
1266 1.0
1272 1.0
1277 1.0
1279 1.0
1281 1.3010299956639813
1293 1.0
1321 1.0
