12 1.0
27 1.0
34 1.0
39 1.0
49 1.4771212547196624
84 1.4771212547196624
91 1.0
115 1.3010299956639813
122 1.0
136 1.0
141 1.3010299956639813
158 1.9030899869919435
171 1.6020599913279625
172 1.0
173 1.7781512503836436
182 1.4771212547196624
183 2.0
205 1.0
206 1.0
209 2.146128035678238
210 1.4771212547196624
211 1.6989700043360187
213 1.6020599913279625
214 1.4771212547196624
215 1.0
218 1.0
220 1.0
221 1.4771212547196624
222 1.6020599913279625
223 1.3010299956639813
224 1.0
225 1.3010299956639813
226 1.0
229 1.7781512503836436
231 2.0413926851582254
233 1.3010299956639813
235 1.0
238 1.3010299956639813
243 1.9030899869919435
246 1.3010299956639813
248 1.0
249 1.4771212547196624
255 1.0
259 1.845098040014257
271 1.7781512503836436
278 1.6020599913279625
308 1.3010299956639813
313 1.7781512503836436
370 1.3010299956639813
374 1.0
388 1.6020599913279625
390 1.0
394 1.3010299956639813
409 1.3010299956639813
412 1.3010299956639813
425 1.7781512503836436
427 1.0
440 1.3010299956639813
447 1.0
451 1.0
458 1.0
459 1.0
460 1.0
461 1.6020599913279625
462 1.0
463 1.0
466 1.0
469 1.3010299956639813
478 1.3010299956639813
481 1.0
483 1.3010299956639813
484 1.0
486 1.0
487 1.0
493 1.0
494 1.0
504 1.3010299956639813
506 1.3010299956639813
509 1.0
515 1.0
516 1.0
526 1.3010299956639813
527 1.3010299956639813
532 1.0
533 1.0
536 1.3010299956639813
538 1.0
542 1.3010299956639813
545 1.3010299956639813
546 1.3010299956639813
548 1.0
549 1.4771212547196624
551 1.4771212547196624
552 1.4771212547196624
564 1.3010299956639813
572 1.6020599913279625
581 1.3010299956639813
590 1.6020599913279625
599 1.6020599913279625
601 1.3010299956639813
631 1.3010299956639813
637 1.4771212547196624
649 1.0
679 1.6989700043360187
681 1.3010299956639813
683 1.3010299956639813
685 1.0
686 1.0
693 1.3010299956639813
707 1.3010299956639813
714 1.4771212547196624
716 1.0
734 1.4771212547196624
773 1.6020599913279625
782 1.3010299956639813
786 1.6020599913279625
788 1.7781512503836436
790 2.113943352306837
815 1.0
919 1.0
1037 1.0
1085 1.0
1141 1.0
1142 1.0
1145 1.0
1146 1.0
1162 1.0
1190 1.3010299956639813
1243 1.7781512503836436
1245 1.3010299956639813
1250 1.4771212547196624
1252 1.0
1259 1.0
1262 1.3010299956639813
1263 1.0
1264 1.3010299956639813
1279 1.0
1284 1.6989700043360187
1285 1.0
1293 1.0
1295 1.3010299956639813
1297 1.0
1298 2.1760912590556813
1301 1.0
1304 1.4771212547196624
1305 1.0
1306 1.6020599913279625
1321 1.0
