20 1.0
25 1.0
32 1.0
34 1.0
38 1.0
58 1.4771212547196624
78 1.6020599913279625
81 1.3010299956639813
84 1.0
89 1.0
90 1.0
91 1.4771212547196624
132 1.0
133 1.0
151 1.0
153 1.0
217 1.4771212547196624
344 1.0
360 1.0
365 1.0
377 1.0
394 1.3010299956639813
409 1.0
415 1.3010299956639813
420 1.3010299956639813
472 1.0
499 1.0
500 1.0
501 1.3010299956639813
532 1.0
567 1.0
581 1.0
609 1.0
674 1.0
675 1.0
681 1.0
689 1.0
692 1.0
693 1.0
725 1.0
732 1.3010299956639813
748 1.0
810 1.3010299956639813
850 1.0
871 1.6989700043360187
878 1.0
881 1.0
1026 1.6989700043360187
1048 1.4771212547196624
1054 1.0
1055 1.0
1071 1.0
1095 1.7781512503836436
1154 1.3010299956639813
1155 1.0
1157 1.0
1158 1.0
1186 1.845098040014257
1259 1.0
1273 1.3010299956639813
1293 1.3010299956639813
1321 1.0
