6 1.6020599913279625
15 1.0
75 1.0
121 1.3010299956639813
174 1.3010299956639813
247 1.3010299956639813
253 1.9030899869919435
265 1.0
272 1.0
280 1.0
310 1.7781512503836436
319 1.0
329 1.0
330 1.3010299956639813
352 1.3010299956639813
376 1.6020599913279625
385 1.845098040014257
386 1.0
398 1.3010299956639813
401 1.0
418 1.3010299956639813
430 1.0
440 1.0
453 1.0
454 1.9030899869919435
540 1.3010299956639813
543 1.3010299956639813
544 1.3010299956639813
545 1.4771212547196624
558 1.0
561 1.4771212547196624
570 1.4771212547196624
573 1.3010299956639813
574 1.3010299956639813
575 1.0
576 1.0
577 1.0
584 1.4771212547196624
585 1.4771212547196624
592 1.4771212547196624
593 1.3010299956639813
608 1.3010299956639813
611 1.0
613 1.0
615 1.3010299956639813
624 1.0
626 1.4771212547196624
627 1.0
644 1.3010299956639813
647 1.3010299956639813
651 1.3010299956639813
653 1.0
677 1.0
688 1.3010299956639813
692 1.0
702 1.6020599913279625
746 1.3010299956639813
748 1.3010299956639813
756 1.0
758 1.0
770 1.3010299956639813
779 1.0
797 1.0
824 1.0
825 1.0
832 1.6020599913279625
833 1.6020599913279625
839 1.4771212547196624
840 1.4771212547196624
845 1.3010299956639813
870 1.0
889 1.0
890 1.0
896 1.0
902 1.0
914 1.0
915 1.0
920 1.0
922 1.0
939 1.6989700043360187
940 1.4771212547196624
948 1.0
963 1.4771212547196624
973 1.3010299956639813
977 1.0
988 1.0
989 1.3010299956639813
1002 1.0
1029 1.9030899869919435
1032 1.6989700043360187
1034 1.0
1038 1.0
1046 2.113943352306837
1050 1.0
1061 1.0
1065 1.6020599913279625
1072 1.0
1078 1.4771212547196624
1105 1.0
1106 1.0
1139 1.0
1140 1.0
1169 1.0
1194 1.0
1200 1.4771212547196624
1202 1.0
1204 1.0
1209 1.0
1279 1.0
1304 1.3010299956639813
1314 1.3010299956639813
1322 1.0
