0 1.0
17 1.0
21 1.0
25 1.0
34 1.0
37 1.0
41 1.3010299956639813
42 1.0
50 1.0
75 1.0
90 1.3010299956639813
93 1.0
136 1.0
139 1.3010299956639813
162 1.0
173 1.0
206 1.3010299956639813
213 1.0
220 1.3010299956639813
222 1.0
224 1.0
231 1.0
238 1.0
243 1.0
247 1.0
248 1.0
255 1.0
256 1.0
261 1.0
265 1.0
271 1.3010299956639813
274 1.0
309 1.0
310 1.0
346 1.0
351 1.0
390 1.0
394 1.0
420 1.0
434 1.0
440 1.0
455 1.3010299956639813
461 1.3010299956639813
463 1.0
466 1.0
474 1.0
478 1.0
496 1.0
498 1.3010299956639813
533 1.0
546 1.0
567 1.0
572 1.0
580 1.4771212547196624
587 1.0
608 1.0
624 1.0
651 1.0
652 1.0
657 1.0
659 1.0
671 1.0
698 1.0
713 1.0
714 1.0
715 1.0
722 1.0
749 1.0
754 1.0
759 1.0
765 1.0
768 1.0
809 1.0
812 1.0
822 1.0
855 1.3010299956639813
873 1.0
885 1.0
918 1.0
935 1.4771212547196624
939 1.3010299956639813
954 1.0
979 1.0
1001 1.0
1045 1.0
1065 1.0
1070 1.0
1073 1.0
1108 1.0
1109 1.0
1117 1.0
1118 1.0
1126 1.0
1137 1.0
1138 1.0
1145 1.0
1146 1.0
1149 1.0
1150 1.0
1155 1.0
1162 1.3010299956639813
1163 1.0
1189 1.0
1213 1.0
1214 1.3010299956639813
1226 1.0
1231 1.3010299956639813
1268 1.0
1285 1.4771212547196624
1292 1.0
1293 1.0
1301 1.0
1302 1.0
1304 1.0
1310 1.0
1315 1.0
