3 1.6020599913279625
12 1.0
17 1.0
34 1.4771212547196624
37 1.3010299956639813
50 1.0
54 1.4771212547196624
69 1.4771212547196624
71 1.0
74 1.0
82 1.3010299956639813
84 1.4771212547196624
94 1.0
99 1.0
107 1.0
122 1.3010299956639813
141 1.0
147 1.0
175 1.0
176 1.3010299956639813
181 1.0
189 1.0
190 2.0
191 1.0
194 1.0
195 1.3010299956639813
209 1.3010299956639813
211 1.3010299956639813
224 1.3010299956639813
229 1.0
234 1.3010299956639813
255 1.0
305 1.3010299956639813
306 1.0
308 1.0
318 1.3010299956639813
323 1.0
327 1.845098040014257
342 1.0
346 1.0
349 1.0
350 1.6020599913279625
353 1.0
355 1.0
373 1.0
382 1.6989700043360187
386 1.0
388 1.0
390 1.4771212547196624
394 1.3010299956639813
398 1.0
401 1.0
403 2.113943352306837
408 1.0
409 2.079181246047625
417 1.3010299956639813
425 2.113943352306837
427 1.9542425094393248
428 1.3010299956639813
436 2.0
446 1.0
447 2.0413926851582254
449 1.7781512503836436
455 2.079181246047625
459 1.4771212547196624
461 1.0
462 1.845098040014257
463 1.0
469 2.0
470 1.3010299956639813
476 1.7781512503836436
477 1.3010299956639813
478 1.4771212547196624
480 1.0
481 2.0
487 1.0
490 1.6989700043360187
493 2.361727836017593
505 1.0
506 2.079181246047625
515 1.0
521 1.6020599913279625
524 2.380211241711606
533 1.3010299956639813
554 1.0
558 1.0
577 1.3010299956639813
584 1.0
585 1.0
586 1.6020599913279625
596 1.3010299956639813
608 1.3010299956639813
615 1.0
617 1.0
620 1.0
629 1.3010299956639813
633 1.845098040014257
644 1.0
656 1.3010299956639813
669 1.6020599913279625
670 1.3010299956639813
676 1.0
694 1.3010299956639813
697 1.3010299956639813
703 1.0
721 1.0
733 1.9542425094393248
739 1.0
740 1.0
748 1.0
756 1.9542425094393248
761 1.0
780 1.0
781 1.3010299956639813
794 1.0
795 1.0
800 1.0
807 1.0
815 1.6020599913279625
816 1.0
823 1.0
829 1.3010299956639813
841 1.3010299956639813
845 1.0
857 1.3010299956639813
858 1.0
859 1.3010299956639813
860 1.0
862 1.0
871 1.0
876 1.6020599913279625
877 1.0
878 1.0
882 1.0
894 1.0
895 1.6020599913279625
897 1.0
898 1.0
899 1.0
901 1.0
903 1.0
915 1.0
919 1.4771212547196624
927 1.7781512503836436
929 1.3010299956639813
933 1.3010299956639813
934 1.0
935 1.0
938 1.0
941 1.0
942 1.4771212547196624
947 1.3010299956639813
948 1.3010299956639813
951 1.3010299956639813
956 1.3010299956639813
959 1.0
964 1.0
965 1.0
982 1.0
991 1.0
993 1.3010299956639813
996 1.3010299956639813
1001 1.0
1002 1.9030899869919435
1010 1.3010299956639813
1021 1.4771212547196624
1026 1.0
1050 1.0
1066 1.3010299956639813
1068 1.6020599913279625
1083 1.0
1085 1.0
1088 1.0
1097 1.0
1098 1.0
1120 1.4771212547196624
1123 1.0
1126 1.0
1127 1.0
1128 1.0
1129 1.3010299956639813
1130 1.3010299956639813
1137 1.0
1138 1.0
1139 1.0
1140 1.3010299956639813
1143 1.0
1144 1.0
1147 1.0
1148 1.0
1162 1.0
1165 1.0
1184 1.0
1190 1.6020599913279625
1206 1.0
1226 1.0
1234 1.0
1237 1.0
1243 1.0
1244 1.0
1252 1.4771212547196624
1258 1.0
1262 1.0
1264 1.4771212547196624
1270 1.0
1271 1.0
1277 1.0
1278 1.0
1280 1.4771212547196624
1284 1.0
1285 1.0
1297 1.3010299956639813
1298 2.0
1299 1.6989700043360187
1305 1.4771212547196624
1307 1.0
1313 1.0
1318 1.0
1322 1.3010299956639813
