3 1.0
12 1.0
118 1.0
136 1.3010299956639813
175 1.0
200 1.0
201 1.0
210 1.0
213 1.0
216 1.0
220 1.0
224 1.3010299956639813
226 1.0
228 1.3010299956639813
235 1.0
256 1.3010299956639813
291 1.0
297 2.0413926851582254
316 1.0
324 1.0
325 1.0
330 1.0
388 1.0
463 1.0
510 1.0
527 1.0
537 1.0
546 1.0
659 1.0
694 1.0
708 1.0
742 1.3010299956639813
755 1.3010299956639813
756 1.4771212547196624
761 1.3010299956639813
769 1.0
810 1.4771212547196624
884 1.3010299956639813
895 1.0
918 1.0
943 1.7781512503836436
944 1.7781512503836436
1010 1.0
1014 1.0
1020 1.0
1077 1.0
1080 1.0
1104 1.0
1149 1.4771212547196624
1150 1.4771212547196624
1196 1.0
1214 1.6020599913279625
1244 1.0
1250 1.0
1308 1.0
