6 1.0
15 1.0
36 1.0
45 1.3010299956639813
47 1.4771212547196624
48 1.0
58 1.0
75 1.4771212547196624
81 1.0
84 1.0
86 1.0
90 1.0
96 1.0
105 1.4771212547196624
109 1.0
120 1.0
121 1.0
123 1.3010299956639813
124 1.3010299956639813
139 1.0
145 1.0
146 1.3010299956639813
158 1.9030899869919435
173 1.0
176 1.0
200 1.0
201 1.0
210 1.0
212 1.0
220 1.0
221 1.0
225 1.0
231 1.4771212547196624
235 1.0
243 1.0
245 1.0
247 1.0
256 1.0
259 1.3010299956639813
261 1.0
268 1.0
271 1.0
273 1.3010299956639813
278 1.0
284 1.0
286 1.0
289 1.4771212547196624
297 1.3010299956639813
309 1.0
310 1.0
313 1.3010299956639813
322 1.3010299956639813
333 1.0
346 1.3010299956639813
350 1.0
362 1.0
364 1.0
367 1.0
385 1.0
396 1.0
398 1.0
399 1.0
400 1.0
401 1.0
409 1.0
421 1.0
427 1.3010299956639813
429 1.0
434 1.3010299956639813
436 1.3010299956639813
440 1.3010299956639813
441 1.3010299956639813
444 1.0
446 1.0
447 1.0
457 1.0
464 1.0
468 1.6020599913279625
472 1.0
490 1.0
492 1.0
497 1.0
498 1.3010299956639813
499 1.3010299956639813
505 1.0
506 1.0
510 1.0
517 1.0
523 1.0
526 1.3010299956639813
537 1.0
540 1.0
542 1.0
543 1.0
544 1.0
545 1.0
546 1.0
550 1.3010299956639813
553 1.0
558 1.0
565 2.0
567 1.0
580 1.6020599913279625
581 1.3010299956639813
586 1.0
587 1.0
592 1.0
597 1.4771212547196624
598 1.4771212547196624
599 1.0
605 1.0
606 1.0
611 1.0
613 1.0
615 1.0
633 1.0
634 1.4771212547196624
636 1.3010299956639813
637 1.3010299956639813
651 1.0
656 1.0
657 1.0
658 1.0
659 1.0
669 1.0
680 1.0
681 1.0
684 1.0
686 1.0
687 1.0
694 1.3010299956639813
713 1.0
714 1.0
715 1.0
717 1.0
733 2.278753600952829
736 1.0
742 1.0
743 1.3010299956639813
745 1.0
747 1.0
749 1.0
761 1.0
764 1.0
765 1.3010299956639813
769 1.0
773 1.0
774 1.0
793 1.0
807 1.4771212547196624
814 1.6020599913279625
815 1.0
837 1.4771212547196624
839 1.0
840 1.0
841 1.0
845 1.6989700043360187
851 1.7781512503836436
855 1.4771212547196624
866 1.0
867 1.0
871 1.0
885 1.0
891 1.0
893 1.0
895 1.3010299956639813
897 1.3010299956639813
904 1.0
906 1.0
911 1.3010299956639813
914 1.3010299956639813
918 1.3010299956639813
929 1.0
935 1.0
940 1.3010299956639813
948 1.0
963 1.0
1037 1.0
1043 1.0
1047 1.0
1049 1.0
1055 1.0
1061 1.0
1066 1.0
1079 1.0
1084 1.3010299956639813
1096 1.0
1103 1.0
1113 1.0
1117 1.0
1118 1.0
1160 1.0
1161 1.0
1184 1.0
1194 1.0
1198 1.0
1204 1.0
1207 1.0
1218 1.3010299956639813
1223 1.0
1227 1.0
1228 1.0
1238 1.0
1239 1.0
1240 1.0
1262 1.0
1263 1.0
1264 1.0
1277 1.0
1285 1.3010299956639813
1295 1.0
1298 1.3010299956639813
1303 1.0
1304 1.3010299956639813
1314 1.3010299956639813
1317 1.4771212547196624
1318 1.0
1321 1.0
1322 1.0
