108 1.0
122 1.0
207 1.0
265 1.6020599913279625
277 1.0
314 1.0
327 1.0
350 1.0
352 1.7781512503836436
354 1.0
367 1.0
431 1.0
443 1.4771212547196624
500 1.0
541 1.3010299956639813
555 1.3010299956639813
566 1.3010299956639813
587 1.0
591 1.0
594 1.0
605 1.3010299956639813
606 1.3010299956639813
625 1.9542425094393248
644 1.4771212547196624
656 1.0
671 1.0
674 1.0
675 1.0
703 1.0
707 1.3010299956639813
723 1.0
731 1.4771212547196624
735 1.0
748 1.0
759 1.3010299956639813
772 1.0
815 1.0
839 1.0
840 1.0
848 1.0
853 1.0
854 1.0
868 1.0
869 1.0
882 1.3010299956639813
898 1.3010299956639813
910 1.0
919 1.3010299956639813
924 1.6020599913279625
939 1.0
942 1.0
947 1.3010299956639813
965 1.3010299956639813
979 1.3010299956639813
984 1.0
990 1.3010299956639813
993 1.0
1000 1.0
1002 1.0
1016 1.0
1026 1.0
1032 1.0
1037 1.0
1056 1.4771212547196624
1080 1.0
1092 1.3010299956639813
1119 1.0
1129 1.3010299956639813
1130 1.3010299956639813
1140 1.3010299956639813
1150 1.0
1156 1.0
1164 1.0
1185 1.0
1188 1.0
1190 1.0
1218 1.0
1230 1.4771212547196624
1235 1.0
1265 1.3010299956639813
1304 1.3010299956639813
1313 1.0
