28 1.3010299956639813
34 1.3010299956639813
42 1.0
56 1.0
66 1.0
113 1.3010299956639813
114 1.3010299956639813
136 1.3010299956639813
157 1.0
158 1.0
171 1.0
172 1.6020599913279625
209 1.4771212547196624
211 1.6020599913279625
215 1.3010299956639813
222 1.3010299956639813
224 1.3010299956639813
231 1.0
234 1.0
238 1.6989700043360187
244 1.3010299956639813
247 1.3010299956639813
261 1.0
297 1.0
310 1.0
314 1.0
337 1.0
346 1.3010299956639813
367 1.0
420 1.3010299956639813
424 1.0
449 1.3010299956639813
450 1.3010299956639813
460 1.0
474 1.0
475 1.0
487 1.0
498 1.0
532 1.0
540 1.0
541 1.3010299956639813
550 1.0
558 1.0
565 1.4771212547196624
567 1.0
572 1.3010299956639813
575 1.4771212547196624
592 1.0
602 1.0
603 1.0
615 1.0
633 1.0
640 1.9030899869919435
661 1.0
676 1.0
679 1.0
681 1.0
710 1.3010299956639813
716 1.0
718 1.0
720 1.3010299956639813
738 1.0
769 1.3010299956639813
786 1.0
795 1.3010299956639813
823 1.0
829 1.0
837 1.0
846 1.3010299956639813
851 1.4771212547196624
889 1.0
890 1.0
893 1.0
911 1.4771212547196624
916 1.0
922 1.0
929 1.3010299956639813
994 1.0
1020 1.0
1028 1.0
1060 1.0
1062 1.3010299956639813
1065 1.0
1088 1.0
1103 1.0
1104 1.0
1110 1.6020599913279625
1183 1.3010299956639813
1191 1.0
1224 1.0
1269 1.6020599913279625
1285 1.0
1293 1.0
