3 2.230448921378274
11 1.0
34 2.079181246047625
37 2.146128035678238
48 2.0413926851582254
50 1.4771212547196624
59 1.6020599913279625
60 1.6020599913279625
61 1.0
64 1.0
70 1.0
74 1.4771212547196624
79 1.845098040014257
80 1.0
84 2.342422680822206
90 2.079181246047625
91 2.1760912590556813
94 1.0
99 1.7781512503836436
115 2.0413926851582254
118 2.1760912590556813
122 1.0
123 1.7781512503836436
124 1.7781512503836436
136 2.278753600952829
142 1.0
158 1.9542425094393248
159 1.0
171 1.7781512503836436
172 1.4771212547196624
173 1.3010299956639813
182 2.0
183 1.9542425094393248
189 1.0
205 1.3010299956639813
206 1.0
209 2.230448921378274
210 2.0
211 2.255272505103306
215 1.6020599913279625
216 1.9030899869919435
217 1.9542425094393248
218 1.6989700043360187
220 2.0
222 1.845098040014257
224 1.7781512503836436
225 1.4771212547196624
226 1.6020599913279625
228 1.6020599913279625
230 1.0
231 1.9542425094393248
233 1.0
238 1.4771212547196624
243 1.3010299956639813
244 1.3010299956639813
247 1.3010299956639813
254 1.0
255 1.4771212547196624
256 1.0
259 1.9542425094393248
272 1.4771212547196624
278 1.0
290 1.0
309 1.9542425094393248
313 2.0413926851582254
325 1.3010299956639813
329 1.0
344 1.0
351 1.3010299956639813
364 1.0
388 1.0
390 1.4771212547196624
393 1.6020599913279625
394 1.7781512503836436
403 1.6989700043360187
409 2.113943352306837
412 1.9542425094393248
414 1.6989700043360187
420 1.0
425 1.6989700043360187
427 2.1760912590556813
428 1.9030899869919435
436 1.7781512503836436
437 1.6020599913279625
440 2.0413926851582254
444 1.0
446 1.9542425094393248
447 1.6989700043360187
448 1.3010299956639813
455 2.0413926851582254
456 1.3010299956639813
457 2.0413926851582254
459 1.4771212547196624
460 1.0
461 1.7781512503836436
462 1.845098040014257
463 1.9030899869919435
464 1.0
467 1.4771212547196624
468 2.079181246047625
469 1.845098040014257
470 1.3010299956639813
472 1.7781512503836436
475 1.3010299956639813
476 1.4771212547196624
478 1.6989700043360187
479 1.0
480 1.845098040014257
481 1.4771212547196624
484 1.6020599913279625
487 2.0
489 1.3010299956639813
490 1.4771212547196624
491 1.4771212547196624
493 1.845098040014257
494 1.7781512503836436
496 1.0
500 1.3010299956639813
501 1.3010299956639813
502 1.3010299956639813
506 2.4313637641589874
509 1.9030899869919435
510 1.7781512503836436
512 1.0
519 1.0
520 1.3010299956639813
521 1.3010299956639813
523 1.3010299956639813
524 1.6020599913279625
526 1.9030899869919435
528 1.7781512503836436
531 1.4771212547196624
532 1.7781512503836436
533 1.9030899869919435
535 1.0
543 1.0
544 1.0
550 1.0
553 1.9030899869919435
556 1.3010299956639813
557 1.0
558 1.4771212547196624
560 2.079181246047625
564 1.6020599913279625
566 1.9030899869919435
567 1.4771212547196624
568 1.6020599913279625
569 1.6020599913279625
572 2.1760912590556813
580 1.3010299956639813
581 1.7781512503836436
587 1.7781512503836436
590 1.6020599913279625
597 1.3010299956639813
598 1.3010299956639813
599 1.9542425094393248
600 1.4771212547196624
601 2.204119982655925
605 1.0
606 1.0
608 1.0
613 1.7781512503836436
615 1.845098040014257
619 1.0
629 1.4771212547196624
631 1.9030899869919435
635 1.3010299956639813
637 1.0
645 1.0
649 1.6020599913279625
652 1.3010299956639813
657 1.0
664 1.0
666 1.3010299956639813
669 1.6020599913279625
679 2.0413926851582254
681 2.1760912590556813
683 1.3010299956639813
685 1.9030899869919435
686 1.9542425094393248
690 1.3010299956639813
693 2.0413926851582254
694 1.3010299956639813
703 1.4771212547196624
707 1.3010299956639813
710 1.6989700043360187
714 2.1760912590556813
715 1.0
716 1.9542425094393248
718 1.4771212547196624
719 1.6989700043360187
720 1.6989700043360187
722 1.3010299956639813
727 1.0
731 1.0
734 1.0
742 1.4771212547196624
744 1.6020599913279625
758 1.3010299956639813
768 1.6989700043360187
770 1.3010299956639813
773 1.3010299956639813
778 1.0
779 1.0
782 1.6989700043360187
785 1.7781512503836436
786 1.4771212547196624
788 2.3222192947339195
790 2.204119982655925
797 1.0
800 1.0
824 1.0
825 1.0
848 1.3010299956639813
850 1.0
855 1.0
867 1.0
881 1.0
882 1.0
889 1.0
890 1.0
910 1.0
919 1.0
926 1.0
929 1.0
938 1.6989700043360187
942 1.845098040014257
943 1.3010299956639813
944 1.3010299956639813
955 1.3010299956639813
989 1.0
994 1.0
1029 2.0
1036 1.0
1040 1.0
1042 1.0
1050 1.0
1052 1.0
1068 1.0
1072 1.6989700043360187
1079 1.0
1080 1.3010299956639813
1096 1.3010299956639813
1119 1.4771212547196624
1141 1.0
1142 1.0
1147 1.3010299956639813
1148 1.3010299956639813
1160 1.0
1161 1.4771212547196624
1176 1.0
1190 1.6989700043360187
1191 1.3010299956639813
1198 1.0
1213 1.0
1228 1.0
1231 1.0
1235 1.4771212547196624
1238 1.3010299956639813
1243 2.4313637641589874
1244 1.0
1245 2.278753600952829
1249 1.6989700043360187
1250 1.3010299956639813
1251 1.0
1252 1.9030899869919435
1254 2.278753600952829
1255 1.0
1256 1.0
1257 1.6020599913279625
1259 2.4471580313422194
1262 1.0
1263 1.6989700043360187
1264 1.4771212547196624
1265 1.3010299956639813
1266 1.0
1267 1.3010299956639813
1268 1.9542425094393248
1269 1.4771212547196624
1270 1.7781512503836436
1271 1.6989700043360187
1272 1.6020599913279625
1273 1.6020599913279625
1279 1.0
1280 1.0
1281 1.6020599913279625
1282 1.3010299956639813
1284 1.6020599913279625
1285 2.3010299956639813
1286 1.845098040014257
1287 1.3010299956639813
1289 2.079181246047625
1292 1.0
1293 2.3010299956639813
1294 1.7781512503836436
1295 1.4771212547196624
1297 1.4771212547196624
1298 2.113943352306837
1299 1.3010299956639813
1303 1.0
1304 1.9542425094393248
1305 1.6020599913279625
1307 1.6020599913279625
1308 1.845098040014257
1309 1.6020599913279625
1310 1.845098040014257
1311 1.6989700043360187
1312 1.845098040014257
1313 1.6020599913279625
1314 1.0
1315 1.3010299956639813
1316 1.0
1317 1.845098040014257
1318 2.0413926851582254
1320 1.9542425094393248
1321 2.278753600952829
1322 1.6020599913279625
1323 1.0
1324 1.4771212547196624
