15 1.0
29 1.0
41 1.3010299956639813
47 1.3010299956639813
56 1.6020599913279625
62 1.3010299956639813
69 1.3010299956639813
81 1.4771212547196624
103 1.3010299956639813
119 1.0
147 1.0
148 1.4771212547196624
158 1.0
176 2.079181246047625
179 1.0
182 1.0
192 1.4771212547196624
194 1.0
210 1.0
219 1.4771212547196624
231 1.0
236 1.6989700043360187
237 2.0
248 1.0
260 1.0
267 1.3010299956639813
268 1.6020599913279625
283 1.0
284 1.0
290 1.0
293 1.4771212547196624
299 1.0
311 1.6020599913279625
313 1.4771212547196624
322 1.0
337 2.5563025007672873
339 1.3010299956639813
341 1.6020599913279625
353 1.3010299956639813
361 1.0
374 1.0
375 1.3010299956639813
384 1.4771212547196624
393 1.3010299956639813
395 1.0
399 1.3010299956639813
403 1.0
409 1.3010299956639813
436 1.0
500 1.0
509 1.7781512503836436
518 2.113943352306837
524 1.3010299956639813
534 1.0
538 1.0
540 1.0
551 1.0
564 1.0
568 1.0
569 1.0
601 1.0
605 1.6020599913279625
606 1.6020599913279625
659 1.0
671 1.0
679 1.3010299956639813
681 1.0
685 1.0
698 1.0
699 1.0
704 1.0
705 1.0
706 1.4771212547196624
710 1.0
717 1.0
732 1.0
738 1.0
742 1.0
764 1.3010299956639813
779 1.6020599913279625
790 1.0
826 1.3010299956639813
858 1.0
927 1.0
932 1.4771212547196624
941 1.0
942 1.7781512503836436
1015 1.0
1016 1.3010299956639813
1022 1.4771212547196624
1042 1.4771212547196624
1089 1.0
1095 1.0
1127 1.0
1128 1.0
1129 2.146128035678238
1130 2.146128035678238
1143 1.3010299956639813
1144 1.3010299956639813
1147 1.3010299956639813
1148 1.3010299956639813
1162 1.0
1172 1.0
1176 1.0
1203 1.0
1216 1.0
1218 1.3010299956639813
1234 1.0
1235 1.4771212547196624
1236 1.0
1238 1.4771212547196624
1264 1.0
1293 1.0
1306 1.0
1312 1.0
