3 1.0
5 1.0
7 1.0
11 1.0
13 1.4771212547196624
31 1.3010299956639813
33 1.0
38 1.0
45 1.3010299956639813
47 1.7781512503836436
50 1.3010299956639813
56 1.7781512503836436
57 1.3010299956639813
65 1.4771212547196624
67 1.0
70 1.3010299956639813
73 1.4771212547196624
86 1.0
100 1.0
119 1.0
127 1.0
137 1.4771212547196624
142 1.0
146 1.0
159 1.0
161 1.3010299956639813
176 1.3010299956639813
186 1.0
187 1.0
195 1.0
200 1.0
229 1.3010299956639813
239 1.0
244 1.3010299956639813
265 1.9030899869919435
273 1.6020599913279625
277 1.0
284 1.0
288 1.0
291 1.6020599913279625
297 1.0
302 1.6020599913279625
310 1.6989700043360187
311 1.4771212547196624
312 1.6989700043360187
316 1.3010299956639813
332 1.0
343 1.9030899869919435
346 1.4771212547196624
368 1.3010299956639813
379 2.0
380 1.6020599913279625
399 1.0
400 1.3010299956639813
401 1.4771212547196624
402 1.0
409 1.0
417 1.4771212547196624
420 1.3010299956639813
425 1.0
426 1.0
433 1.4771212547196624
434 1.3010299956639813
442 1.3010299956639813
449 1.0
452 1.0
453 1.4771212547196624
463 1.6020599913279625
465 1.0
467 1.4771212547196624
472 1.0
474 1.9030899869919435
487 1.3010299956639813
488 1.3010299956639813
494 1.0
500 1.3010299956639813
503 1.3010299956639813
506 1.6020599913279625
520 1.0
521 1.0
538 1.0
543 1.6020599913279625
544 1.6020599913279625
548 1.0
550 1.9030899869919435
552 1.0
555 1.0
557 1.0
558 1.3010299956639813
565 1.6020599913279625
567 1.4771212547196624
587 1.3010299956639813
589 1.3010299956639813
592 1.3010299956639813
622 1.3010299956639813
626 1.3010299956639813
632 1.0
639 1.0
642 1.0
652 1.0
657 1.7781512503836436
658 1.3010299956639813
659 1.0
661 1.4771212547196624
662 1.0
663 1.0
668 1.0
676 1.4771212547196624
677 1.6020599913279625
681 1.0
687 1.6020599913279625
693 1.0
694 1.6989700043360187
696 1.6020599913279625
698 1.4771212547196624
699 1.0
704 1.0
707 1.3010299956639813
708 1.0
710 1.3010299956639813
720 1.0
723 1.6020599913279625
725 1.0
738 1.9030899869919435
740 1.0
741 1.0
742 1.6020599913279625
746 1.0
749 1.6989700043360187
751 1.0
753 1.0
755 1.0
758 1.9030899869919435
764 1.0
770 1.3010299956639813
772 1.3010299956639813
779 1.4771212547196624
788 1.0
793 1.7781512503836436
795 1.6989700043360187
797 1.3010299956639813
800 1.7781512503836436
801 1.3010299956639813
802 1.3010299956639813
803 1.3010299956639813
809 1.3010299956639813
813 1.3010299956639813
814 1.0
820 1.0
821 1.0
822 1.0
826 1.3010299956639813
827 1.0
831 1.0
839 1.3010299956639813
840 1.3010299956639813
842 1.3010299956639813
845 2.079181246047625
861 1.0
864 1.0
867 1.3010299956639813
871 1.4771212547196624
877 1.3010299956639813
880 1.0
885 1.3010299956639813
893 1.9030899869919435
895 1.0
896 1.6020599913279625
897 1.0
898 1.3010299956639813
901 1.0
906 2.380211241711606
907 1.3010299956639813
908 1.3010299956639813
914 1.6989700043360187
931 1.3010299956639813
939 1.3010299956639813
940 1.0
950 1.3010299956639813
963 1.0
964 1.845098040014257
967 1.3010299956639813
979 1.3010299956639813
983 1.6989700043360187
989 1.0
995 1.0
1002 2.0413926851582254
1005 1.0
1008 1.9542425094393248
1014 1.4771212547196624
1020 1.3010299956639813
1027 1.0
1028 1.7781512503836436
1036 1.6020599913279625
1039 1.3010299956639813
1042 1.6020599913279625
1043 1.3010299956639813
1044 1.3010299956639813
1050 1.3010299956639813
1055 1.845098040014257
1064 1.7781512503836436
1065 1.6989700043360187
1068 1.0
1074 1.0
1075 1.0
1078 1.4771212547196624
1079 1.0
1083 1.6989700043360187
1086 1.4771212547196624
1089 2.0
1096 1.3010299956639813
1103 1.3010299956639813
1104 1.0
1109 1.0
1111 1.3010299956639813
1112 1.3010299956639813
1121 1.3010299956639813
1122 1.0
1124 1.3010299956639813
1125 1.0
1129 1.9030899869919435
1130 1.9030899869919435
1147 1.3010299956639813
1148 1.3010299956639813
1153 1.0
1155 1.0
1161 1.0
1162 1.0
1167 1.845098040014257
1170 1.6020599913279625
1182 1.0
1186 1.3010299956639813
1187 1.0
1189 1.9030899869919435
1190 1.0
1194 1.3010299956639813
1197 1.4771212547196624
1198 1.3010299956639813
1199 1.6020599913279625
1203 1.4771212547196624
1204 1.6989700043360187
1209 1.0
1212 1.0
1214 1.3010299956639813
1221 1.9542425094393248
1222 1.6020599913279625
1225 1.4771212547196624
1226 1.3010299956639813
1238 1.845098040014257
1243 1.0
1244 1.0
1247 2.079181246047625
1250 1.0
1251 1.0
1256 1.3010299956639813
1268 1.6989700043360187
1272 1.0
1274 1.0
1289 1.3010299956639813
1292 1.3010299956639813
1293 1.0
1300 1.3010299956639813
1302 1.4771212547196624
1304 1.3010299956639813
1309 1.0
1311 1.3010299956639813
1312 1.0
1318 1.7781512503836436
1320 1.0
