0 1.0
100 1.3010299956639813
104 1.0
107 1.9542425094393248
161 1.4771212547196624
173 1.0
185 1.4771212547196624
215 1.0
230 1.4771212547196624
231 1.6020599913279625
243 1.0
251 1.0
258 1.3010299956639813
259 1.3010299956639813
296 1.3010299956639813
302 1.0
313 1.0
319 1.3010299956639813
354 1.0
361 1.0
385 1.0
422 1.3010299956639813
443 1.0
446 1.0
457 1.0
491 1.3010299956639813
523 1.0
573 1.0
574 1.0
595 1.6020599913279625
623 1.0
648 1.9030899869919435
664 1.3010299956639813
694 1.0
696 2.204119982655925
703 1.0
709 1.0
721 1.0
737 1.0
739 1.3010299956639813
821 1.0
839 1.0
840 1.0
902 1.0
905 1.0
915 1.0
1014 1.0
1028 1.0
1073 1.3010299956639813
1101 1.0
1147 1.0
1148 1.0
1149 1.0
1150 1.0
1160 1.3010299956639813
1165 1.0
1173 1.3010299956639813
1202 1.3010299956639813
1233 1.0
1251 1.0
1265 1.0
1277 1.0
1300 1.0
