20 1.0
67 1.3010299956639813
77 1.0
79 1.0
131 1.3010299956639813
171 1.3010299956639813
191 1.0
298 1.0
313 1.4771212547196624
319 1.3010299956639813
323 1.0
329 1.6020599913279625
331 1.0
381 1.6020599913279625
459 1.3010299956639813
511 1.0
531 1.4771212547196624
537 1.0
589 1.0
596 1.7781512503836436
609 1.0
630 1.3010299956639813
682 1.0
688 2.633468455579586
690 2.6627578316815743
696 2.361727836017593
706 1.4771212547196624
727 1.0
787 1.0
824 2.8195439355418688
825 2.8195439355418688
963 1.0
969 1.3010299956639813
978 1.0
983 1.3010299956639813
991 1.4771212547196624
1005 1.0
1021 1.3010299956639813
1097 1.0
1164 1.0
1227 1.0
1251 1.0
1285 1.0
1305 1.0
1313 1.3010299956639813
