2 1.0
5 1.6989700043360187
6 1.7781512503836436
7 1.3010299956639813
9 1.0
11 1.0
13 1.0
15 1.4771212547196624
18 1.0
21 1.4771212547196624
25 1.0
27 1.3010299956639813
34 1.6989700043360187
41 1.6020599913279625
45 1.4771212547196624
48 1.6020599913279625
50 1.0
56 1.6020599913279625
58 1.6020599913279625
59 1.3010299956639813
60 1.3010299956639813
62 1.6020599913279625
68 1.0
69 1.3010299956639813
74 1.0
79 1.3010299956639813
84 1.3010299956639813
90 1.4771212547196624
91 1.0
93 1.3010299956639813
94 1.4771212547196624
100 1.3010299956639813
101 1.6020599913279625
103 1.6020599913279625
104 1.3010299956639813
108 1.4771212547196624
109 1.6020599913279625
110 1.0
111 1.0
113 1.4771212547196624
114 1.4771212547196624
117 1.6020599913279625
126 1.0
135 1.0
136 1.0
137 1.0
138 1.0
143 1.0
146 1.4771212547196624
149 2.1760912590556813
150 1.6020599913279625
157 1.0
159 1.3010299956639813
162 1.3010299956639813
165 1.0
166 1.0
169 1.3010299956639813
170 1.6020599913279625
176 1.3010299956639813
178 1.0
179 1.0
187 1.0
188 1.6020599913279625
189 1.6020599913279625
190 1.6020599913279625
193 2.0413926851582254
195 1.0
205 1.0
213 1.0
233 1.4771212547196624
236 1.3010299956639813
245 1.4771212547196624
248 1.3010299956639813
262 1.0
267 1.0
276 1.6989700043360187
280 1.3010299956639813
286 1.3010299956639813
298 1.0
304 1.3010299956639813
305 1.0
306 1.0
323 1.0
325 1.0
326 1.3010299956639813
334 1.0
340 1.3010299956639813
341 1.845098040014257
343 1.3010299956639813
349 1.3010299956639813
353 1.9030899869919435
364 1.6989700043360187
368 1.0
369 1.0
375 1.4771212547196624
378 1.3010299956639813
379 1.3010299956639813
384 1.6020599913279625
386 1.3010299956639813
399 1.3010299956639813
402 1.4771212547196624
404 1.6020599913279625
408 1.3010299956639813
409 1.4771212547196624
411 1.0
418 1.0
422 1.0
424 1.0
430 1.0
432 1.7781512503836436
438 1.0
446 1.6989700043360187
448 1.0
450 1.6020599913279625
456 1.0
463 1.0
466 1.3010299956639813
473 1.3010299956639813
477 1.0
481 1.3010299956639813
482 1.0
486 1.3010299956639813
494 1.3010299956639813
497 1.3010299956639813
507 1.4771212547196624
508 1.0
513 1.0
527 1.4771212547196624
534 1.7781512503836436
541 1.0
545 1.3010299956639813
550 1.4771212547196624
554 1.6020599913279625
559 1.3010299956639813
571 1.3010299956639813
586 1.7781512503836436
588 1.4771212547196624
640 1.4771212547196624
643 1.0
650 1.3010299956639813
664 1.3010299956639813
676 1.4771212547196624
680 1.4771212547196624
682 1.6020599913279625
689 1.4771212547196624
692 1.6020599913279625
698 1.4771212547196624
703 1.3010299956639813
705 1.4771212547196624
712 1.0
717 1.4771212547196624
728 1.3010299956639813
733 2.3010299956639813
739 1.7781512503836436
744 1.3010299956639813
750 1.0
769 1.6020599913279625
773 1.4771212547196624
783 1.0
787 1.0
788 1.7781512503836436
790 1.6020599913279625
799 1.0
800 1.0
811 1.4771212547196624
813 1.0
824 1.7781512503836436
825 1.7781512503836436
829 1.3010299956639813
842 1.0
850 1.0
856 1.3010299956639813
862 1.3010299956639813
866 1.4771212547196624
868 1.3010299956639813
869 1.3010299956639813
874 1.3010299956639813
875 1.6020599913279625
876 1.3010299956639813
881 1.0
885 1.7781512503836436
889 1.4771212547196624
890 1.4771212547196624
895 1.4771212547196624
906 1.4771212547196624
924 1.4771212547196624
929 1.6989700043360187
940 1.4771212547196624
1005 1.6989700043360187
1011 1.3010299956639813
1012 1.3010299956639813
1015 1.4771212547196624
1016 1.7781512503836436
1020 1.0
1022 1.0
1046 1.0
1047 1.3010299956639813
1048 1.3010299956639813
1051 1.6020599913279625
1053 1.6020599913279625
1054 1.6989700043360187
1057 1.6989700043360187
1058 1.6989700043360187
1074 1.3010299956639813
1075 1.3010299956639813
1094 1.0
1095 1.6989700043360187
1097 1.0
1099 1.4771212547196624
1104 1.3010299956639813
1107 1.0
1111 1.3010299956639813
1112 1.3010299956639813
1114 1.9030899869919435
1115 1.0
1116 1.0
1117 1.4771212547196624
1118 1.4771212547196624
1127 1.6020599913279625
1128 1.6020599913279625
1129 2.146128035678238
1130 2.146128035678238
1135 1.7781512503836436
1136 1.7781512503836436
1139 1.6020599913279625
1140 1.7781512503836436
1143 1.3010299956639813
1144 1.3010299956639813
1147 1.9542425094393248
1148 1.9542425094393248
1149 1.845098040014257
1150 2.0
1151 1.3010299956639813
1154 1.0
1155 1.6020599913279625
1156 1.0
1162 1.0
1166 1.9030899869919435
1170 1.3010299956639813
1172 1.3010299956639813
1173 1.3010299956639813
1176 1.0
1177 1.3010299956639813
1180 1.3010299956639813
1184 1.4771212547196624
1191 1.0
1197 1.0
1202 1.3010299956639813
1207 1.6020599913279625
1221 1.0
1222 1.3010299956639813
1227 1.3010299956639813
1229 1.0
1234 1.3010299956639813
1241 1.0
1254 1.6020599913279625
1260 1.6989700043360187
1271 1.3010299956639813
1273 1.4771212547196624
1277 1.3010299956639813
1289 1.3010299956639813
1297 1.0
1298 1.7781512503836436
1318 1.6989700043360187
1322 1.3010299956639813
