21 1.4771212547196624
33 1.0
40 1.3010299956639813
41 1.0
45 1.0
46 1.0
47 1.3010299956639813
50 1.4771212547196624
69 1.0
83 1.0
93 1.4771212547196624
96 1.6989700043360187
107 1.0
108 1.4771212547196624
117 1.0
122 1.0
136 1.0
141 1.0
157 1.6020599913279625
163 1.0
175 1.0
176 1.4771212547196624
185 1.0
211 1.0
221 1.0
222 1.0
225 1.0
230 1.845098040014257
236 1.4771212547196624
237 1.0
238 1.0
246 1.0
271 1.0
286 1.4771212547196624
288 1.0
296 1.0
301 1.0
316 1.0
318 1.0
322 1.0
324 1.0
352 1.6020599913279625
360 1.4771212547196624
369 1.0
375 1.3010299956639813
376 1.3010299956639813
384 1.0
394 1.6020599913279625
409 1.4771212547196624
425 1.6020599913279625
428 1.0
429 1.3010299956639813
438 1.4771212547196624
440 1.7781512503836436
446 1.0
451 1.0
453 1.0
459 1.0
480 1.0
486 1.0
487 1.4771212547196624
492 1.0
511 1.3010299956639813
521 1.3010299956639813
522 1.0
525 1.3010299956639813
534 1.845098040014257
546 1.0
548 1.0
554 1.0
559 1.0
565 1.4771212547196624
566 1.3010299956639813
571 1.0
577 1.3010299956639813
596 1.0
608 1.0
609 1.0
610 1.0
615 1.9542425094393248
622 1.0
642 1.3010299956639813
644 1.0
656 1.0
665 1.6020599913279625
669 1.0
680 1.3010299956639813
696 1.0
697 1.4771212547196624
698 1.0
716 1.0
738 1.0
739 1.0
754 1.0
777 1.0
781 1.3010299956639813
785 1.0
789 1.0
793 1.0
821 1.6020599913279625
842 1.0
848 1.3010299956639813
851 1.0
868 1.6989700043360187
869 1.6989700043360187
875 1.4771212547196624
895 1.3010299956639813
901 1.3010299956639813
904 1.3010299956639813
905 1.0
929 1.0
932 1.0
935 1.3010299956639813
939 1.3010299956639813
941 1.0
948 1.3010299956639813
989 1.4771212547196624
1003 1.0
1006 1.3010299956639813
1020 1.4771212547196624
1029 1.0
1033 1.0
1044 1.6020599913279625
1054 2.0
1057 1.0
1058 1.0
1061 1.0
1069 1.0
1072 1.6989700043360187
1080 1.0
1123 1.0
1125 1.0
1139 1.845098040014257
1140 1.845098040014257
1151 1.0
1155 1.7781512503836436
1173 1.4771212547196624
1189 1.3010299956639813
1196 1.0
1219 1.6020599913279625
1223 1.0
1240 1.0
1242 1.0
1244 1.0
1254 1.0
1256 1.0
1301 1.3010299956639813
1321 1.3010299956639813
