40 1.0
69 2.0413926851582254
74 1.4771212547196624
116 2.113943352306837
185 1.3010299956639813
238 1.9542425094393248
242 1.9542425094393248
351 2.230448921378274
357 1.845098040014257
398 2.278753600952829
490 1.7781512503836436
570 1.6989700043360187
596 1.6020599913279625
721 2.3010299956639813
730 1.3010299956639813
739 2.361727836017593
744 1.9542425094393248
763 1.6989700043360187
867 1.4771212547196624
949 1.4771212547196624
1040 1.3010299956639813
1043 1.0
1110 1.6989700043360187
1117 2.0413926851582254
1118 2.0413926851582254
1137 1.845098040014257
1138 1.845098040014257
1171 1.0
1261 1.3010299956639813
1288 1.7781512503836436
1295 1.4771212547196624
