0 1.3010299956639813
59 1.3010299956639813
60 1.3010299956639813
94 1.0
148 1.0
215 1.0
220 1.0
226 1.4771212547196624
264 1.0
265 1.0
274 1.0
293 1.3010299956639813
302 1.3010299956639813
349 1.0
476 1.0
490 1.0
516 1.0
517 1.0
522 1.0
531 1.0
541 1.0
554 1.0
584 1.0
585 1.0
592 1.3010299956639813
637 1.3010299956639813
644 1.0
647 1.3010299956639813
661 1.3010299956639813
665 1.0
677 1.0
682 1.3010299956639813
689 1.0
692 1.0
703 1.0
704 1.3010299956639813
723 1.4771212547196624
739 1.3010299956639813
757 1.0
759 1.0
797 1.0
813 1.0
845 1.0
864 1.0
893 1.0
895 1.0
897 1.3010299956639813
922 1.0
948 1.0
979 1.0
1019 1.0
1034 1.4771212547196624
1117 1.0
1118 1.0
1141 1.0
1142 1.0
1205 1.0
1209 1.3010299956639813
1213 1.0
1219 1.0
1221 1.0
1249 1.0
1250 1.3010299956639813
1257 1.0
1265 1.3010299956639813
1278 1.0
1285 1.3010299956639813
1288 1.0
1292 1.0
1308 1.0
1310 1.0
1318 1.0
