47 2.079181246047625
75 2.0413926851582254
116 2.146128035678238
127 1.7781512503836436
247 2.3010299956639813
351 2.230448921378274
357 1.845098040014257
429 2.361727836017593
498 2.57978359661681
506 2.0
559 1.6989700043360187
565 2.633468455579586
587 2.278753600952829
589 2.568201724066995
637 1.9030899869919435
671 1.6020599913279625
677 2.4771212547196626
694 2.462397997898956
699 1.6989700043360187
706 2.1760912590556813
721 2.3010299956639813
763 1.6989700043360187
949 1.4771212547196624
1110 1.6989700043360187
1117 2.0413926851582254
1118 2.0413926851582254
1127 2.0
1128 2.0
1257 1.9542425094393248
1261 1.3010299956639813
1275 1.6020599913279625
1288 1.7781512503836436
1290 1.4771212547196624
